2.518557382214881670e+02 1.436907358310153029e+02 2.604865698887343650e-01
2.517850943150208707e+02 1.363100160813630168e+02 2.417017993741307491e-01
2.516766418202364264e+02 1.216977605615438165e+02 2.597976790681502113e-01
2.516611569888734437e+02 1.157036617698191918e+02 2.693519645340751167e-01
2.515923005041724707e+02 1.135862765125173865e+02 2.579559283727398955e-01
2.516528153251043136e+02 1.143131552068845593e+02 2.637061022253129328e-01
2.516917952451321412e+02 1.268675373783031972e+02 2.461730702364395007e-01
2.516992763386648164e+02 1.271256160900556296e+02 2.511528598748261620e-01
2.517652044940890050e+02 1.292223194106397841e+02 2.643395775382475499e-01
2.517637962882475620e+02 1.293155728442280861e+02 2.685902729485396545e-01
2.517575147774687139e+02 1.295115514168984703e+02 2.560229050764951109e-01
2.516025838838664868e+02 1.262846053546592486e+02 2.378314064673157091e-01
2.515775762778164051e+02 1.244610537639082111e+02 2.481865003477051468e-01
2.515510050851877679e+02 1.233263082406119651e+02 2.505313369262864853e-01
2.517162541289985995e+02 1.250992274426286457e+02 2.624826147426981837e-01
2.517705667593880321e+02 1.319727844662726000e+02 2.471205667593880384e-01
2.518871924982614701e+02 1.343746642472183623e+02 2.811924113351877419e-01
2.518263495305980655e+02 1.352871283901251616e+02 2.618263212795549633e-01
2.518670951408205951e+02 1.359613862569541141e+02 2.691846314325452294e-01
2.518817759040333897e+02 1.371604898296244812e+02 2.742024513212795722e-01
2.519120414638386762e+02 1.386772948539638435e+02 2.628205406815020684e-01
2.518967022340055735e+02 1.417514255910987515e+02 2.504726616828928942e-01
2.518931241307371351e+02 1.427342196192628592e+02 2.444041203059805212e-01
2.516804567976355997e+02 1.411079526686369832e+02 2.371609874826147435e-01
2.517322040159944265e+02 1.373590837969401832e+02 2.292191846314325376e-01
2.517257269210709296e+02 1.277333633953407457e+02 2.424363264951321373e-01
2.515324365438108600e+02 1.253689477573018110e+02 2.377977225312934706e-01
2.515585654989568809e+02 1.237299993480528570e+02 2.392439586230876158e-01
2.515560457232267026e+02 1.219327342663421376e+02 2.423961230876217066e-01
2.517221683762169562e+02 1.240858397079276756e+02 2.756801981919332345e-01
2.517934468445758114e+02 1.253539040768428379e+02 2.831286943671766365e-01
2.517752368741307407e+02 1.257165561978442270e+02 2.759659683588316925e-01
2.517597933327538158e+02 1.353140103442280804e+02 2.616111787204450367e-01
2.517933066759387941e+02 1.355799059022948541e+02 2.532564760083449440e-01
2.517250043463143356e+02 1.351785216011822115e+02 2.439825278164116928e-01
2.517305372044506271e+02 1.355296538160639841e+02 2.549384996522948699e-01
2.517758116742002699e+02 1.358607310500695462e+02 2.487743393602225295e-01
2.516890538073713515e+02 1.352853301025730275e+02 2.442194019471488065e-01
2.516705515472878858e+02 1.351362156641168326e+02 2.427579537552155831e-01
2.516102442628650806e+02 1.343987200104311626e+02 2.330385083449235117e-01
2.516195768863004218e+02 1.340681947583449301e+02 2.376336491655076377e-01
2.517763929937412968e+02 1.351530098226703842e+02 2.491263908205841315e-01
2.518507073626564647e+02 1.370126140907510432e+02 2.628640038247566091e-01
2.518926579885257411e+02 1.378955015646731681e+02 2.554035552851182111e-01
2.518696181762865081e+02 1.385533129780945671e+02 2.600801894993046148e-01
2.518732690803198864e+02 1.390001836317802599e+02 2.538367089707927460e-01
2.518131117437413025e+02 1.386843728268428322e+02 2.443889082058414430e-01
2.518056241307371295e+02 1.387127662117524380e+02 2.588045462447844391e-01
2.517961002694714807e+02 1.388608755650208764e+02 2.478931241307371358e-01
2.517841044419332377e+02 1.388894656206536808e+02 2.224965229485396379e-01
2.518115622826842923e+02 1.390768200191237725e+02 2.407043202364395063e-01
2.518194964794853945e+02 1.391087773817802429e+02 2.464479746175243513e-01
2.517457297461752432e+02 1.388202038421418649e+02 2.348107180111265735e-01
2.517033010257301839e+02 1.384740514168984760e+02 2.318834753129346282e-01
2.517241133518776053e+02 1.384381389082058433e+02 2.114384127260083568e-01
2.516928144558414431e+02 1.379594238960361565e+02 2.126032249652294870e-01
2.517162150121696698e+02 1.382806045723226589e+02 2.156152207927677367e-01
2.517839773122392160e+02 1.388036552503477026e+02 2.372511735048678794e-01
2.517763527903337888e+02 1.385977855528511782e+02 2.327266602920723126e-01
2.518976008344923514e+02 1.393759474965229401e+02 2.469206363004172455e-01
2.518698963404033293e+02 1.395414095097357574e+02 2.428753042420027930e-01
2.517943997739916426e+02 1.390438684370653561e+02 2.308881693324061068e-01
2.518420918810848264e+02 1.393656804155076543e+02 2.412965055632823319e-01
2.518433001564673077e+02 1.396949474095966650e+02 2.460557197496522908e-01
2.517906173939499297e+02 1.392419049895688374e+02 2.361635083449235006e-01
2.517457264864395086e+02 1.386241796331710816e+02 2.364329798331015198e-01
2.516906717228789887e+02 1.382866709405424217e+02 2.227681675938803785e-01
2.516635452885952589e+02 1.381165746696801193e+02 2.232832058414464527e-01
2.516161443845618919e+02 1.377335013908205781e+02 2.282673417941585570e-01
2.516079418028511725e+02 1.370694627955493843e+02 2.163714794853963952e-01
2.516077570844923628e+02 1.367033705667593892e+02 2.168071974965229409e-01
2.515794278077190427e+02 1.359093402294853945e+02 2.276447322670375473e-01
2.515442335274687196e+02 1.350415822757301783e+02 2.161661161335187709e-01
2.515233549200278276e+02 1.341548396210014005e+02 2.259692280945757858e-01
2.515507149687065294e+02 1.335700354224617570e+02 2.342174461057023593e-01
2.515931100052155784e+02 1.332694551894992969e+02 2.476855876216967900e-01
2.516304872218358923e+02 1.331961502520862268e+02 2.492948105006954074e-01
2.516609657510431077e+02 1.333875358570931837e+02 2.457449582753824802e-01
2.516283477486091726e+02 1.331457905945758000e+02 2.456721575104311439e-01
2.516594673591794162e+02 1.333443552242698331e+02 2.501553807371348914e-01
2.517108690455493729e+02 1.335636941498609076e+02 2.471205667593880384e-01
2.517439575365090434e+02 1.337467087534770656e+02 2.587936804589707762e-01
2.517516266081362915e+02 1.337942976356050053e+02 2.442509127260083512e-01
2.517193248000695291e+02 1.338784509735744166e+02 2.457666898470097228e-01
2.518214936109179405e+02 1.347775545462447724e+02 2.525458536161335199e-01
2.518479833101529834e+02 1.347001282162725886e+02 2.534629259388038736e-01
2.518058566585535516e+02 1.347776501651599403e+02 2.564227659944366966e-01
2.517879596227399190e+02 1.349228931241307237e+02 2.551362569541029135e-01
2.517845586317802429e+02 1.352595586317802372e+02 2.447148817802503595e-01
2.518103724791376976e+02 1.354926156119610710e+02 2.417767732962447791e-01
2.518550786682892806e+02 1.360804861352573027e+02 2.545734092489568834e-01
2.519241448626564761e+02 1.368764875260778808e+02 2.471988004172461784e-01
2.518625249913073674e+02 1.369200864916550699e+02 2.410867958970792646e-01
2.518706449930458859e+02 1.371609527121001406e+02 2.529239829624478353e-01
2.517716946279554975e+02 1.367291713751738484e+02 2.465653251043115335e-01
2.517215696714186492e+02 1.361188141081362915e+02 2.468836926286508970e-01
2.517466229137691300e+02 1.360501814586230864e+02 2.378998609179415746e-01
2.516688130215577246e+02 1.356422928981224061e+02 2.300645427677329713e-01
2.517029044245479952e+02 1.357604528859527022e+02 2.406228268428372841e-01
2.516340077364394858e+02 1.353644156380389347e+02 2.353648730876216899e-01
2.516757725573713458e+02 1.353793028511821888e+02 2.407140994436717529e-01
2.516788638734353185e+02 1.352965229485396321e+02 2.376064847009735637e-01
2.516428046766342277e+02 1.349459763995131993e+02 2.297385691933240548e-01
2.517068085013908103e+02 1.353815814064673191e+02 2.363992958970792813e-01
2.517828450973574377e+02 1.359847444367176763e+02 2.528153251043115390e-01
2.517938640907510432e+02 1.360991405163421462e+02 2.423102833796940137e-01
2.518014603616133513e+02 1.361907706015298913e+02 2.327962013212795667e-01
2.518087013212795569e+02 1.365209981310848377e+02 2.426036595966620246e-01
2.517926221314325517e+02 1.364758029815716327e+02 2.358614394993045760e-01
2.517992122305285250e+02 1.365618458796940331e+02 2.412063195410291960e-01
2.518034042506954222e+02 1.366661693758692593e+02 2.403044593184979205e-01
2.517335709318497834e+02 1.360132301808066870e+02 2.268482701668984580e-01
2.517150143428372644e+02 1.357857212708622967e+02 2.430306849791376844e-01
2.517309479311543896e+02 1.358501521210014005e+02 2.510039986091794351e-01
2.517494197670375513e+02 1.354654489742698331e+02 2.571507736439499481e-01
2.517987873783031887e+02 1.357670897079276813e+02 2.436924113351877641e-01
2.517909411943671785e+02 1.358754063803894212e+02 2.310859266342141782e-01
2.517847411769819246e+02 1.357675917072322704e+02 2.306491220445062718e-01
2.517700278164116696e+02 1.356404924374130871e+02 2.299037291376912484e-01
2.517912334840055735e+02 1.355851584231571678e+02 2.348378824756606476e-01
2.518031825886648107e+02 1.358851421244784490e+02 2.295147340055632701e-01
2.517746533814325574e+02 1.357709416289985995e+02 2.434414116828929053e-01
2.517134072931154378e+02 1.352566661595966480e+02 2.376532075799721866e-01
2.516414877433936113e+02 1.347783770862308756e+02 2.250586752433935966e-01
2.516318345792767843e+02 1.343394449756606264e+02 2.287943324061195993e-01
2.516017635170375399e+02 1.338669288942976436e+02 2.252010170375521592e-01
2.515733114568845679e+02 1.336567117958970812e+02 2.305165594575799837e-01
2.516284596662030708e+02 1.338500554155076543e+02 2.326831971488177997e-01
2.516204711404728869e+02 1.339189912204450650e+02 2.250586752433935966e-01
2.516558577451321241e+02 1.338598628737830438e+02 2.434359787899861016e-01
2.516231734614047184e+02 1.337084970445062595e+02 2.349878303198887353e-01
2.516011506867176593e+02 1.333208231919332434e+02 2.330298157162725980e-01
2.515877672983310163e+02 1.323357277903338058e+02 2.408651338664812291e-01
2.515410346401251616e+02 1.317627509996522974e+02 2.321062239221140522e-01
2.515419419332406221e+02 1.310883486178720432e+02 2.348357093184979261e-01
2.515325028251043022e+02 1.305377662117524267e+02 2.406771557719054322e-01
2.515531619436717676e+02 1.303642559109874810e+02 2.453733484005563292e-01
2.516015179502781507e+02 1.305635724530598054e+02 2.529435413769123842e-01
2.516962643428372814e+02 1.310198789551460266e+02 2.509659683588317258e-01
2.517616111787204431e+02 1.317131541203059726e+02 2.630378563977746609e-01
2.518359385865785782e+02 1.333719097705146055e+02 2.608679589707927904e-01
2.518735765820584049e+02 1.336640505476356111e+02 2.722846401251738380e-01
2.517266103094575840e+02 1.331068791289985995e+02 2.442596053546592372e-01
2.517472466098748214e+02 1.334424493654381081e+02 2.596542506954103158e-01
2.517154544071627242e+02 1.332249434979137561e+02 2.515429415855354733e-01
2.517113634388038861e+02 1.330466739829624601e+02 2.573659162030598191e-01
2.516836676373435466e+02 1.327738297548678759e+02 2.485852746870653718e-01
2.516532934196801250e+02 1.324742046244784319e+02 2.400871436022253003e-01
2.516526871088317137e+02 1.324115394645340871e+02 2.407336578581363018e-01
2.516484146818498004e+02 1.321440270775382544e+02 2.481473835187760768e-01
2.517298537465229344e+02 1.324276110483310163e+02 2.609907423504868040e-01
2.517540670636300320e+02 1.328579483223226703e+02 2.484288073713490919e-01
2.517281793289290590e+02 1.330150165159944322e+02 2.517493915159944584e-01
2.518478094575799844e+02 1.339161237395688318e+02 2.653327103616133775e-01
2.518890614134214161e+02 1.344725334666203196e+02 2.647894210709318408e-01
2.518675906206536865e+02 1.348266396470792756e+02 2.566922374826147157e-01
2.518570377694714750e+02 1.349485396383866487e+02 2.534118567454798354e-01
2.517981593358831844e+02 1.347091815890125304e+02 2.592772079276773334e-01
2.517427709926981834e+02 1.342680665420723187e+02 2.444258518776077915e-01
2.517617307023643889e+02 1.344595977486091840e+02 2.499760952712100082e-01
2.519043626130041673e+02 1.367967782945062538e+02 2.535444193324061235e-01
2.519813847357440864e+02 1.382988460535465833e+02 2.632845097357440767e-01
2.519345944888734437e+02 1.386510007388734493e+02 2.612569541029207132e-01
2.517730180806675833e+02 1.369918506606397841e+02 2.389016863699582882e-01
2.516345857962447781e+02 1.356993719575799844e+02 2.284281554242002799e-01
2.516878922548678759e+02 1.362708547027121142e+02 2.358516602920723293e-01
2.517452277468706541e+02 1.369235668028511839e+02 2.405858831710709356e-01
2.517890385952712222e+02 1.374228496609874810e+02 2.369914812239221069e-01
2.517737982440890221e+02 1.372516646383866430e+02 2.399480615438108477e-01
2.516751977573018166e+02 1.364665083883866430e+02 2.373837360917941675e-01
2.516563901686369888e+02 1.363085481136995725e+02 2.434033814325451961e-01
2.516361233049373993e+02 1.360425971401251672e+02 2.396698974269819149e-01
2.516245240785813735e+02 1.354117774252434003e+02 2.431317367872044555e-01
2.516525621522948484e+02 1.352960285552851190e+02 2.379835274687065461e-01
2.517163410552851133e+02 1.350448854746175300e+02 2.450375956189151661e-01
2.517532695149513131e+02 1.353338577885952816e+02 2.359646644645340685e-01
2.517770938369262979e+02 1.357679915681502223e+02 2.302362221835883294e-01
2.518438347531293573e+02 1.362472922461752489e+02 2.439140733657858273e-01
2.518164442802503515e+02 1.361679513647426916e+02 2.360754954798331140e-01
2.518384822670375627e+02 1.360052438282336595e+02 2.325245566759387983e-01
2.517934370653685789e+02 1.358964621001390753e+02 2.288128042420027874e-01
2.518156043550069683e+02 1.360785933153685789e+02 2.422907249652294925e-01
2.518040605441585456e+02 1.360155891429068049e+02 2.388060674547983209e-01
2.517365861874130815e+02 1.356741220445062481e+02 2.290149078581363018e-01
2.517592011474269782e+02 1.355798200625869185e+02 2.423896036161335144e-01
2.518158879520166806e+02 1.360230126477746921e+02 2.443595705841446475e-01
2.518716250869262865e+02 1.365870088664812272e+02 2.524404554937413336e-01
2.518911519906119736e+02 1.371699082927677296e+02 2.581460796244784417e-01
2.518879607093184916e+02 1.372998478789986052e+02 2.466316063977746775e-01
2.518481060935326923e+02 1.371856875869262922e+02 2.322018428372739918e-01
2.518775349878303302e+02 1.376928916029207244e+02 2.367806849791376789e-01
2.518586687239221078e+02 1.376404142037552276e+02 2.295201668984701016e-01
2.518136745914464427e+02 1.376091642037552276e+02 2.451994958275382497e-01
2.518317096227399077e+02 1.378360613699582871e+02 2.483864308066759397e-01
2.518305850139082054e+02 1.379872587795549350e+02 2.389962187065368671e-01
2.517967869871349080e+02 1.376877107962447724e+02 2.312760778859527244e-01
2.517826897166202968e+02 1.377049417593880491e+02 2.336708970792767681e-01
2.517158607875521454e+02 1.375095499391516114e+02 2.296635952712100248e-01
2.517050449843532647e+02 1.369562271818497834e+02 2.261539464534075006e-01
2.516278805198192003e+02 1.363905337273991734e+02 2.237330493741307436e-01
2.516962480441585512e+02 1.364774078581363028e+02 2.325126043115438024e-01
2.517236113525730161e+02 1.365170821018776053e+02 2.473715664116828972e-01
2.517495392906814971e+02 1.368138680024339351e+02 2.313532249652294759e-01
2.518054350660639784e+02 1.370609722705146112e+02 2.330754520166898602e-01
2.517435707145340871e+02 1.369572224878303075e+02 2.323865611961057065e-01
2.517076256084839940e+02 1.363045212534770485e+02 2.351377781641168230e-01
2.516963121522948654e+02 1.362047613873435239e+02 2.379954798331015420e-01
2.517249022079276699e+02 1.365031597705145998e+02 2.366579015994436652e-01
2.517516168289290590e+02 1.367362363091098700e+02 2.393906467315716213e-01
2.517941650730180925e+02 1.370187608657858220e+02 2.500554155076495366e-01
2.518368567454798210e+02 1.373391168289290647e+02 2.643113264951321151e-01
2.518468337100138967e+02 1.376086676373435296e+02 2.443758692628650864e-01
2.518531239134214275e+02 1.378489438456189191e+02 2.520807979833101786e-01
2.518683175417246218e+02 1.384651099617524324e+02 2.499826147426982004e-01
2.519052872913769079e+02 1.386804263734353242e+02 2.535248609179415746e-01
2.518066759388038918e+02 1.386899002520862325e+02 2.479920027816411576e-01
2.518503335796244755e+02 1.390237895514603679e+02 2.594488873435326637e-01
2.518649980441585399e+02 1.391297309631432597e+02 2.376890646731571743e-01
2.518217000608484000e+02 1.393681958449234912e+02 2.445540681502086366e-01
2.518462980267732974e+02 1.397625369436717619e+02 2.499619697496522908e-01
2.518695421157858050e+02 1.399587773817802372e+02 2.435163856050069631e-01
2.519067204885257354e+02 1.407398850399860919e+02 2.491926721140472756e-01
2.519005476356049940e+02 1.415648241915855294e+02 2.522274860917941841e-01
2.518944997392211462e+02 1.428048819975660706e+02 2.489797027121001260e-01
2.518705602399165571e+02 1.434043104572322704e+02 2.527620827538247794e-01
2.517700126043115461e+02 1.374020373348400597e+02 2.566118306675938543e-01
2.517941476877607840e+02 1.377337860744088971e+02 2.502140559805285380e-01
2.517250804068150103e+02 1.377144286769819246e+02 2.538747392211404552e-01
2.517349487134909509e+02 1.376143819541029245e+02 2.503531380389429906e-01
2.517550265125173894e+02 1.376825158640472750e+02 2.537758605702364334e-01
2.516907151860222598e+02 1.373652772948539678e+02 2.444932197496522963e-01
2.516346477312239358e+02 1.369127325278164165e+02 2.328787812934631496e-01
2.516437836839360216e+02 1.368743056762864967e+02 2.342522166203059863e-01
2.516545451582058490e+02 1.367286128737830211e+02 2.402914203755215639e-01
2.517484135952712165e+02 1.367682186630737249e+02 2.460481136995827656e-01
2.518027794680111242e+02 1.369787584753129295e+02 2.325256432545201590e-01
2.517604246349095831e+02 1.370806697670375627e+02 2.322724704450625788e-01
2.517995523296244755e+02 1.370390646731571564e+02 2.297385691933240548e-01
2.518009692280945728e+02 1.372187521731571564e+02 2.215881432545201701e-01
2.517976758084144535e+02 1.372707895079972218e+02 2.381139168984700849e-01
2.517651186543810979e+02 1.370986396036161352e+02 2.273372305285118189e-01
2.517231669419332434e+02 1.367561619871349023e+02 2.303698713490959782e-01
2.515943910813629998e+02 1.361192726442976380e+02 2.245621088317107106e-01
2.515610635431154378e+02 1.355321073105006917e+02 2.221281728094575691e-01
2.515541833275382544e+02 1.352150990959666217e+02 2.240525034770514679e-01
2.516026729833101570e+02 1.352933751303894212e+02 2.382464794853963730e-01
2.517307186630737021e+02 1.360371914116828975e+02 2.449148122392211524e-01
2.518294256345618862e+02 1.369320182110570272e+02 2.537660813630041590e-01
2.519005096053546708e+02 1.374477073191933130e+02 2.618621783727398955e-01
2.518778218445758057e+02 1.373930958796940160e+02 2.441868045897079287e-01
2.517890505476356111e+02 1.371435185587621675e+02 2.416376912378303266e-01
2.517729246349096002e+02 1.370188706102225353e+02 2.358451408205841371e-01
2.518003183675243406e+02 1.371544810500695348e+02 2.413888647426981893e-01
2.518098911248261516e+02 1.371994349791376919e+02 2.422048852573017996e-01
2.518325093445758114e+02 1.376041757214881898e+02 2.404783118915160001e-01
2.519134322844228109e+02 1.386408477486091897e+02 2.489373261474269738e-01
2.519694780076495135e+02 1.401891809370653732e+02 2.643852138386648121e-01
2.520052785987482480e+02 1.415387039290681628e+02 2.685522426981919453e-01
2.519154728789985995e+02 1.418698311456884653e+02 2.499054676634214212e-01
2.518735211665507734e+02 1.416945844923504865e+02 2.405945757997218493e-01
2.518356669419332547e+02 1.412546233918637029e+02 2.316042246175243347e-01
2.516916702885952759e+02 1.397690857527816490e+02 2.238210622392211302e-01
2.516627194888734493e+02 1.393373283205841346e+02 2.147492176634214212e-01
2.516421255650208764e+02 1.390270699321974917e+02 2.148698278859527133e-01
2.515937869436717733e+02 1.387134724878303302e+02 2.051199582753824857e-01
2.515967065803198750e+02 1.382799558849095831e+02 2.139212447844228149e-01
2.515794223748261516e+02 1.373910813630041616e+02 2.188727833796940137e-01
2.515840642385257411e+02 1.368593554415855351e+02 2.178372739916550893e-01
2.516037606484700859e+02 1.363389158118915248e+02 2.256095705841446586e-01
2.516163573539638492e+02 1.360992350486787075e+02 2.238764777468706668e-01
2.516773231050069626e+02 1.361948159335883304e+02 2.236504694019471606e-01
2.517224237221835779e+02 1.363108114568845508e+02 2.349367611265646694e-01
2.517137343532684213e+02 1.364877455667594006e+02 2.312347878998609052e-01
2.517176786335187728e+02 1.364001858049374221e+02 2.297092315716272592e-01
2.517268200191237781e+02 1.365662508692628592e+02 2.286726356050069464e-01
2.517285020427677296e+02 1.367769471488178112e+02 2.382269210709318519e-01
2.517777523035466061e+02 1.370714251564673134e+02 2.377010170375521425e-01
2.517751216968011079e+02 1.370718521818497777e+02 2.374467576495132015e-01
2.517086850226008323e+02 1.367846759822670322e+02 2.273285378998609052e-01
2.516222313977746978e+02 1.359236917593880491e+02 2.270764516689847135e-01
2.515753955146036276e+02 1.351030521992350373e+02 2.138680024339360275e-01
2.515859429328929195e+02 1.342744903946453405e+02 2.159096835883171084e-01
2.515646220879694113e+02 1.338043234961752432e+02 2.236722009735744032e-01
2.516317932892906697e+02 1.338639712273991620e+02 2.317204885257301838e-01
2.516262799895688431e+02 1.337634333710013834e+02 2.291833275382475776e-01
2.516116687673852539e+02 1.336588143254520276e+02 2.369338925591098766e-01
2.516223367958970698e+02 1.334166387778164165e+02 2.230419853963838683e-01
2.516904609266342163e+02 1.337506128303198807e+02 2.386322148817802413e-01
2.517328733484005454e+02 1.338756606397774647e+02 2.381182632127955556e-01
2.517139571018776110e+02 1.339190477225313032e+02 2.370653685674548039e-01
2.516838469228094652e+02 1.338899219836578709e+02 2.457286595966620413e-01
2.516879661422113941e+02 1.337892004954798324e+02 2.426547287899860905e-01
2.516924189412378325e+02 1.335385192107093246e+02 2.372174895688456131e-01
2.516815249043810923e+02 1.335811304763560372e+02 2.351834144645340852e-01
2.517366176981919352e+02 1.336835383344923400e+02 2.417170114742698273e-01
2.517590283814325574e+02 1.334527827277468646e+02 2.346477312239221014e-01
2.516963241046592543e+02 1.331565727138386706e+02 2.327907684283727352e-01
2.516636267819888815e+02 1.331056197844227995e+02 2.256236961057023760e-01
2.516378813890820538e+02 1.328946746783727519e+02 2.230289464534075117e-01
2.516214251564673248e+02 1.327535009561891570e+02 2.222802938108484061e-01
2.516248359266342050e+02 1.327339501477746921e+02 2.218967315716272592e-01
2.515970129954798438e+02 1.326109809631432483e+02 2.206754172461752317e-01
2.516355093880389404e+02 1.326609483657858277e+02 2.371305632823365872e-01
2.516033129780945785e+02 1.324170658031988808e+02 2.298396210013908258e-01
2.515676829798331084e+02 1.320126488612656601e+02 2.301612482614742716e-01
2.515270634127260223e+02 1.313209340229485349e+02 2.196909770514603732e-01
2.515028479224617399e+02 1.305602051460361679e+02 2.192835100834492346e-01
2.514958318845618805e+02 1.300026610309457453e+02 2.241655076495132071e-01
2.515102236178720432e+02 1.296988015038247681e+02 2.377031901947148917e-01
2.515165073018080761e+02 1.293894884388038804e+02 2.335339881780250371e-01
2.515235668028511782e+02 1.293094684457580001e+02 2.226149600139082085e-01
2.516410053025034870e+02 1.296575452016689951e+02 2.519058588317106828e-01
2.516702788160639841e+02 1.296111711143950060e+02 2.452875086926286641e-01
2.516811043984700973e+02 1.298956460796244698e+02 2.498380997913769164e-01
2.517019428025034813e+02 1.300609896557719196e+02 2.479876564673157147e-01
2.517394210709318543e+02 1.302982093184979249e+02 2.658042854659248833e-01
2.517507290942280918e+02 1.307505900121696811e+02 2.460242089707927737e-01
2.517683066759388169e+02 1.309678839968706541e+02 2.535541985396383979e-01
2.518020003911682920e+02 1.310904772253129238e+02 2.467652555632823264e-01
2.517975954015994375e+02 1.312942541724617627e+02 2.442650382475660686e-01
2.518520286422113941e+02 1.329438521383866600e+02 2.678850834492350619e-01
2.519484646644645238e+02 1.347343956449930431e+02 2.758160205146036326e-01
2.519690966185674483e+02 1.351843608744784433e+02 2.663953842141863482e-01
2.518629444106397841e+02 1.351371110048678759e+02 2.659118567454798465e-01
2.518173298417941623e+02 1.348020579798331084e+02 2.635365959666203239e-01
2.518289736178720375e+02 1.349249608831710816e+02 2.610342054937412892e-01
2.517773839534075080e+02 1.346345716707232327e+02 2.441596401251738546e-01
2.516647350921418536e+02 1.332619436717663461e+02 2.359809631432545074e-01
2.515945095184283673e+02 1.325305991394297678e+02 2.333307979833101620e-01
2.515560261648122378e+02 1.315417746001390924e+02 2.296472965924895582e-01
2.515436467750347731e+02 1.309153414029902649e+02 2.399426286509040440e-01
2.515594152034074966e+02 1.306809577103616107e+02 2.367241828929068093e-01
2.515909227225313032e+02 1.306665507649513245e+02 2.407119262865090314e-01
2.515970129954798438e+02 1.303249630563282437e+02 2.428590055632823264e-01
2.516490438108484113e+02 1.303784900904033464e+02 2.438901686369958355e-01
2.515886159162030538e+02 1.298493089360222541e+02 2.474921766342141893e-01
2.515646307805980655e+02 1.295956786769819189e+02 2.335372479137691193e-01
2.516495327712100050e+02 1.299083058066759406e+02 2.546223052851182000e-01
2.517072996349095888e+02 1.302628803025034756e+02 2.530858831710709467e-01
2.517310174721835949e+02 1.304781706363004048e+02 2.529109440194715064e-01
2.517194041203059669e+02 1.306403522687760699e+02 2.528750869262865186e-01
2.517857712534770656e+02 1.312698789551460266e+02 2.565955319888734154e-01
2.518646025295549293e+02 1.319612602138386706e+02 2.603768254520166803e-01
2.518822300938803949e+02 1.325793430545897138e+02 2.761235222531293609e-01
2.518762408727399134e+02 1.332941140038247454e+02 2.682164899165507821e-01
2.518457253998609247e+02 1.333670853616133627e+02 2.519786595966620468e-01
2.518363047635604914e+02 1.335030065629346439e+02 2.609994349791376900e-01
2.518586882823365727e+02 1.339221531641168212e+02 2.558501390820583921e-01
2.518149143776077779e+02 1.340287117524339351e+02 2.539757910292072540e-01
2.518017732962447894e+02 1.342782347444367304e+02 2.553666116133518904e-01
2.518110548504867836e+02 1.343941911509040210e+02 2.478713925591098655e-01
2.518343108918637085e+02 1.344559696627260053e+02 2.523839534075104085e-01
2.518154728789986052e+02 1.343465349009040324e+02 2.535694106397774483e-01
2.518203429242002755e+02 1.343848932979832966e+02 2.471422983310153088e-01
2.517522959405424103e+02 1.345916355180806647e+02 2.473313630041724664e-01
2.518018732614742703e+02 1.348879933066759520e+02 2.316020514603616132e-01
2.517785585448539507e+02 1.348205069975660706e+02 2.320095184283727519e-01
2.517341881084840054e+02 1.346745621088317080e+02 2.311576408205841537e-01
2.517594803981224061e+02 1.347064358049373993e+02 2.252390472878998684e-01
2.517643134996523031e+02 1.347387778164116696e+02 2.241622479137691248e-01
2.517770079972183623e+02 1.350015244697496541e+02 2.338393167593880440e-01
2.518158227573018166e+02 1.353881215229485520e+02 2.441563803894297724e-01
2.518134442367872055e+02 1.355099074235048704e+02 2.516396470792767737e-01
2.518587676025730104e+02 1.356647622566063944e+02 2.355115611961056954e-01
2.518318432719054272e+02 1.356658673070236318e+02 2.444106397774687134e-01
2.518522785552851246e+02 1.358743121957579945e+02 2.431806328233657721e-01
2.518775817107093076e+02 1.362532184457579945e+02 2.547722531293463155e-01
2.518866991915855351e+02 1.363289910031293459e+02 2.576799374130737119e-01
2.518743426199582700e+02 1.365208623087621618e+02 2.584557545201668916e-01
2.518466381258692763e+02 1.365399285031293459e+02 2.475606310848400549e-01
2.517604355006954222e+02 1.358485222531293459e+02 2.291322583449235117e-01
2.516794712708623081e+02 1.348753509648817897e+02 2.317411335187760657e-01
2.516348596140472864e+02 1.343899817454798438e+02 2.343836926286509137e-01
2.516771851095271302e+02 1.343282684283727519e+02 2.245697148817802635e-01
2.517017732962447951e+02 1.345318280598052922e+02 2.385572409596662113e-01
2.517000239047287948e+02 1.345512224009040381e+02 2.281728094575799781e-01
2.517067606919332547e+02 1.346757692976356111e+02 2.426894993045897175e-01
2.517319291116133400e+02 1.348189064673157134e+02 2.286465577190542331e-01
2.517894862656467296e+02 1.349200810587621788e+02 2.421125260778859423e-01
2.517305871870653675e+02 1.347714240698887238e+02 2.397394384561891412e-01
2.516375206449930317e+02 1.344033694801807997e+02 2.313543115438108366e-01
2.516634409770514651e+02 1.344086415594575783e+02 2.348465751043115335e-01
2.516772698626564591e+02 1.344347259648817783e+02 2.426449495827538161e-01
2.516640548939499240e+02 1.341872902903338058e+02 2.406108744784422881e-01
2.516743056762865081e+02 1.340449408901251616e+02 2.268308849095966584e-01
2.516601562500000000e+02 1.340135083449235083e+02 2.364797027121001427e-01
2.516717141863699680e+02 1.339264744871348967e+02 2.412410900556328230e-01
2.516083590490264328e+02 1.336552557805980541e+02 2.441911509040333716e-01
2.516032945062586919e+02 1.333741633344923514e+02 2.381693324061196215e-01
2.516086469923504865e+02 1.333011680719749563e+02 2.360950538942976351e-01
2.515945127781641304e+02 1.330035063890820481e+02 2.351953668289290811e-01
2.516272122739916597e+02 1.328940803198887295e+02 2.342848139777468641e-01
2.516513680024339408e+02 1.329773980789290704e+02 2.367546070931849655e-01
2.516396068758692763e+02 1.329828874739221192e+02 2.354865698887343428e-01
2.516352344836578538e+02 1.328395329885257183e+02 2.386376477746870728e-01
2.516171505563282267e+02 1.326327201408205951e+02 2.446855441585535362e-01
2.516157716881084809e+02 1.323146079624478375e+02 2.321518602225312866e-01
2.515558305806675889e+02 1.318857516950625950e+02 2.287986787204450700e-01
2.515441313890820538e+02 1.315746903251043136e+02 2.247902903337969382e-01
2.515375901860222427e+02 1.312020492872044599e+02 2.267950278164116706e-01
2.515479224617524210e+02 1.306831580319888815e+02 2.361863264951321317e-01
2.515723128911682807e+02 1.302716565977051459e+02 2.347553025034770646e-01
2.515762560848400540e+02 1.303973248435326866e+02 2.478192367872044388e-01
2.516079374565368596e+02 1.306373674374130758e+02 2.478887778164116928e-01
2.516685468098052922e+02 1.309730756693324167e+02 2.573083275382475610e-01
2.516450854050764860e+02 1.307554861352573141e+02 2.502586057023644117e-01
2.516184587969401889e+02 1.305575973574408977e+02 2.383877347009735748e-01
2.516532336578581237e+02 1.306957308327538385e+02 2.464338490959666339e-01
2.516722357440890221e+02 1.307468250173852482e+02 2.447159683588317203e-01
2.516445518949930431e+02 1.303926938456189077e+02 2.481875869262865075e-01
2.515858179763560543e+02 1.300307882041029188e+02 2.428916029207232319e-01
2.516086252607788651e+02 1.299564281988873518e+02 2.555230789290681703e-01
2.516237178372740004e+02 1.300144558414464484e+02 2.433229746175243347e-01
2.516495664551460436e+02 1.298820127781641247e+02 2.442541724617524335e-01
2.517074800069541141e+02 1.294919908292767730e+02 2.576951495132128178e-01
2.516878770427677239e+02 1.290741383431849840e+02 2.467196192628650919e-01
2.515707699495827399e+02 1.283602670810153086e+02 2.277425243393602361e-01
2.515345488525730104e+02 1.281827179676634216e+02 2.095662378303198847e-01
2.515185435500695519e+02 1.281368545723226759e+02 2.216479050764951220e-01
2.515894504085535459e+02 1.282750619349791350e+02 2.302220966620305842e-01
2.516154391950625779e+02 1.283414345010431248e+02 2.337654294158553470e-01
2.515985744089012428e+02 1.282588567020166863e+02 2.320910118219749740e-01
2.516207232267037455e+02 1.281682458275382430e+02 2.343141515994436597e-01
2.516431360831015240e+02 1.284525436804589731e+02 2.391537726008344800e-01
2.516493404468011192e+02 1.285540409857440807e+02 2.444649687065368615e-01
2.517326918897774704e+02 1.289178600921418649e+02 2.587958536161334977e-01
2.517666713751738428e+02 1.293667148383171082e+02 2.646709840055632701e-01
2.518480256867176763e+02 1.300793289290681400e+02 2.714414551460361813e-01
2.518866187847705191e+02 1.306600291203059783e+02 2.633681762865090481e-01
2.519014744871349194e+02 1.310797646470792870e+02 2.728866046592489658e-01
2.518828070671070805e+02 1.309040942280945785e+02 2.631171766342141893e-01
2.518394677938108543e+02 1.307397731223922221e+02 2.555306849791376678e-01
2.517700788856050167e+02 1.304772676894993140e+02 2.446344749652294981e-01
2.516998174547983353e+02 1.302467815542420055e+02 2.403870392906815034e-01
2.516559761821974917e+02 1.297697942020166977e+02 2.286802416550764994e-01
2.516470140820584049e+02 1.294197029294158483e+02 2.289019036856745348e-01
2.515868437065368539e+02 1.284338327972878915e+02 2.348161509040333772e-01
2.515227323105006860e+02 1.273397611700278134e+02 2.319986526425591167e-01
2.514892885083449130e+02 1.260384833536161295e+02 2.371892385257301783e-01
2.515277403511821888e+02 1.255571420810153001e+02 2.265038247566064089e-01
2.516016613786509026e+02 1.253744849617524295e+02 2.419582319193324116e-01
2.516680317715577075e+02 1.259054676634214189e+02 2.598791724617524612e-01
2.516657184457579888e+02 1.258379541898470109e+02 2.609103355354659426e-01
2.516841044419332434e+02 1.261110200799721781e+02 2.650578059805285269e-01
2.517205787117524380e+02 1.264079830928372701e+02 2.622609527121001483e-01
2.517479333275382487e+02 1.265904761387343598e+02 2.698963404033379865e-01
2.517868784770514594e+02 1.269505552416550813e+02 2.712513038942976351e-01
2.517619980006953995e+02 1.269047559544506214e+02 2.672776860222531026e-01
2.517597444367176536e+02 1.272079276773296215e+02 2.648600486787204278e-01
2.517722770340751026e+02 1.272096292593880378e+02 2.738232353963838683e-01
2.517904630997913671e+02 1.276224617524339351e+02 2.652436109179415746e-01
2.518033640472878858e+02 1.279558273209318457e+02 2.671668550069540848e-01
2.517648720010431020e+02 1.281081395601529778e+02 2.709394558414464638e-01
2.518014755737135033e+02 1.283192226616828862e+02 2.704624478442280711e-01
2.517494230267732860e+02 1.282401784162030651e+02 2.760376825452016680e-01
2.517217424374130701e+02 1.281774926112656487e+02 2.689966533379694047e-01
2.517482375695410326e+02 1.282835372479137561e+02 2.682338751738525540e-01
2.517553264082058320e+02 1.281777783814325460e+02 2.604594054242002632e-01
2.516770623261474213e+02 1.276827114481919381e+02 2.462784683588317147e-01
2.516923678720445139e+02 1.275676569019471458e+02 2.639777468706536734e-01
2.516446170897079355e+02 1.273339436283032029e+02 2.550938803894297613e-01
2.516334209840055678e+02 1.271429502781641219e+02 2.453516168289290589e-01
2.516141374739221135e+02 1.268370762343532618e+02 2.515994436717663429e-01
2.516422385691933243e+02 1.267043419680111214e+02 2.545581971488177775e-01
2.516846477312239188e+02 1.267550993132823436e+02 2.548526599443671770e-01
2.517543463143254598e+02 1.270720162552155728e+02 2.544701842837274186e-01
2.517695106050069569e+02 1.274921451234353214e+02 2.645590664116829194e-01
2.517517081015299141e+02 1.275217152729485406e+02 2.672027121001390726e-01
2.516587132736439401e+02 1.267782325712795597e+02 2.449539290681502224e-01
2.516145427677329565e+02 1.261977638212795512e+02 2.345781901947148751e-01
2.516036954537552219e+02 1.260376445149513245e+02 2.527903337969402142e-01
2.515880248174547944e+02 1.257916985396383893e+02 2.515059979137690971e-01
2.515815249043810979e+02 1.253621099182892920e+02 2.560381171766342168e-01
2.515941487743393736e+02 1.252199148122392245e+02 2.633018949930459041e-01
2.516774773991654968e+02 1.248099345879694084e+02 2.442704711404728724e-01
2.516391157423504978e+02 1.243599910900556296e+02 2.498196279554937282e-01
2.515984038160639784e+02 1.240465511995827512e+02 2.507432197496523019e-01
2.516204678807371238e+02 1.239582503911682920e+02 2.509529294158553414e-01
2.517810641950625836e+02 1.301712165333796918e+02 2.618958623087621618e-01
2.517518232788595185e+02 1.301232745132128059e+02 2.597846401251738269e-01
2.517165844488873461e+02 1.298384094662725943e+02 2.505900121696801319e-01
2.516896742437413081e+02 1.298381671592489681e+02 2.618871696801112758e-01
2.516988514864395086e+02 1.298792387430459030e+02 2.498783031988873471e-01
2.517401534248956807e+02 1.300743100226008266e+02 2.516994089012517533e-01
2.517955548070236489e+02 1.303150697583449187e+02 2.611254780945758136e-01
2.518097085796244698e+02 1.303765114308066870e+02 2.524643602225312700e-01
2.517848237569540970e+02 1.303641820236439628e+02 2.557773383171070836e-01
2.517622511735048647e+02 1.302371273035466004e+02 2.571790246870653829e-01
2.517499706623783027e+02 1.302973118045896967e+02 2.448094141168289384e-01
2.517314184196801250e+02 1.302653381432545245e+02 2.504063803894297502e-01
2.517615742350486698e+02 1.306318889082058377e+02 2.598139777468706502e-01
2.517883529641863731e+02 1.309849378477051403e+02 2.620023470097357365e-01
2.517848009388038975e+02 1.312678198887343513e+02 2.585307284422809215e-01
2.518148850399860805e+02 1.316523893863004275e+02 2.600247739916550782e-01
2.518179904815716270e+02 1.320069399773991563e+02 2.505226442976355994e-01
2.517570182110570158e+02 1.320671635952712109e+02 2.534498869958275447e-01
2.517510442020166863e+02 1.322084850921418706e+02 2.529359353268428312e-01
2.517440433762169789e+02 1.322496251303894326e+02 2.536704624478442471e-01
2.517184457579972161e+02 1.320628889951321412e+02 2.478681328233657832e-01
2.517518634822670265e+02 1.321259192454798210e+02 2.514440629346314515e-01
2.517336296070931780e+02 1.322941281293463192e+02 2.463567020166898547e-01
2.517037432632128002e+02 1.322030348139777516e+02 2.460828842141863648e-01
2.517229757041029075e+02 1.322620088664812101e+02 2.481560761474269905e-01
2.517005454624478489e+02 1.320806665073017996e+02 2.443878216272600823e-01
2.517130226442976380e+02 1.321465881432545189e+02 2.562130563282336571e-01
2.516988764777468646e+02 1.320816954972183623e+02 2.517189673157162466e-01
2.516266200886648221e+02 1.312520601529902535e+02 2.392689499304589684e-01
2.515874358918636915e+02 1.307555317715577132e+02 2.330015646731571632e-01
2.516152446974965358e+02 1.306546244784422868e+02 2.329798331015298929e-01
2.516300612830319778e+02 1.306377227486091783e+02 2.406282597357440878e-01
2.516765440281641304e+02 1.306729626651599574e+02 2.366198713490959560e-01
2.516357147513908217e+02 1.306420212534770542e+02 2.425504172461752372e-01
2.516475008692628705e+02 1.304627912030597940e+02 2.501792854659248833e-01
2.516854333275382487e+02 1.306678035900556267e+02 2.420973139777468641e-01
2.517072453059805355e+02 1.308319519297635622e+02 2.550645427677329380e-01
2.517352236178720375e+02 1.307394721401251729e+02 2.463154120305980632e-01
2.516422146644645466e+02 1.305404761387343626e+02 2.426623348400556435e-01
2.516505878390125304e+02 1.303003759561891570e+02 2.464316759388038847e-01
2.516782564760083574e+02 1.303320823191933187e+02 2.429633171070931796e-01
2.517538932110570329e+02 1.306440661943671842e+02 2.544853963838664690e-01
2.517383725226008266e+02 1.311420853616133400e+02 2.571420810152990066e-01
2.517394721401251729e+02 1.311016526860222484e+02 2.552764255910987545e-01
2.517290018689151623e+02 1.311939944801808053e+02 2.459981310848400604e-01
2.517421885865785782e+02 1.313734277207927619e+02 2.564140733657858107e-01
2.517730213404033464e+02 1.315512365264255834e+02 2.744621436022253169e-01
2.517739188543115461e+02 1.319359374999999943e+02 2.515222965924895915e-01
2.517766581189151509e+02 1.320383279728789887e+02 2.553372739916550671e-01
2.517369360657162645e+02 1.320501640733657780e+02 2.562869436717663540e-01
2.517497185761474157e+02 1.320893928198887295e+02 2.560109527121001149e-01
2.517319095531988751e+02 1.321206906293463135e+02 2.461904554937413003e-01
2.517479431067454811e+02 1.323288964707927562e+02 2.362884648817802635e-01
2.517293789116828862e+02 1.324331917159248917e+02 2.512213143254520276e-01
2.517518917333101456e+02 1.323700571540333897e+02 2.423733049374130755e-01
2.517807349617524437e+02 1.326812869436717790e+02 2.578972531293463044e-01
2.517186304763560543e+02 1.325862319627955515e+02 2.510148643949930425e-01
2.517353474878303246e+02 1.323119338925590966e+02 2.384551025730180795e-01
2.517615166463838534e+02 1.325317965490264385e+02 2.264049461057023593e-01
2.517942096227399134e+02 1.328616394297635566e+02 2.444606223922114185e-01
2.518265624999999943e+02 1.331380802329624373e+02 2.419245479833101453e-01
2.518760409422809516e+02 1.331945801460361736e+02 2.555122131432545074e-01
2.519472759474965358e+02 1.337529641863699510e+02 2.560967924200278079e-01
2.519508366655076372e+02 1.341349248087621788e+02 2.508583970792767626e-01
2.519259692280945728e+02 1.341489949148122491e+02 2.519308501390820632e-01
2.519121772861613238e+02 1.341451364742698331e+02 2.583307979833101564e-01
2.518455504607093189e+02 1.337716457319193353e+02 2.465685848400556435e-01
2.517578059805285022e+02 1.333141657249652212e+02 2.345531988873435225e-01
2.517079102920723130e+02 1.328511311283031944e+02 2.449843532684283787e-01
2.516705472009735729e+02 1.326499934805285079e+02 2.330765385952712210e-01
2.517477801199582643e+02 1.330613612656467240e+02 2.413475747566063978e-01
2.518391755041724593e+02 1.337914323278859570e+02 2.554404989568845874e-01
2.519013919071627186e+02 1.344741818063282324e+02 2.594304155076495033e-01
2.519141755041724480e+02 1.350129759214186436e+02 2.602714273296244940e-01
2.518663953842141723e+02 1.351978757388734493e+02 2.535944019471488287e-01
2.518293387082753725e+02 1.350664605789290817e+02 2.508475312934631551e-01
2.517903001130041787e+02 1.350272198800417129e+02 2.453059805285118244e-01
2.517838740872740004e+02 1.349297939847009786e+02 2.379509301112656405e-01
2.517835329015994432e+02 1.348110005215577303e+02 2.451560326842837367e-01
2.517242013647426973e+02 1.343735668028511725e+02 2.290464186369958188e-01
2.517190727138386706e+02 1.342647883344923514e+02 2.362330493741307269e-01
2.516984125086926269e+02 1.341651664638386592e+02 2.391994089012517422e-01
2.517200169506258760e+02 1.342472683414464427e+02 2.389234179415855308e-01
2.517674884822670265e+02 1.345174558849095945e+02 2.540779294158553303e-01
2.517928274947844329e+02 1.346964012517385356e+02 2.482093184979137779e-01
2.517773383171070805e+02 1.349196790246870705e+02 2.522361787204450700e-01
2.517811717663421405e+02 1.350972096662030708e+02 2.440433762169680054e-01
2.517970673244089141e+02 1.353689868741307407e+02 2.426460361613351768e-01
2.518262473922113998e+02 1.356659194627955571e+02 2.568204537552155609e-01
2.517924971748956864e+02 1.356949213317107024e+02 2.477573018080667655e-01
2.518009159857440977e+02 1.356849965229485520e+02 2.513299721835883238e-01
2.518260800591098700e+02 1.359013321453407457e+02 2.412302242698191879e-01
2.518400958362308870e+02 1.363720542854659357e+02 2.416768080667593965e-01
2.518083916463838534e+02 1.363583720879693999e+02 2.557490872739916488e-01
2.517978235831015184e+02 1.362012582579972104e+02 2.576386474269818927e-01
2.517811956710709183e+02 1.360813825625869242e+02 2.593728268428373007e-01
2.517356126130041787e+02 1.360001477746870648e+02 2.582308327538247461e-01
2.517483646992350543e+02 1.359949354572322591e+02 2.460176894993045815e-01
2.517524871783727463e+02 1.361476682023644003e+02 2.452657771210013937e-01
2.517955156901947191e+02 1.365039823105007031e+02 2.506693324061196049e-01
2.518543571801112648e+02 1.368939749217663291e+02 2.485168202364395063e-01
2.518560663682197571e+02 1.373185967924200384e+02 2.661400382475660464e-01
2.518673548331015297e+02 1.377687271818497834e+02 2.419288942976356160e-01
2.518400719315020808e+02 1.378839327625173894e+02 2.491915855354659148e-01
2.518012604311543896e+02 1.377654804850486698e+02 2.460046505563282249e-01
2.518396753303198921e+02 1.381618523991654968e+02 2.558392732962447846e-01
2.518095803633518699e+02 1.382972933327538385e+02 2.435348574408901234e-01
2.517789605789290590e+02 1.376241372566063887e+02 2.310489829624478575e-01
2.516981191324756537e+02 1.368910324669679994e+02 2.320051721140472811e-01
2.516660281206536922e+02 1.367227953320584106e+02 2.231050069541029302e-01
2.516950832319193410e+02 1.366467065803198864e+02 2.319714881780250426e-01
2.516379574495827569e+02 1.362460774513212698e+02 2.340033901251738491e-01
2.515880182979832966e+02 1.353314021210013891e+02 2.260420288595271221e-01
2.515518580493741183e+02 1.347342370045201676e+02 2.190335970097357365e-01
2.516064531901947134e+02 1.346672005389429785e+02 2.369436717663421510e-01
2.516455613264951410e+02 1.347518613091098700e+02 2.348346227399165376e-01
2.517216891950625950e+02 1.346361167854659300e+02 2.462295723226703703e-01
2.517573235396383780e+02 1.344212719488873518e+02 2.399252433936022166e-01
2.517021731571627186e+02 1.344272742089708004e+02 2.416181328233657777e-01
2.517331504259388169e+02 1.345061685066064001e+02 2.336176547287899807e-01
2.517535498522253192e+02 1.346953592228790058e+02 2.325940977051460246e-01
2.518089316759387941e+02 1.349819432371349137e+02 2.304807023643949959e-01
2.518667528685674597e+02 1.354950191237830381e+02 2.471651164812239121e-01
2.518908064586230751e+02 1.357838675678025027e+02 2.458623087621696901e-01
2.518950723661335189e+02 1.359380856658553682e+02 2.476801547287899863e-01
2.518863156293463135e+02 1.359012810761474270e+02 2.429252868567454704e-01
2.518219630128650977e+02 1.358543311022253022e+02 2.393004607093184855e-01
2.518791213925591137e+02 1.363668767385257183e+02 2.468347965924895804e-01
2.519185457232267140e+02 1.368805056936717790e+02 2.453353181502086200e-01
2.519666529033379732e+02 1.373599106832405994e+02 2.700310761474269960e-01
2.519872707319193239e+02 1.377535205146036219e+02 2.636213490959666284e-01
2.519665062152294865e+02 1.379938738699582643e+02 2.628357527816411743e-01
2.519125478094575783e+02 1.384168311022253022e+02 2.532988525730180962e-01
2.518550178198887295e+02 1.380452777294854059e+02 2.499271992350486915e-01
2.518423537465229458e+02 1.379116100921418706e+02 2.372609527121001260e-01
2.518323854746175243e+02 1.377871207840751140e+02 2.372642124478442360e-01
2.518061348226703728e+02 1.377349997826842696e+02 2.408597009735743977e-01
2.517777425243393736e+02 1.376186337360917946e+02 2.292583014603616076e-01
2.518109429328929139e+02 1.376182925504172374e+02 2.251662465229485321e-01
2.518173168028511952e+02 1.377197105354659357e+02 2.420744958275382608e-01
2.518166833275382430e+02 1.379056817194019402e+02 2.419028164116829027e-01
2.518017178807371295e+02 1.380550210796244812e+02 2.405565455493741400e-01
2.518160552851182103e+02 1.382658194975660706e+02 2.378672635605006969e-01
2.518424037291376862e+02 1.384883605702364378e+02 2.426340837969401809e-01
2.518553926894992969e+02 1.387201516863699453e+02 2.492165768428372674e-01
2.518842261387343626e+02 1.391298733049374050e+02 2.527218793463143487e-01
2.518926884127260166e+02 1.392794365003477139e+02 2.441759388038942935e-01
2.518323800417246048e+02 1.389761811109179348e+02 2.329961317802503595e-01
2.517635844054242114e+02 1.383482929850486869e+02 2.357484353268428368e-01
2.516941813716967999e+02 1.376921766342141780e+02 2.266537726008344966e-01
2.517118339273296215e+02 1.374314890472878972e+02 2.230745827538247461e-01
2.516873804763560543e+02 1.370340544593184973e+02 2.296896731571627381e-01
2.516898437499999943e+02 1.368447159683588268e+02 2.381715055632823430e-01
2.516671255650208536e+02 1.365002010170375399e+02 2.269623609179415857e-01
2.516494186804589788e+02 1.366351345184283730e+02 2.283738264951321317e-01
2.516968369697496541e+02 1.368795266863699567e+02 2.512952016689847246e-01
2.517831341272600696e+02 1.376657521296940274e+02 2.466359527121001483e-01
2.518185413769123784e+02 1.379484570584144763e+02 2.396807632127955501e-01
2.518347618219749791e+02 1.380609212013212925e+02 2.413932110570236322e-01
2.518537584753129295e+02 1.383050732353963781e+02 2.437239221140472811e-01
2.518434435848400597e+02 1.384902870740612002e+02 2.313619175938803896e-01
2.517798624391516000e+02 1.380105332927677466e+02 2.299613178025034788e-01
2.516951658118915134e+02 1.375699984787899837e+02 2.249402381780250260e-01
2.517160672374826049e+02 1.376249771818498004e+02 2.254433240611961042e-01
2.517886843706536979e+02 1.380267189673157304e+02 2.330428546592489547e-01
2.517755161248261402e+02 1.382355126477746978e+02 2.308110222531293554e-01
2.517461393863004275e+02 1.381963327972879085e+02 2.428524860917941619e-01
2.517296114394993083e+02 1.380731962795549350e+02 2.355256867176634128e-01
2.518054481050069455e+02 1.382554111613351893e+02 2.392135344228094596e-01
2.518388984266342163e+02 1.385417724269819075e+02 2.325745392906815034e-01
2.517818313195410269e+02 1.386027849009040267e+02 2.300580232962447791e-01
2.517975964881780158e+02 1.387226421244784547e+02 2.452277468706536845e-01
2.517958764342837412e+02 1.389317117958970869e+02 2.443856484700973608e-01
2.518214740525034756e+02 1.393085785378998480e+02 2.386919767037552209e-01
2.518146959753129295e+02 1.394391559457579888e+02 2.288942976356050096e-01
2.518173048504867779e+02 1.394025339012517293e+02 2.462871609874826284e-01
2.517682480006954222e+02 1.398528370566759520e+02 2.303361874130737119e-01
2.518048754780945728e+02 1.399820540681502052e+02 2.212947670375521592e-01
2.517462034944367133e+02 1.398124413247566054e+02 2.239384127260083401e-01
2.517136984961752546e+02 1.395342891602920758e+02 1.994099878303198792e-01
2.516842609092489624e+02 1.394615459840055678e+02 2.030815368567454871e-01
2.516431034857440920e+02 1.388218847792072381e+02 2.084122913769123897e-01
2.515816466011822001e+02 1.380529435413769193e+02 2.113862569541029302e-01
2.515552579537552162e+02 1.376998565716272651e+02 2.105278598748261398e-01
2.515555046070931837e+02 1.374125499826147347e+02 2.201984092489568945e-01
2.515743013299721724e+02 1.373231680285118159e+02 2.152686022253129383e-01
2.515461839360222598e+02 1.370153359700973681e+02 2.184359787899860794e-01
2.515859222878998480e+02 1.371001814586230978e+02 2.151979746175243513e-01
2.516728127173157077e+02 1.374463816933240707e+02 2.387137082753824635e-01
2.516424950017385243e+02 1.372902099269819303e+02 2.236808936022253169e-01
2.516569899600139024e+02 1.372680013473574547e+02 2.304872218358831604e-01
2.516939607962447951e+02 1.374665920549374221e+02 2.344999565368567351e-01
2.516804893949930317e+02 1.373581862830319835e+02 2.307729920027816461e-01
2.517021579450625950e+02 1.373542735135605142e+02 2.303394471488177941e-01
2.517179611439499354e+02 1.375914996957579888e+02 2.371110048678720383e-01
2.517507464794854002e+02 1.378297027121001292e+02 2.411987134909596708e-01
2.517774534944367133e+02 1.380432816846314381e+02 2.374358918636995941e-01
2.517568802155771834e+02 1.381162715142559136e+02 2.466066150904033250e-01
2.517104224617524437e+02 1.379925004346314381e+02 2.335589794853963896e-01
2.516964327625173894e+02 1.377031728094575840e+02 2.279174634909596764e-01
2.516676112656467410e+02 1.375211459057719026e+02 2.270590664116828861e-01
2.516507975486787245e+02 1.370992611265646701e+02 2.201256084840055582e-01
2.516690966185674654e+02 1.367890972705146169e+02 2.204483223226703648e-01
2.516900534596662169e+02 1.367345781901947248e+02 2.307099704450625843e-01
2.516678698713490974e+02 1.363984005563282267e+02 2.395395079972183483e-01
2.516578385778859399e+02 1.360897394384561778e+02 2.369719228094575858e-01
2.516182545201668859e+02 1.356179361526425566e+02 2.337621696801112647e-01
2.516004085535466004e+02 1.348414833970792870e+02 2.265885778859527133e-01
2.515655837100138967e+02 1.343824963056328272e+02 2.250162986787204444e-01
2.516050851877607784e+02 1.343084275034770485e+02 2.339555806675938932e-01
2.516228127173157247e+02 1.343123250608483943e+02 2.423005041724617392e-01
2.516705059109874867e+02 1.343377966359527136e+02 2.389723139777468752e-01
2.516779000782336482e+02 1.343650219488873461e+02 2.417224443671766310e-01
2.517299993480528428e+02 1.347012158814325460e+02 2.434555372044506227e-01
2.517528392298331141e+02 1.349691237830319892e+02 2.511648122392211580e-01
2.517866122652990271e+02 1.352926677677329508e+02 2.424428459666203017e-01
2.517960926634214047e+02 1.354311239568845622e+02 2.416452972878998517e-01
2.518453016342141950e+02 1.357421353442281031e+02 2.418550069541029190e-01
2.518423591794158654e+02 1.359785096488178056e+02 2.479550591098748369e-01
2.518695790594575783e+02 1.363080841446453348e+02 2.449256780250347598e-01
2.518143906467315674e+02 1.363349595792767843e+02 2.519569280250347765e-01
2.518226421244784490e+02 1.365249630563282324e+02 2.392363525730180907e-01
2.518185000869262922e+02 1.368180698018080648e+02 2.445355963143254485e-01
2.518550862743393566e+02 1.370129835274687196e+02 2.488862569541029079e-01
2.518685359440194702e+02 1.374188141081363028e+02 2.464555806675938765e-01
2.518569519297635679e+02 1.377890516342141893e+02 2.435500695410292016e-01
2.518778327103616164e+02 1.379771155684979078e+02 2.476779815716272648e-01
2.518688814760083403e+02 1.381534488004172374e+02 2.348541811543810864e-01
2.518202060152990214e+02 1.380001977573018053e+02 2.362254433240612017e-01
2.517685011735048590e+02 1.377464403685674483e+02 2.265483744784422826e-01
2.517076147426981834e+02 1.372297016255215567e+02 2.272046679415855308e-01
2.517047928981224061e+02 1.370965055632823351e+02 2.303166289986091908e-01
2.517276588577885832e+02 1.368555893602225240e+02 2.316770253824756709e-01
2.517390722792072211e+02 1.368505454624478546e+02 2.294560587621696790e-01
2.517498326668984703e+02 1.369066911509040381e+02 2.337773817802503429e-01
2.517518341446453292e+02 1.368652077538247624e+02 2.391602920723226722e-01
2.517530565455493843e+02 1.370093195844923457e+02 2.445464621001390837e-01
2.517986504694019345e+02 1.372974432805980598e+02 2.376488612656467436e-01
2.517814912204450764e+02 1.375013875608484000e+02 2.269232440890125158e-01
2.517850725834492209e+02 1.374846759822670492e+02 2.259398904728789903e-01
2.518316813716967886e+02 1.377088045462447781e+02 2.388734353268428257e-01
2.518586393863004105e+02 1.381508616568150103e+02 2.454863525730180684e-01
2.518883551373435239e+02 1.386713393167594006e+02 2.457004085535465787e-01
2.519562271818497834e+02 1.391364590577190654e+02 2.525654120305980688e-01
2.519844391081363142e+02 1.394534205493741297e+02 2.501184370653685707e-01
2.519900578059805412e+02 1.397269656206536865e+02 2.465283814325452127e-01
2.519733484005563184e+02 1.398756497739916540e+02 2.355474182892906831e-01
2.519544549721835835e+02 1.397539149426286542e+02 2.454559283727399122e-01
2.519614416724617456e+02 1.400138364916550699e+02 2.429242002781641097e-01
2.519718000260778865e+02 1.405889907858136212e+02 2.408227573018080769e-01
2.519430382910292110e+02 1.408042832927677352e+02 2.461057023643949959e-01
2.518440618480528599e+02 1.403610026947148697e+02 2.267081015299026447e-01
2.517488275817107137e+02 1.392840718445758057e+02 2.232777729485396490e-01
2.516436239568845679e+02 1.382020579798331141e+02 2.214664464534075172e-01
2.516181415159944379e+02 1.375134485831015354e+02 2.238753911682892783e-01
2.516519428025034699e+02 1.372443943410987401e+02 2.275621522948539643e-01
2.516443910813630112e+02 1.373631367350486698e+02 2.320540681502086255e-01
2.516790561978442327e+02 1.372565444627955458e+02 2.260050851877607736e-01
2.516683577451321412e+02 1.370336676373435409e+02 2.350508518776077971e-01
2.516530750173852482e+02 1.369260778859527079e+02 2.228768254520167025e-01
2.516481571627260223e+02 1.369516733310152858e+02 2.207623435326842853e-01
2.517599411074408806e+02 1.373339990438108487e+02 2.279652729485396323e-01
2.518447648643949890e+02 1.380568965142559250e+02 2.308936022253129383e-01
2.518696866307371351e+02 1.389187097965924806e+02 2.570562413073713692e-01
2.518903816063977672e+02 1.394797646470792643e+02 2.584068584840055749e-01
2.518864351529902592e+02 1.397777425243393736e+02 2.572148817802503706e-01
2.518823691759388055e+02 1.398979192020166806e+02 2.466761561196105790e-01
2.518529087708623138e+02 1.398122892037552276e+02 2.319736613351877641e-01
2.517950951842837242e+02 1.397468130650208593e+02 2.325093445757997201e-01
2.518047939847009786e+02 1.395148263647427029e+02 2.346368654381084939e-01
2.517417756867176593e+02 1.392310087795549407e+02 2.286269993045897120e-01
2.517011626390820709e+02 1.388330385083449130e+02 2.241242176634214156e-01
2.517097064064673191e+02 1.386359690107788651e+02 2.384670549374130755e-01
2.516956612917246048e+02 1.385232027990264214e+02 2.241991915855354733e-01
2.516847172722531241e+02 1.383776382127955458e+02 2.293897774687065350e-01
2.516582112743393509e+02 1.381751434283727349e+02 2.297363960361613333e-01
2.516727518689151566e+02 1.379871946714186492e+02 2.299732701668984747e-01
2.516834198974269725e+02 1.380656901947148754e+02 2.341185674547983375e-01
2.517266059631432427e+02 1.382575158640472921e+02 2.331960622392211524e-01
2.517159748783032001e+02 1.380459329363699510e+02 2.383171070931849878e-01
2.517124511039638435e+02 1.380279609266342220e+02 2.331058762169680165e-01
2.517754998261474384e+02 1.382437163160639670e+02 2.374913073713491030e-01
2.517509583623087508e+02 1.383618230615438165e+02 2.497370479833101453e-01
2.517132964621001463e+02 1.380778218445757943e+02 2.280380737134909686e-01
2.516979702712100107e+02 1.379667583014603736e+02 2.268384909596662113e-01
2.517178698713491087e+02 1.380212100139082168e+02 2.260018254520166914e-01
2.517362210970097465e+02 1.382435511561196222e+02 2.238743045897079176e-01
2.517808588317107024e+02 1.383005748000695405e+02 2.376064847009735637e-01
2.517884409770514651e+02 1.385985048678720375e+02 2.411585100834492401e-01
2.518079646210013891e+02 1.387581276077885946e+02 2.505019993045897175e-01
2.517740307719054158e+02 1.387678394471488161e+02 2.338653946453407573e-01
2.517817226616828918e+02 1.387884985657162815e+02 2.323289725312934761e-01
2.517530695844923514e+02 1.385494740959666160e+02 2.399828320584144747e-01
2.517435826668984760e+02 1.385174710970097465e+02 2.329830928372740029e-01
2.517284661856745345e+02 1.385432979833101399e+02 2.369165073018080769e-01
2.517546342576495135e+02 1.386274784857440920e+02 2.366046592489568778e-01
2.517643471835883133e+02 1.390203124999999886e+02 2.334524947844228149e-01
2.517903587882475733e+02 1.389352898991654968e+02 2.304611439499304471e-01
2.517247316150904055e+02 1.388843847792072381e+02 2.259855267732962525e-01
2.517631204363699453e+02 1.389218326234353356e+02 2.252770775382475776e-01
2.517457395253824757e+02 1.388672798591794049e+02 2.177644732267037531e-01
2.517810435500695405e+02 1.389102768602225240e+02 2.238916898470097450e-01
2.517917289638386649e+02 1.390094771383866430e+02 2.289323278859527189e-01
2.518261669853963838e+02 1.392286552503477139e+02 2.304502781641168396e-01
2.518447018428372814e+02 1.392745805806675889e+02 2.331949756606397639e-01
2.518518960796244812e+02 1.393879726616828805e+02 2.354387604311543869e-01
2.518304535378998708e+02 1.395226312586926269e+02 2.361406901947148695e-01
2.518289877433936113e+02 1.396411215664116696e+02 2.326169158553546557e-01
2.518673700452016817e+02 1.396983060239916483e+02 2.323604833101529932e-01
2.518370045201668859e+02 1.397424232875521568e+02 2.306252173157162799e-01
2.518319834405424160e+02 1.398563065020862268e+02 2.330841446453407462e-01
2.518257899426286599e+02 1.399500771470792699e+02 2.344369349791377011e-01
2.518315107788595242e+02 1.399772470445062709e+02 2.328831276077885926e-01
2.517804611439499354e+02 1.399079015994436759e+02 2.223824321974965101e-01
2.517348574408901243e+02 1.395167376564673134e+02 2.317911161335187709e-01
2.516923178894297735e+02 1.389622098835187671e+02 2.217054937413073801e-01
2.516635822322670322e+02 1.383136908901251729e+02 2.215196888038943046e-01
2.516216522513908274e+02 1.381686185239916540e+02 2.257377868567454759e-01
2.516532727746870535e+02 1.381530293810848491e+02 2.274643602225313033e-01
2.516851388647426973e+02 1.381799634909596648e+02 2.278174982614742661e-01
2.516940661943671671e+02 1.380394906119610710e+02 2.210644123783032100e-01
2.516940346835883133e+02 1.379394275904033407e+02 2.266113960361613444e-01
2.516621381693323940e+02 1.378128020688456274e+02 2.254128998609179479e-01
2.516430078668289241e+02 1.376571464273296215e+02 2.350943150208623100e-01
2.516754813543115574e+02 1.375784868306676003e+02 2.272111874130737230e-01
2.517155674113352006e+02 1.376964860048678645e+02 2.319312847705146119e-01
2.517050341185674540e+02 1.379557240959666160e+02 2.379585361613351935e-01
2.517219467141863731e+02 1.381760148643950004e+02 2.333231919332406090e-01
2.517459372826842809e+02 1.382284531467315674e+02 2.333264516689846912e-01
2.517475465055632924e+02 1.383710698452712222e+02 2.329418028511821837e-01
2.517894069454102919e+02 1.386750988786509140e+02 2.434794419332406146e-01
2.518133768689151566e+02 1.391014397166203196e+02 2.461046157858136352e-01
2.518689988264951296e+02 1.396771210013908160e+02 2.496436022253129272e-01
2.518765885778859399e+02 1.401674928285813735e+02 2.486515559805285158e-01
2.518915377260083517e+02 1.405548809109874924e+02 2.370045201668984636e-01
2.519031412986787188e+02 1.409587317454798381e+02 2.395634127260083401e-01
2.518934696627260053e+02 1.413952896818497891e+02 2.352681675938803896e-01
2.518793365351182274e+02 1.416152099269819189e+02 2.322203146731571521e-01
2.519093760865785896e+02 1.419157227920723301e+02 2.375032597357440989e-01
2.518937652121001349e+02 1.420764831797635566e+02 2.403729137691237860e-01
2.518705950104311455e+02 1.422737895514603679e+02 2.403989916550764994e-01
2.518131758518776167e+02 1.421656445584144706e+02 2.321855441585535529e-01
2.518204287639082111e+02 1.423088338838664697e+02 2.247316150904033472e-01
2.518654065977051459e+02 1.426872989829624601e+02 2.286541637691237860e-01
2.518890342489568752e+02 1.430275121696801079e+02 2.308077625173852454e-01
2.518715968358831674e+02 1.432422048852573084e+02 2.315640212100139039e-01
2.518249022079276642e+02 1.428464686196105617e+02 2.157499565368567462e-01
2.517869958275382487e+02 1.423901501651599517e+02 2.263582232267037642e-01
2.517294919158553625e+02 1.355662150121696925e+02 2.449137256606397639e-01
2.516685272513908274e+02 1.350351019210709183e+02 2.424917420027816461e-01
2.516387680372044429e+02 1.346404109440194645e+02 2.368936891515994458e-01
2.515512419593185029e+02 1.337484146818497948e+02 2.396068758692628531e-01
2.515438141081363028e+02 1.324748717837273944e+02 2.265983570931849878e-01
2.515587426112656431e+02 1.318512180545897081e+02 2.244338925591098655e-01
2.515971390385952589e+02 1.316415561978442383e+02 2.339414551460361480e-01
2.515933175417246161e+02 1.315783640472878915e+02 2.256334753129346227e-01
2.517175601964534053e+02 1.316951082232266970e+02 2.520275556328233635e-01
2.517369621436022271e+02 1.315590990090403238e+02 2.447681241307371469e-01
2.517166344315020865e+02 1.314277186196105731e+02 2.326364742698192045e-01
2.517418463143254428e+02 1.316151414725312918e+02 2.348520079972183650e-01
2.517111450365090377e+02 1.315762017559110006e+02 2.384485831015299151e-01
2.517426080059109950e+02 1.319152349182892863e+02 2.422016255215577174e-01
2.518325745392906754e+02 1.323604517993741183e+02 2.449202451321279561e-01
2.519100725834492209e+02 1.329735461578581237e+02 2.539910031293463044e-01
2.519057990698887295e+02 1.331800841011821888e+02 2.674873956884561976e-01
2.518897850747566167e+02 1.332968826060500760e+02 2.499163334492350563e-01
2.518774643602225183e+02 1.334203342315716156e+02 2.622446540333797094e-01
2.518922135778859399e+02 1.335799624043810923e+02 2.642569975660639670e-01
2.518830395949235026e+02 1.335383149339360216e+02 2.567932892906815145e-01
2.518154935239916483e+02 1.334216077016689894e+02 2.487949843532684391e-01
2.518091902816411789e+02 1.333927112308762162e+02 2.471270862308762306e-01
2.517940640212100050e+02 1.332743295810153086e+02 2.399513212795549300e-01
2.517612754259388055e+02 1.331503683501390753e+02 2.488264951321279561e-01
2.517487949843532817e+02 1.330140472878998708e+02 2.498783031988873471e-01
2.517669321540333840e+02 1.334318910813630055e+02 2.558696974965229409e-01
2.518788367089707947e+02 1.339506150034770542e+02 2.569856136995827267e-01
2.518863949495827512e+02 1.344230452451321298e+02 2.649828320584144414e-01
2.518774936978442156e+02 1.346727725139081997e+02 2.577527381780250204e-01
2.518751727659944493e+02 1.350069541029207301e+02 2.672755128650903811e-01
2.518471488178024913e+02 1.352192302677329678e+02 2.719108570931849655e-01
2.518615351182197628e+02 1.352338012865090491e+02 2.573996001390820854e-01
2.518198865611961139e+02 1.351449267646036105e+02 2.559229398470097561e-01
2.517791300851877736e+02 1.351306882388734323e+02 2.480876216968011250e-01
2.517661259127260109e+02 1.352209394558414601e+02 2.555578494436717696e-01
2.517769188977746921e+02 1.354418224095966536e+02 2.509290246870653496e-01
2.517674710970097465e+02 1.352410715837969519e+02 2.360222531293463266e-01
2.517346075278164221e+02 1.351384040333796861e+02 2.395623261474269794e-01
2.517093521818497948e+02 1.350843565281641077e+02 2.454798331015299040e-01
2.516894851790681571e+02 1.348202646905424160e+02 2.414399339360222552e-01
2.516597292246175357e+02 1.344601671157858220e+02 2.363417072322670509e-01
2.516334242437413025e+02 1.340957666898470109e+02 2.402838143254520109e-01
2.516502477399165514e+02 1.339085339881780214e+02 2.450039116828928998e-01
2.516379422374826049e+02 1.339342793810848491e+02 2.423059370653685707e-01
2.516698517906814914e+02 1.337241274773991790e+02 2.482712534770514512e-01
2.516687315281641304e+02 1.337577255737134863e+02 2.370468967315716158e-01
2.517158640472879085e+02 1.340724595792767673e+02 2.544571453407510342e-01
2.516675438977746921e+02 1.337761984961752546e+02 2.431089186369958244e-01
2.516284129433240651e+02 1.333847107527816434e+02 2.345868828233657888e-01
2.516135039986091897e+02 1.330990025208623138e+02 2.372805111265646749e-01
2.515803318410987401e+02 1.326946268689151509e+02 2.179296331710709189e-01
2.515947822496522974e+02 1.325475497652990384e+02 2.331221748956884554e-01
2.515986396036161352e+02 1.323338023730876216e+02 2.298298417941585514e-01
2.515728746522948427e+02 1.319686304763560543e+02 2.274784857440890207e-01
2.515708536161335189e+02 1.317466142211404758e+02 2.303014168984700849e-01
2.515928090229485292e+02 1.316826419071627186e+02 2.415388125869262770e-01
2.516371924982614701e+02 1.317295451582058377e+02 2.436054850486787104e-01
2.516825299895688488e+02 1.319802623000695405e+02 2.386463404033379587e-01
2.516566944106397727e+02 1.319067270079972047e+02 2.502890299026425680e-01
2.516364025556328272e+02 1.316569921331710589e+02 2.520558066759387983e-01
