2.549978318613901536e+02 2.987932313085687151e-03 1.000000000000000000e+00
2.522836769365603686e+02 1.503862118249848265e+02 7.027519719544259580e-01
2.522983806377671385e+02 1.503834962583428876e+02 6.660122699386502587e-01
2.523366817231847961e+02 1.505161221600485533e+02 6.227573653340524595e-01
2.522700856199015789e+02 1.510145688667161039e+02 4.748115687992988665e-01
2.521931086091822181e+02 1.519789186273848713e+02 3.620589226724196252e-01
2.519895462819389138e+02 1.533917144205487659e+02 2.455969797074091521e-01
2.519301853974246512e+02 1.534560156408009277e+02 2.106074293804355291e-01
2.517279983819861116e+02 1.510286914312681290e+02 1.877516348681992908e-01
2.516143612216004897e+02 1.484711009236162624e+02 1.887440167194768537e-01
2.515644400997775278e+02 1.469539567181284951e+02 1.928605137194094321e-01
2.515894869547630321e+02 1.459495503269736503e+02 1.863062091282950139e-01
2.516234423245466303e+02 1.454284312007011408e+02 1.971765657655228099e-01
2.516356745095395411e+02 1.451540470572372499e+02 1.906438346929144600e-01
2.516787446908919321e+02 1.449272905009101464e+02 1.938933459178857899e-01
2.517020939796399830e+02 1.452117427357918018e+02 2.074037618822894835e-01
2.517073066810490047e+02 1.453536654756286737e+02 1.994444818984696388e-01
2.516918654351783289e+02 1.452987608710308223e+02 2.006917009370997040e-01
2.516986327782646811e+02 1.452618566709364245e+02 2.079269197060608088e-01
2.517065718330748894e+02 1.453208292321175747e+02 2.084392907705791276e-01
2.517264113800310099e+02 1.455178143329063687e+02 2.073579181554641715e-01
2.517946767343086378e+02 1.458574583698510025e+02 2.178439964943032492e-01
2.518096110024944494e+02 1.462914096945998779e+02 2.173383671543180629e-01
2.518428086024404990e+02 1.466141212162071099e+02 2.015829569203802241e-01
2.518768866716106061e+02 1.470903431537787469e+02 2.163500303377604017e-01
2.519070464504820279e+02 1.474684136722173662e+02 2.138461538461538525e-01
2.519335212027236537e+02 1.478674037618822865e+02 2.131072608373221766e-01
2.519572372412863217e+02 1.483564565495853742e+02 2.198692105440571698e-01
2.519207132744556077e+02 1.488661808130519830e+02 2.202966358794579693e-01
2.519499224701678770e+02 1.495542560506977736e+02 1.900586530034382715e-01
2.519940430122025248e+02 1.504450131463628395e+02 2.054877637699723536e-01
2.520211649699993188e+02 1.513817353198948297e+02 2.173626373626373620e-01
2.520155963055349559e+02 1.523118249848311336e+02 2.175406188903121485e-01
2.519807361963190147e+02 1.530630135508663159e+02 2.088303107935009784e-01
2.519422921863412625e+02 1.536078770309445076e+02 2.219766736331153512e-01
2.519478729859097825e+02 1.540948250522483534e+02 2.039951459583361493e-01
2.519609883368165697e+02 1.546778628733229937e+02 2.009222679161329350e-01
2.520019375716308332e+02 1.556264801456212581e+02 1.976484864828423060e-01
2.519737558147374159e+02 1.563108973235353574e+02 2.012930627654554161e-01
2.519874819658868716e+02 1.565795348210072007e+02 1.853839412121620622e-01
2.518792853771994942e+02 1.559605636081709577e+02 1.814656509135036677e-01
2.517186624418526151e+02 1.537649565158767473e+02 1.684514258747387694e-01
2.516262401402278783e+02 1.515624526393851568e+02 1.619942021169014923e-01
2.516199514595833477e+02 1.505304011326097111e+02 1.711251938245803295e-01
2.516588619968987928e+02 1.501949612350839232e+02 1.801280927661295661e-01
2.516901503404570803e+02 1.500252693318950890e+02 1.863722780287197511e-01
2.517247987595226846e+02 1.500103337153643963e+02 1.888384008629407362e-01
2.517191909930560314e+02 1.499496999932582639e+02 1.821708352996696534e-01
2.517328659070990398e+02 1.501887062630621017e+02 1.773936492954897859e-01
2.518072176902851709e+02 1.504570754398975225e+02 1.866109350771927577e-01
2.518060608103552909e+02 1.504955329333243412e+02 1.940497539270545357e-01
2.517904685498550634e+02 1.504917616126205075e+02 1.819631901840490784e-01
2.518002602305669768e+02 1.507004705723724101e+02 1.849929211892402114e-01
2.517694303242769536e+02 1.506442850401132603e+02 1.851843861659812629e-01
2.517706505764174381e+02 1.506323872446571954e+02 1.878689408750758572e-01
2.518581918694802084e+02 1.509649605609114928e+02 1.985761477786017748e-01
2.518849174138744615e+02 1.513389550326973563e+02 1.934308636149126848e-01
2.519463587945796519e+02 1.517311791276208339e+02 1.980893952673093705e-01
2.519148547158362987e+02 1.521832967032966906e+02 1.960574394930223174e-01
2.520052531517562215e+02 1.526359994606620489e+02 2.073565698105575283e-01
2.517928227600620232e+02 1.535770430796197559e+02 1.486226656778804056e-01
2.518621802737140172e+02 1.537927674779208473e+02 1.548816827344434710e-01
2.519188296366210409e+02 1.540550947212296933e+02 1.628935481696217880e-01
2.519500923616261048e+02 1.543639533472662322e+02 1.654931571495988629e-01
2.519607105777657807e+02 1.546188997505561815e+02 1.668792557136115351e-01
2.519860756421492738e+02 1.550014872244319974e+02 1.658073215128429978e-01
2.520255592260500350e+02 1.551222180273713889e+02 1.675938785141239118e-01
2.520030243376255612e+02 1.552262698038158248e+02 1.677597249376390487e-01
2.519869817299265264e+02 1.552015519449875285e+02 1.730614171104968568e-01
2.519608413672217466e+02 1.551897269601564062e+02 1.641164969999325818e-01
2.519813995820130685e+02 1.553450104496730262e+02 1.666823973572439943e-01
2.519216975662374409e+02 1.551414737409829456e+02 1.645762826130924283e-01
2.517803276478122996e+02 1.540092361626103923e+02 1.555410233937841169e-01
2.516761801388795163e+02 1.509415505966426281e+02 1.615775635407537270e-01
2.516305521472392570e+02 1.481646396548237021e+02 1.743463898065125139e-01
2.515670397087575054e+02 1.468738866041933591e+02 1.710483381649025858e-01
2.515518007146228001e+02 1.462566345311130647e+02 1.836000809006944068e-01
2.515702541630149085e+02 1.458480428773680444e+02 1.893265017191397559e-01
2.516014117171172302e+02 1.456877799501112349e+02 1.803950650576417458e-01
2.516176997235892827e+02 1.456366561046315553e+02 1.876545540349221219e-01
2.516382795118991567e+02 1.455970309445156090e+02 1.978804018067821802e-01
2.516821883637834674e+02 1.457661214858760843e+02 1.961208117036337961e-01
2.517050495516753301e+02 1.457780529899548299e+02 2.007982201847232639e-01
2.516900640463830712e+02 1.455723049956178841e+02 2.094829097283084918e-01
2.516924061214858739e+02 1.455881844535832386e+02 2.086550259556394504e-01
2.517334429987190845e+02 1.457924438751432490e+02 2.117346457223757972e-01
2.517879916402615663e+02 1.463418418391424609e+02 2.104280995078540994e-01
2.518704914717184522e+02 1.468810800242702044e+02 2.150353940537989561e-01
2.518910267646463979e+02 1.474119989213240842e+02 2.120811703633789513e-01
2.519100370794849368e+02 1.478233816490258334e+02 2.044670666756556454e-01
2.519164511562057669e+02 1.483789388525584911e+02 2.149504483246814646e-01
2.519053798961774362e+02 1.487363985707544032e+02 2.111521607227128672e-01
2.519167909391222224e+02 1.488890460459785743e+02 2.122969055484393019e-01
2.519081655767545271e+02 1.491607955234948975e+02 2.150677543315580031e-01
2.518977064653138314e+02 1.492495799905615854e+02 2.068334119867862309e-01
2.519032926582619893e+02 1.495461147441515664e+02 2.032454661902514670e-01
2.519033506370929558e+02 1.499191572844333677e+02 2.119557742870626371e-01
2.519532515337423320e+02 1.502555882154655080e+02 2.047515674509539640e-01
2.519190224499427018e+02 1.504323656711386832e+02 2.098078608508056331e-01
2.519406472055551944e+02 1.506870693723454337e+02 2.081601833749072983e-01
2.519607564214926185e+02 1.510740106519247661e+02 2.065974516281264828e-01
2.519796561720488057e+02 1.515148708959751787e+02 2.047920177981527590e-01
2.520354587743544812e+02 1.518901355086631213e+02 2.164565495853839339e-01
2.519490662711521622e+02 1.522241609923818544e+02 1.993420076855659806e-01
2.518880145621249937e+02 1.517387271624081393e+02 1.923629744488640214e-01
2.516654163014899268e+02 1.493100182026562379e+02 1.806472055551810174e-01
2.516528227600620369e+02 1.458825766871165683e+02 1.910348547158363108e-01
2.515691215532933427e+02 1.441629946740376056e+02 1.850131463628396089e-01
2.515591936897458254e+02 1.432129373693790910e+02 1.921863412660958781e-01
2.515424728645587606e+02 1.427282249039304247e+02 1.891161599137059224e-01
2.516100478662441731e+02 1.428749194363918207e+02 1.944097620171239826e-01
2.517058909188970404e+02 1.433911386772736591e+02 2.108609182228814161e-01
2.517590116631834292e+02 1.436521755545068402e+02 2.220171239803141738e-01
2.517924223016247538e+02 1.439925058990089610e+02 2.250401132609721466e-01
2.517940349221330791e+02 1.441804516955437236e+02 2.334659205824849981e-01
2.517488882896244888e+02 1.440397195442594125e+02 2.188566035191802095e-01
2.517917467808265428e+02 1.441391195307759858e+02 2.212202521404975364e-01
2.518034531113058847e+02 1.443694235825524288e+02 2.190345850468549960e-01
2.518152605676532119e+02 1.445900896649363006e+02 2.161005865300343887e-01
2.518470895975190444e+02 1.449855781028787192e+02 2.191599811231713102e-01
2.517378048944920010e+02 1.457659650778669231e+02 1.824499426953414549e-01
2.517406202386570442e+02 1.461512330614171162e+02 1.906465313827276908e-01
2.518064423919638557e+02 1.463129616395873995e+02 1.900896649362907032e-01
2.517963244117845250e+02 1.463005137194094232e+02 1.868576821951055122e-01
2.517943989752578773e+02 1.464040072810624906e+02 1.759118182431065880e-01
2.517810759792354816e+02 1.463271475763500291e+02 1.903067484662576692e-01
2.518025685970471272e+02 1.463517036337895263e+02 1.945243713341872904e-01
2.518083920986988460e+02 1.463815465516078973e+02 1.939944717858828327e-01
2.518171064518303695e+02 1.464754318074563457e+02 1.951607901301152803e-01
2.518072635340120087e+02 1.465323184790669586e+02 1.977671408346254878e-01
2.518270329670329772e+02 1.468080199555046192e+02 1.912276680374839777e-01
2.518571752174206040e+02 1.470776309579990482e+02 2.088572776916335083e-01
2.519032063641879517e+02 1.473677071394862708e+02 2.098334794040315476e-01
2.519245789793029076e+02 1.477028166925099413e+02 2.154264140767208346e-01
2.519496204409087738e+02 1.480222085889570565e+02 2.120245398773006051e-01
2.518816180138879588e+02 1.477208993460527324e+02 2.046005528214117075e-01
2.516870693723454337e+02 1.457833951324748796e+02 1.954938313220521695e-01
2.515804516955437293e+02 1.435836135643497471e+02 1.897849389873929871e-01
2.515743962785680594e+02 1.423032710847434714e+02 2.014804827074765659e-01
2.515161693521202722e+02 1.417207308029393857e+02 1.975487089597519064e-01
2.515528187150273141e+02 1.418873781433290731e+02 2.117912762084541156e-01
2.515974961235083924e+02 1.421257533877165713e+02 2.128483786152497725e-01
2.516829339985168303e+02 1.423760965414953148e+02 2.166601496662846349e-01
2.517931733297377548e+02 1.430726420818445490e+02 2.316025079215263127e-01
2.518035461471044414e+02 1.430883947953886661e+02 2.221479134362570051e-01
2.517531787231173723e+02 1.429014602575338699e+02 2.294680779343356014e-01
2.516603775365738613e+02 1.422610355288883000e+02 2.144111103620306158e-01
2.516389509876626391e+02 1.418178898402211416e+02 2.127337692981864647e-01
2.516546794309984421e+02 1.417852019146497753e+02 2.052855120339782957e-01
2.516659610328322003e+02 1.421448715701476431e+02 2.015155396750488714e-01
2.517227748938178422e+02 1.424512640733499609e+02 2.185087305332704122e-01
2.517821236432279477e+02 1.427456320366749765e+02 2.227142182970403839e-01
2.518335185060338404e+02 1.431994094249309057e+02 2.306033843457156451e-01
2.518905656306883429e+02 1.436265057641744818e+02 2.442782983887278325e-01
2.518734659205824755e+02 1.440578412998044939e+02 2.375864626171374505e-01
2.518541373963459762e+02 1.444234814265489035e+02 2.319544259421560117e-01
2.518852100047191982e+02 1.449308002427020767e+02 2.395644845951594437e-01
2.519085822153306822e+02 1.454544569540888688e+02 2.382201847232522096e-01
2.519268603788849248e+02 1.462836661498011210e+02 2.335994067282410880e-01
2.519947805568664592e+02 1.472443376255646115e+02 2.485741252612418128e-01
2.519893480752376433e+02 1.477175460122699349e+02 2.443147037012067813e-01
2.519189590777320973e+02 1.473222058922672488e+02 2.283503000067417243e-01
2.516767666689138991e+02 1.452478675925301559e+02 2.083044562799163946e-01
2.516107840625631979e+02 1.423246194296501130e+02 2.099359536169352058e-01
2.515365913840760470e+02 1.400842526798355152e+02 2.221263399177509645e-01
2.515140996426885920e+02 1.384349598867390227e+02 2.117467808265354190e-01
2.515262994674037600e+02 1.375200000000000102e+02 2.218121755545068297e-01
2.515263520528551169e+02 1.372314002561855375e+02 2.225969122901638175e-01
2.515161760938448197e+02 1.370562259826063496e+02 2.171104968650980904e-01
2.517513099170767816e+02 1.438953320299332574e+02 2.208427155666419506e-01
2.516672594889772938e+02 1.432452059596844833e+02 2.020602710173262373e-01
2.516579370322928639e+02 1.426177496123508490e+02 2.047515674509539640e-01
2.516619146497673967e+02 1.424462145216746478e+02 2.110726083732218650e-01
2.516745122362300151e+02 1.426933607496797549e+02 2.259286725544394359e-01
2.517161315984628800e+02 1.429617986921054467e+02 2.193918964471111843e-01
2.518751082046787531e+02 1.440489799770781474e+02 2.317090271691498726e-01
2.518998341535764780e+02 1.443120461133958088e+02 2.368691431268118430e-01
2.518607766466662099e+02 1.447198799973033090e+02 2.469547630283826511e-01
2.518791020022921998e+02 1.450059462010382276e+02 2.416234072675790545e-01
2.518810719342007758e+02 1.452459192341401035e+02 2.474779208521539764e-01
2.517027303984359321e+02 1.453995941481830982e+02 1.937490730128766936e-01
2.517712411514865494e+02 1.456577293871772270e+02 1.966871165644171748e-01
2.517710429447852789e+02 1.456387676127553448e+02 2.015910469898199997e-01
2.516019402683206465e+02 1.446976619699319144e+02 1.786570484729994024e-01
2.514619564484595173e+02 1.420549302231510751e+02 1.920110564282343502e-01
2.514728820872379060e+02 1.382382296231375847e+02 2.265017191397559471e-01
2.514495381918694932e+02 1.352878190521135195e+02 2.139081777118586880e-01
2.514489718870086961e+02 1.334960709229420956e+02 2.282559158632778140e-01
2.514616530708555331e+02 1.326127324209532787e+02 2.231119800444953949e-01
2.515416004854041603e+02 1.331227641070585719e+02 2.471206094518977880e-01
2.518151432616463410e+02 1.414363513786826729e+02 2.666945324614036217e-01
2.518899062900289891e+02 1.418998422436459350e+02 2.638859300208993286e-01
2.518254607968718517e+02 1.421858288950313352e+02 2.529063574462347419e-01
2.518108878851210193e+02 1.421832602979842193e+02 2.488640194161666486e-01
2.517838589631227535e+02 1.420725611811501494e+02 2.408899076383738957e-01
2.517113031753522421e+02 1.417695759455268671e+02 2.427196116766668910e-01
2.517140780691700854e+02 1.416076505090001945e+02 2.336088451425874790e-01
2.516909579990561667e+02 1.415595469561113759e+02 2.310712600283152396e-01
2.517118694802130392e+02 1.415617541967235127e+02 2.439358187824445523e-01
2.516893103215802512e+02 1.415003424796062745e+02 2.355248432549046089e-01
2.516844171779140993e+02 1.411343800984291761e+02 2.342317804894492039e-01
2.516635892941414454e+02 1.409855915863277858e+02 2.366089125598327958e-01
2.517756488909863037e+02 1.417859475493831383e+02 2.488262657587810844e-01
2.518472096002157343e+02 1.425448890986314439e+02 2.524546619025146432e-01
2.517571266770039813e+02 1.422526596103283225e+02 2.403923683678284851e-01
2.516786327782646708e+02 1.415422409492348095e+02 2.305656306883300810e-01
2.515095530236634431e+02 1.395365873390413185e+02 2.245196521270140799e-01
2.515302393312209404e+02 1.364895638104227089e+02 2.347158363109283219e-01
2.515060392368367843e+02 1.346340672824108537e+02 2.436674981460257572e-01
2.514999325827546670e+02 1.333010840693049204e+02 2.493399851682060187e-01
2.514652059596844822e+02 1.323092496460594703e+02 2.516807119261106895e-01
2.517934119867862250e+02 1.402898011191262810e+02 2.519004921458909418e-01
2.517959927189374980e+02 1.405959900222476904e+02 2.501597788714353121e-01
2.518141724533135459e+02 1.416230782714218321e+02 2.561410368772332191e-01
2.518869237510955372e+02 1.422927229825389475e+02 2.814939661565428186e-01
2.518869318411649658e+02 1.430228180408548440e+02 2.600080900694397568e-01
2.519608953010180130e+02 1.438937962650846032e+02 2.737274994943706408e-01
2.519500384278298384e+02 1.444214225038764994e+02 2.733688397492078370e-01
2.518970471246544776e+02 1.445261592395334844e+02 2.582336681723184646e-01
2.517828247825793824e+02 1.438853839412121545e+02 2.537436796332501743e-01
2.517638657048472908e+02 1.437249322456684411e+02 2.376727566911616130e-01
2.517183428841097452e+02 1.436510753050630456e+02 2.361787905346187655e-01
2.517592570619564469e+02 1.437906869817299196e+02 2.346066203734915312e-01
2.518306856333850305e+02 1.441678621991505338e+02 2.366318344232454796e-01
2.518543207712532990e+02 1.446690190790804422e+02 2.491795321243173988e-01
2.519023285916537418e+02 1.452097997707813590e+02 2.562286792961639414e-01
2.519227560169891547e+02 1.458125058990089542e+02 2.652194431335535563e-01
2.519775460122699258e+02 1.465127512977819606e+02 2.569055484392907540e-01
2.520158255241690881e+02 1.471037430054607853e+02 2.576727566911615752e-01
2.519955248432549126e+02 1.479083125463493502e+02 2.639263803680981790e-01
2.519736600822490402e+02 1.483132879390548169e+02 2.571940942493089466e-01
2.518088842445897626e+02 1.474747778601766299e+02 2.352079822018472433e-01
2.516449457291174951e+02 1.444905305737207470e+02 2.087008696824647624e-01
2.516075682599608854e+02 1.401461484527742130e+02 2.509633924357850820e-01
2.515304658531652535e+02 1.368907152969729566e+02 2.388269399312344110e-01
2.514807806917009430e+02 1.352566857682195121e+02 2.406013618283557032e-01
2.515423353333782757e+02 1.346161680037753570e+02 2.438400862940740266e-01
2.514998476370255389e+02 1.341410935077192619e+02 2.490716645317872235e-01
2.516964080091687492e+02 1.348557311400256253e+02 2.713476707341738181e-01
2.517044994269534186e+02 1.350939243578507387e+02 2.784777186004179783e-01
2.516931072608373086e+02 1.423195456077664574e+02 2.161868806040585234e-01
2.516089489651452880e+02 1.412971415087979494e+02 2.280833277152295446e-01
2.514936371603856173e+02 1.396509512573316272e+02 2.053043888626710778e-01
2.513357702420279054e+02 1.382556205757432792e+02 2.134928874806175381e-01
2.513209370997101075e+02 1.369932488370525050e+02 2.184467066675655766e-01
2.513173181419807065e+02 1.361782484999662870e+02 2.264140767208251970e-01
2.514401820265623826e+02 1.364689193015573494e+02 2.395577428706263112e-01
2.515618593676262265e+02 1.371124317400391135e+02 2.519476842176228693e-01
2.516798125800579840e+02 1.378257682195105644e+02 2.703391087440167317e-01
2.518508501314636305e+02 1.390589091889705458e+02 2.930236634531113160e-01
2.519129980448998936e+02 1.399622881413065443e+02 3.106829366952066351e-01
2.519541400930357895e+02 1.406783887278365910e+02 3.119827411851952004e-01
2.519784116497000070e+02 1.413781999595496472e+02 3.033749073012876885e-01
2.519149531450144934e+02 1.420606593406593277e+02 3.015681251264073492e-01
2.518925490460459855e+02 1.426122294883031145e+02 2.851924762354210441e-01
2.518763338501988756e+02 1.432758673228611883e+02 2.915081237780624557e-01
2.518884042338030156e+02 1.438385262590170441e+02 2.787824445493157222e-01
2.519323912896919069e+02 1.444829987190723273e+02 2.774462347468482637e-01
2.519549019079080381e+02 1.453416503741657095e+02 2.798597721297108043e-01
2.519520488100856142e+02 1.458400647205555174e+02 2.857520393716712626e-01
2.519162920515067867e+02 1.466941778466931794e+02 2.723589294141441353e-01
2.519720016180138771e+02 1.473842715566642028e+02 2.842782983887278125e-01
2.519093939189644686e+02 1.478273322996022330e+02 2.788768286927796325e-01
2.518882505224836450e+02 1.480226629811905923e+02 2.605622598260635137e-01
2.518999217959954251e+02 1.482726892739162565e+02 2.542250387649160892e-01
2.519266864423919685e+02 1.486949625834288327e+02 2.572776916335198782e-01
2.519469453246140347e+02 1.490973356704645028e+02 2.632077125328659006e-01
2.519578952336007660e+02 1.496262253084339022e+02 2.604665273376929879e-01
2.519670356637227826e+02 1.499800080900694468e+02 2.526461268792556947e-01
2.519507139486280494e+02 1.503133513112654214e+02 2.555747320164498126e-01
2.519238427829838827e+02 1.505746322389267107e+02 2.379181554641677243e-01
2.519810840693049272e+02 1.511680927661295755e+02 2.421465650913503798e-01
2.518676478123103948e+02 1.508368340861592287e+02 2.402346120137531238e-01
2.516888882896244866e+02 1.487210085619901463e+02 2.094990898671880153e-01
2.515484096271826218e+02 1.457633870424054408e+02 2.086037888491876213e-01
2.514843187487359160e+02 1.436931665880132130e+02 2.053246140362704752e-01
2.514435407537247897e+02 1.428515674509539508e+02 1.983105238319962382e-01
2.515262468819524031e+02 1.427273552214656434e+02 2.198179734376053407e-01
2.515875938785141273e+02 1.428987703094451547e+02 2.292577361289017679e-01
2.516734241218903776e+02 1.432520177981527638e+02 2.470585855861929525e-01
2.516699440436863711e+02 1.434382282747926922e+02 2.526501719139755964e-01
2.516669453246140336e+02 1.434828126474752139e+02 2.502069709431672395e-01
2.516574772466796901e+02 1.434608858626036465e+02 2.311696892064990239e-01
2.517346012269938740e+02 1.435575635407537334e+02 2.447057237241286320e-01
2.517547940403155167e+02 1.438114164363244072e+02 2.448769635272702860e-01
2.518047798826939925e+02 1.440355140564956571e+02 2.434989550326973617e-01
2.517951405649565118e+02 1.443457965347535890e+02 2.403492213308164316e-01
2.518207726016314894e+02 1.445859192341401069e+02 2.471947684217622732e-01
2.518723764578979285e+02 1.452452787703094543e+02 2.533014225038764944e-01
2.519252922537584993e+02 1.459069790332366949e+02 2.595954965280118931e-01
2.518758875480347967e+02 1.461687507584440198e+02 2.397613429515270123e-01
2.518914339648081864e+02 1.465156623744353794e+02 2.407227128699521435e-01
2.519046126879255780e+02 1.469497795456077540e+02 2.622085889570552331e-01
2.519626899480887232e+02 1.476595698779747750e+02 2.534133351311265159e-01
2.519423110631699672e+02 1.482986085080563612e+02 2.540848108946268669e-01
2.519834436728915250e+02 1.489209411447448304e+02 2.602009033910874236e-01
2.520243753792219934e+02 1.495329805164161030e+02 2.539890784062563411e-01
2.520075372480280578e+02 1.500840032360277689e+02 2.586583968179060333e-01
2.519944987527809701e+02 1.507905265286860299e+02 2.505993393109957612e-01
2.519640935751365305e+02 1.511621492617811668e+02 2.521148789860446215e-01
2.517498334794040318e+02 1.516492860513719450e+02 1.811231713072203875e-01
2.517826885997438069e+02 1.519145203262994812e+02 1.972331962516011561e-01
2.518255592260500180e+02 1.522748830310793551e+02 1.929791680711926138e-01
2.519048796602170910e+02 1.526821222948830439e+02 1.988889637969392665e-01
2.519903849524708335e+02 1.533767504887750306e+02 2.106168677947818924e-01
2.520841407672082539e+02 1.539887804220319651e+02 2.289503134901907933e-01
2.520194363918290321e+02 1.541172749949436991e+02 2.060648553900087665e-01
2.520425173599406605e+02 1.545307206903525810e+02 2.128416368907166401e-01
2.520362556461942916e+02 1.549613186813186871e+02 2.121930829906290006e-01
2.521000997775230985e+02 1.558227506236095223e+02 2.167019483583900730e-01
2.518317157688936732e+02 1.499485512033978409e+02 2.171010584507516994e-01
2.517243942560506866e+02 1.492926582619834051e+02 2.064531787231173865e-01
2.516337207577698507e+02 1.464530829906290137e+02 2.136182835569338523e-01
2.514875790467201568e+02 1.434202359603586672e+02 2.104901233735589627e-01
2.514838805366412657e+02 1.414303471988134504e+02 2.157095665071125101e-01
2.514760318209397951e+02 1.404915782377132132e+02 2.238279511899143870e-01
2.515284338973909541e+02 1.399847367356569805e+02 2.337423312883435689e-01
2.515107301287669372e+02 1.396271785882828738e+02 2.359900222476909726e-01
2.515820804961909118e+02 1.397122119598193137e+02 2.453933796265084510e-01
2.516499993258275367e+02 1.403487831187217694e+02 2.445183037821074545e-01
2.517637470504955104e+02 1.412845587541293071e+02 2.694114474482572907e-01
2.518068752106788963e+02 1.418989900896649488e+02 2.661376660149666340e-01
2.518405932717589053e+02 1.422257641744758416e+02 2.633236701948358238e-01
2.518484797411177851e+02 1.427482909728308584e+02 2.668536371603856261e-01
2.518889166048675179e+02 1.433681183846827878e+02 2.684190655969797001e-01
2.518730991707678868e+02 1.439044400997775313e+02 2.770781365873390412e-01
2.519328686037888474e+02 1.444093898739297401e+02 2.662792422301624717e-01
2.519536142385222206e+02 1.448875763500303435e+02 2.790264949774152181e-01
2.519545688667161016e+02 1.452223056697903303e+02 2.793730196184183723e-01
2.519042836917683417e+02 1.454204934942358136e+02 2.610719342007685739e-01
2.519097849389874000e+02 1.458367059933931102e+02 2.625780354614710710e-01
2.519702002292186478e+02 1.466694181891728022e+02 2.542304321445425508e-01
2.519639573923009550e+02 1.472485458100182143e+02 2.700667430728780349e-01
2.519329656846221326e+02 1.477787392975123169e+02 2.671017326232050237e-01
2.519218472325220830e+02 1.482835043484123219e+02 2.553994471785882570e-01
2.519310766534079278e+02 1.491337841299804552e+02 2.593689745836985083e-01
2.519493912222746701e+02 1.497781905211353148e+02 2.440059327175891635e-01
2.519833829973707395e+02 1.504612040720016068e+02 2.544178520865637561e-01
2.519798071866783573e+02 1.510395820130789559e+02 2.507045102137126502e-01
2.519831187217690172e+02 1.513388754803478662e+02 2.466581271489246829e-01
2.519964417177914129e+02 1.516537558147374227e+02 2.490500910132812107e-01
2.518803195577428653e+02 1.513966035191802177e+02 2.175338771657790160e-01
2.518984858086698466e+02 1.516491215532933268e+02 2.242162745230229792e-01
2.519009896851614769e+02 1.517930910806984457e+02 2.159037281736668201e-01
2.519369244252679891e+02 1.521490554843929033e+02 2.128793905481022042e-01
2.519790723387042419e+02 1.524877502865232941e+02 2.265974516281264728e-01
2.520803532663655346e+02 1.529710914852019243e+02 2.361235083934470347e-01
2.520447879727634302e+02 1.535738407604665383e+02 2.346861727229825334e-01
2.520341468347603211e+02 1.535850293265017115e+02 2.318236364862131804e-01
2.518041326771388242e+02 1.522880253488842470e+02 1.977550057304658659e-01
2.516903849524708505e+02 1.489493750421357845e+02 1.908083327715229538e-01
2.516190440234612140e+02 1.472206269803815815e+02 1.968866716105980019e-01
2.516002925908447310e+02 1.465914825052248318e+02 1.989509876626441021e-01
2.516014252005662968e+02 1.461982889503134970e+02 2.093305467538596476e-01
2.516089880671475782e+02 1.460181514191330052e+02 2.028679296163958812e-01
2.516803222544326957e+02 1.460602912424998294e+02 2.117306006876558955e-01
2.516965091350367345e+02 1.462732029933256968e+02 2.122766803748398767e-01
2.517678702892199851e+02 1.466016031820939816e+02 2.142789725611811413e-01
2.517315202588822274e+02 1.471184965954291215e+02 2.231375985977213094e-01
2.518041124519652101e+02 1.474855390008764289e+02 2.262778938852558486e-01
2.517599770781365862e+02 1.482154264140767168e+02 1.842499831456886616e-01
2.518085687318816213e+02 1.486514703701206770e+02 1.963716038562664246e-01
2.518705979909660755e+02 1.490606620373491467e+02 1.925867997033641199e-01
2.518787622193757159e+02 1.492379801793298668e+02 1.998799973033101862e-01
2.519114258747387680e+02 1.494268833007483295e+02 1.957742870626306142e-01
2.519543976269129644e+02 1.496916119463358825e+02 2.084581675992718819e-01
2.519868657722645366e+02 1.499362111508123689e+02 2.068253219173464552e-01
2.520285903054001153e+02 1.502231227668037548e+02 2.195186408683341139e-01
2.520470518438616523e+02 1.507588984022112868e+02 2.280482707476572390e-01
2.520716726218566635e+02 1.511311144070653256e+02 2.236553630418661176e-01
2.520350421357783262e+02 1.515038158160857620e+02 2.320622935346861593e-01
2.520346376323063566e+02 1.521539176161261935e+02 2.310523831996224575e-01
2.520244131328794026e+02 1.528789145823501769e+02 2.300424728645587558e-01
2.520286671610597864e+02 1.534743207712532751e+02 2.321351041596440290e-01
2.520453448392098608e+02 1.538207402413537466e+02 2.258491202049484337e-01
2.520349828086024502e+02 1.543246828018607175e+02 2.251439358187824480e-01
2.520376484864828512e+02 1.549277003977617539e+02 2.277057911413739588e-01
2.520557864221667899e+02 1.554909108069844308e+02 2.241704307961976672e-01
2.520642041394188766e+02 1.561097647138138029e+02 2.249538191869480119e-01
2.520402548371873479e+02 1.567942587473875733e+02 2.174570215061012723e-01
2.520485916537450350e+02 1.574179909660891212e+02 2.120393716712735133e-01
2.518799676397222527e+02 1.512750300006741782e+02 1.960763163217150995e-01
2.519119301557338417e+02 1.514553482100721453e+02 1.989819995954965337e-01
2.518065704847300026e+02 1.508676977010719327e+02 1.858922672419605071e-01
2.516210139553697900e+02 1.484384413132879388e+02 1.918843120070113928e-01
2.516898671880267102e+02 1.447535603047259372e+02 2.120353266365536393e-01
2.515866837457021461e+02 1.433180300680914172e+02 2.054203465246410010e-01
2.515777752309040523e+02 1.428065125058990077e+02 2.051291040248095499e-01
2.516225537652531443e+02 1.427487467134093038e+02 2.212512640733499680e-01
2.516713395806647213e+02 1.429711386772736432e+02 2.297485336749140461e-01
2.517150785410908043e+02 1.432950906761949739e+02 2.257722645452706900e-01
2.517225160115957578e+02 1.435679390548102106e+02 2.198098833681655651e-01
2.517732474887076251e+02 1.438832023191532414e+02 2.353347266230701729e-01
2.517704496730263486e+02 1.439699076383738827e+02 2.298226926447785312e-01
2.517454216948695489e+02 1.436788296366210602e+02 2.294599878648958535e-01
2.516838940200903494e+02 1.434548708959751764e+02 2.280401806782174912e-01
2.516921957796804463e+02 1.434168718398166220e+02 2.272689273916267683e-01
2.516934591788579496e+02 1.435062131733297406e+02 2.247596575203937297e-01
2.517853124789320987e+02 1.440628598395469453e+02 2.328375918559967561e-01
2.517908528281534473e+02 1.444283651318007173e+02 2.330789455942830213e-01
2.518223205015843007e+02 1.446426319692577351e+02 2.370457763095799864e-01
2.518392880738892927e+02 1.448484743477381471e+02 2.429488303107935065e-01
2.518460230566979021e+02 1.448779801793298816e+02 2.356354075372480150e-01
2.518909391222274792e+02 1.451126299467403840e+02 2.338933459178857976e-01
2.518985815411582223e+02 1.457078797276343209e+02 2.371967909391222151e-01
2.518772345445965186e+02 1.460967828490528007e+02 2.336573855592260496e-01
2.518569163351985480e+02 1.464094559428301636e+02 2.247758376592732532e-01
2.517923427492752637e+02 1.464841353738286216e+02 2.294532461403626933e-01
2.518339567181284906e+02 1.466377293871772451e+02 2.277475898334793969e-01
2.518282046787568333e+02 1.468685471583630999e+02 2.254810220454392111e-01
2.518793002089934703e+02 1.472921391491943552e+02 2.268603788849187508e-01
2.519193420076855716e+02 1.476297053866379088e+02 2.385397424661228338e-01
2.518979586058113682e+02 1.478097795456077677e+02 2.306330479336614336e-01
2.518930546753859687e+02 1.483149706734982942e+02 2.326596103283219974e-01
2.519247947144879731e+02 1.486891835771590422e+02 2.314905952942762635e-01
2.518407604665273425e+02 1.482801995550461811e+02 2.102932650171913942e-01
2.516348978628733164e+02 1.462976714083462468e+02 2.065502595563945276e-01
2.515823070181352250e+02 1.436281642284096165e+02 2.099858423784804196e-01
2.515235596305535068e+02 1.422183806377671544e+02 2.056805770916200482e-01
2.515584480550124624e+02 1.414904483246814664e+02 2.043942560506977757e-01
2.516893008831659131e+02 1.414699737072743346e+02 2.141818917279040002e-01
2.517309121553293210e+02 1.419589685161464274e+02 2.245439223353333791e-01
2.517938933459178941e+02 1.423044454931571465e+02 2.269453246140362701e-01
2.518389037955909089e+02 1.424931180475965675e+02 2.255241690824512923e-01
2.518572304995617799e+02 1.428485134497404374e+02 2.371024067956583326e-01
2.518747967370053118e+02 1.430123198274118579e+02 2.491026764646396552e-01
2.518606337221061153e+02 1.432060823838737917e+02 2.456603519180206308e-01
2.519261767680172568e+02 1.432610072136452573e+02 2.445776309579990593e-01
2.519073552214656502e+02 1.434867012741859469e+02 2.589766062158700421e-01
2.519214669992583993e+02 1.438336924425267966e+02 2.633411986786219905e-01
2.519133823231982774e+02 1.443703984359198955e+02 2.572520730802939637e-01
2.519286873862334062e+02 1.448150502258477843e+02 2.481062495786422184e-01
2.519316429582687249e+02 1.452339755949572009e+02 2.497997707813658652e-01
2.519302177577024224e+02 1.456208454122564433e+02 2.381055754061889018e-01
2.519230256859704582e+02 1.460765657655228154e+02 2.581500707881075884e-01
2.519450832602979915e+02 1.464362300276410735e+02 2.428153441650374167e-01
2.519504658531652410e+02 1.468592260500236080e+02 2.425915189105373182e-01
2.519290878446706756e+02 1.473206768691431137e+02 2.363244117845344772e-01
2.519109674374705037e+02 1.476535333378278096e+02 2.399770781365873351e-01
2.519371698240409785e+02 1.480089166048675224e+02 2.425982606350704507e-01
2.519561302501179796e+02 1.482971509472122875e+02 2.384076046652733871e-01
2.519692536910941953e+02 1.486993474010651823e+02 2.479902919166722952e-01
2.519961558686711953e+02 1.492878783792894239e+02 2.448864019416166771e-01
2.519884298523562336e+02 1.497979100653947171e+02 2.513840760466527491e-01
2.520092914447515682e+02 1.503138245803276618e+02 2.452140497539270492e-01
2.519922497134766957e+02 1.506585815411582416e+02 2.478298388727836477e-01
2.518520164498078486e+02 1.500081345648216882e+02 2.292604328187150264e-01
2.516175878109620498e+02 1.476052936021034157e+02 2.094033573788174896e-01
2.515247461740713391e+02 1.450256724870221774e+02 1.904119193689745859e-01
2.515637969392570596e+02 1.436650697768489238e+02 2.125193824580327573e-01
2.516072365671138584e+02 1.431487655902379856e+02 2.146349356165307143e-01
2.515900182026562391e+02 1.430551459583361407e+02 2.206930492820063372e-01
2.516447677475898388e+02 1.432356623744353783e+02 2.232373761208117091e-01
2.516511615991370547e+02 1.431846275197195553e+02 2.080320906087777255e-01
2.516879660217083483e+02 1.431427263534012013e+02 2.172210611474415243e-01
2.517143989752578648e+02 1.431882114204813661e+02 2.088464909323805019e-01
2.516751297781972596e+02 1.430907921526326447e+02 2.060459785613159844e-01
2.516375028652329320e+02 1.427815276747791984e+02 2.031470370120676827e-01
2.515844724600552809e+02 1.422996898806714796e+02 2.218135238994134728e-01
2.516108272096002167e+02 1.423427330951257375e+02 2.107961976673633220e-01
2.516820022921863540e+02 1.426551931504078823e+02 2.213807051843861562e-01
2.517347347131396305e+02 1.429931652396683148e+02 2.237335670464504767e-01
2.517483516483516439e+02 1.431016517225106099e+02 2.273471313962111551e-01
2.517965509337288381e+02 1.434305602373086970e+02 2.314434032225443361e-01
2.518236068226252371e+02 1.437428517494775235e+02 2.405595631362502651e-01
2.518998247151621399e+02 1.441685080563608210e+02 2.412269938650306866e-01
2.519069965617204900e+02 1.445104658531652433e+02 2.424863480078204014e-01
2.519229677071394917e+02 1.450305494505494437e+02 2.435542371738690648e-01
2.519757877705116869e+02 1.455174502797815705e+02 2.479835501921391627e-01
2.519589051439358229e+02 1.457965927324209474e+02 2.558214791343625949e-01
2.519273053327040941e+02 1.460342897593204441e+02 2.447771860041798586e-01
2.519216072271287032e+02 1.465793703229286109e+02 2.456900155059664193e-01
2.518944084136722097e+02 1.471957702420279190e+02 2.336789590777320902e-01
2.518946821276882702e+02 1.477618135238994057e+02 2.336830041124519641e-01
2.519226697229151171e+02 1.481088667161059789e+02 2.376902851749477519e-01
2.519050185397424571e+02 1.481989523360075509e+02 2.346672958942897513e-01
2.517494047057237196e+02 1.472734349086496195e+02 2.209937301961841793e-01
2.516069830782714121e+02 1.450559522685903175e+02 2.056940605406863132e-01
2.515342897593204441e+02 1.430014521674644357e+02 1.933391761612620607e-01
2.515241232387244565e+02 1.421888977280388247e+02 2.020791478460190194e-01
2.516897687588485155e+02 1.418924587069372478e+02 2.207631632171509484e-01
2.517395132474887021e+02 1.422548344906627165e+02 2.182471516213847496e-01
2.518299750556192294e+02 1.425245681925436543e+02 2.312735117643092975e-01
2.518841879592799842e+02 1.428218297040382936e+02 2.248890986314299179e-01
2.518614602575338779e+02 1.430855821479134420e+02 2.275224162340726830e-01
2.518268684689543591e+02 1.430919112789051439e+02 2.354722578035461367e-01
2.518265354277624226e+02 1.430688801995550534e+02 2.290554843929077100e-01
2.518216679026494944e+02 1.433025901705656224e+02 2.311251938245803272e-01
2.519614953145014624e+02 1.438038994134699635e+02 2.502851749477516541e-01
2.519746605541697591e+02 1.446031564754264025e+02 2.495611137328928864e-01
2.519946160587878410e+02 1.453560385626643381e+02 2.546929144475156837e-01
2.519933755814737424e+02 1.458712586799703388e+02 2.708177711858693604e-01
2.519958861996898918e+02 1.466120097080833204e+02 2.492118924020764459e-01
2.519808224903930522e+02 1.475360709229420877e+02 2.519813928402885317e-01
2.519685471583631227e+02 1.482484851344974004e+02 2.468495921256657344e-01
2.519389739095260552e+02 1.487579006269803870e+02 2.391249241555989946e-01
2.519615020562259815e+02 1.491563904806849621e+02 2.333674914043012139e-01
2.519570255511359846e+02 1.494017825119665588e+02 2.349544933594013285e-01
2.519673970201577617e+02 1.496054513584574863e+02 2.392273983685026528e-01
2.518946848243780892e+02 1.496422099373019705e+02 2.330762489044697627e-01
2.518632764781231117e+02 1.495176444414481125e+02 2.208467606013618245e-01
2.518464801456212570e+02 1.494761922739836848e+02 2.287507584440099662e-01
2.518578075911818246e+02 1.498185828895031477e+02 2.132164767747589951e-01
2.518970188094114349e+02 1.500854581001820236e+02 2.189428975932043442e-01
2.518635623272433008e+02 1.500453448392098608e+02 2.086280590575069205e-01
2.517101233735589574e+02 1.486843349288748186e+02 1.976134295152700004e-01
2.516370147643767154e+02 1.459131072608373358e+02 1.880334389536843509e-01
2.515198570754398872e+02 1.444319989213240660e+02 1.853070855524843186e-01
2.515669830782714200e+02 1.439275075844400931e+02 2.119234140093035901e-01
2.517125476977010692e+02 1.446309081102946266e+02 2.250738218836378368e-01
2.518894977415222911e+02 1.463336209802467351e+02 2.314043012202521288e-01
2.519622085889570542e+02 1.478264936290703133e+02 2.333202993325692587e-01
2.520096420144272997e+02 1.490437052518034022e+02 2.349153913571091490e-01
2.520348398840423272e+02 1.496992476235421066e+02 2.384453583226589235e-01
2.519860999123575880e+02 1.497697539270545519e+02 2.345149329198409072e-01
2.519475507314771221e+02 1.497423137598597691e+02 2.362044090878446800e-01
2.519352592193083069e+02 1.495842782983887389e+02 2.201307894559428324e-01
2.519386031146767380e+02 1.498794674037618790e+02 2.250616867794781872e-01
2.519605460796871910e+02 1.502882626575878078e+02 2.142762758713678828e-01
2.519959131665880250e+02 1.505964363244117976e+02 2.273403896716780226e-01
2.519519746511157621e+02 1.508718533000741502e+02 2.289584035596305411e-01
2.518993339176161328e+02 1.508770134160318150e+02 2.062603654014696919e-01
2.519203141643632478e+02 1.509174394930223286e+02 2.069547630283826711e-01
2.519235394053798984e+02 1.509787433425470340e+02 2.160641812175554399e-01
2.519385545742601096e+02 1.512168327378143431e+02 2.067201510146295385e-01
2.519101786557001219e+02 1.512282033304119295e+02 1.986192948156138283e-01
2.518857061956448433e+02 1.513876559023798336e+02 2.047461740713274470e-01
2.519114595833614203e+02 1.516168907166453153e+02 2.035394053798961767e-01
2.519435488437942467e+02 1.518577900626980295e+02 2.120326299467403808e-01
2.518784143463898033e+02 1.516908932785006527e+02 1.955221465650913426e-01
2.517180840018876893e+02 1.505596777455673134e+02 1.883664801456212401e-01
2.515771792624553314e+02 1.482625443268387926e+02 1.766925099440436742e-01
2.515611959819321726e+02 1.461936681723184677e+02 1.814683476033169263e-01
2.515983064787972694e+02 1.457118883570417438e+02 1.896945998786489507e-01
2.516108770983617546e+02 1.457954169756623628e+02 1.986934537854783134e-01
2.516499062900289800e+02 1.458002656239466148e+02 2.184979437740174057e-01
2.516021182498483029e+02 1.456088046922402839e+02 2.082747926919706061e-01
2.516404045034719843e+02 1.451675089327850117e+02 1.991046989819995894e-01
2.515617595901031507e+02 1.442424216274523019e+02 1.911831726555652811e-01
2.515536641272837528e+02 1.431216611609249583e+02 2.022045439223353336e-01
2.516906114744151637e+02 1.418969648756151685e+02 2.033331086091822171e-01
2.516222355558551840e+02 1.411779950111238406e+02 2.115283489516618376e-01
2.516098442661632930e+02 1.407129104024809578e+02 2.049228072540955903e-01
2.515779410773275799e+02 1.405194309984493941e+02 2.028800647205555308e-01
2.515464882356907026e+02 1.404220386974988344e+02 2.005905750691026890e-01
2.515450697768489192e+02 1.402547899952807882e+02 2.036701948358390080e-01
2.515235394053798927e+02 1.397588700869682441e+02 2.174327512977819732e-01
2.514263399177509655e+02 1.389467929616395736e+02 2.069345378547832459e-01
2.513379195038090756e+02 1.378247974111777694e+02 2.052841636890716526e-01
2.514012000269669045e+02 1.375575028652329195e+02 2.157068698172992516e-01
2.514389024472459937e+02 1.365445668441987550e+02 2.347239263803680975e-01
2.513944569540888665e+02 1.352643511090136883e+02 2.113260972156677797e-01
2.517555868671205985e+02 1.409485323265691363e+02 2.266958808063102571e-01
2.515807038360412662e+02 1.381829056832737876e+02 2.314272230836648125e-01
2.514935778332097414e+02 1.350814683476033053e+02 2.401928133216476857e-01
2.514508501314636248e+02 1.336815573383671563e+02 2.345472931975999542e-01
2.515770862266567747e+02 1.339594970673498153e+02 2.625632036674981351e-01
2.516295206633857049e+02 1.342229299534820939e+02 2.714622800512371259e-01
2.517689975055619129e+02 1.420763378952335927e+02 2.412081170363379046e-01
2.517599474145486340e+02 1.424434423245466235e+02 2.389712128362435073e-01
2.517964026157891055e+02 1.429037834558079965e+02 2.504159644036944576e-01
2.517709499089867222e+02 1.428082100721364611e+02 2.478797276343288614e-01
2.516261956448459500e+02 1.418670545405514645e+02 2.329993932447920191e-01
2.515538475021910472e+02 1.408317332973774683e+02 2.239088518843120046e-01
2.515379855727094878e+02 1.404613753118047725e+02 2.259138407604665277e-01
2.515515674509539679e+02 1.402011555315849876e+02 2.292456010247421183e-01
2.515307476572507142e+02 1.394517171172385872e+02 2.376525315175621877e-01
2.515885255848446036e+02 1.392907638373895907e+02 2.502015775635407779e-01
2.515666823973572548e+02 1.386296838131193851e+02 2.481129913031753509e-01
2.514798746039236903e+02 1.375328659070990227e+02 2.284271556664194680e-01
2.515048769635272663e+02 1.365885417649834892e+02 2.373923009505831683e-01
2.514200579788309824e+02 1.357807645115620687e+02 2.245129104024809474e-01
2.514323764578979308e+02 1.342650010112586756e+02 2.505143935818782697e-01
2.513973747724668044e+02 1.332201658464235265e+02 2.426966898132542350e-01
2.514228773680307540e+02 1.314974340996426747e+02 2.742290837996359532e-01
2.513668725139890796e+02 1.289041839142452659e+02 2.648338164902582226e-01
2.517494047057237196e+02 1.344777374772466771e+02 2.962313759859772078e-01
2.515808979977078081e+02 1.331004355154048540e+02 2.682640059327175974e-01
2.515233465920582603e+02 1.319966372278028643e+02 2.580988336816557593e-01
2.516424108406930600e+02 1.327485903054001142e+02 2.852221398233668048e-01
2.517107813658734017e+02 1.420865893615586799e+02 2.570390345850468439e-01
2.517345499898874266e+02 1.425474482572642216e+02 2.632697363985707639e-01
2.517067201510146219e+02 1.425749315714959948e+02 2.649214589091889449e-01
2.516132488370525095e+02 1.413450738218836307e+02 2.353509067619496964e-01
2.514992624553360656e+02 1.393737059259758553e+02 2.336196319018404854e-01
2.514158619294815651e+02 1.379344016719476826e+02 2.173114002561855329e-01
2.514832549046045926e+02 1.362947090945864090e+02 2.373356704645048221e-01
2.515095786422166668e+02 1.356899022449942720e+02 2.489853704577630888e-01
2.516050185397424741e+02 1.359471421829703957e+02 2.834140093035798502e-01
2.516146592058248359e+02 1.356054581001820338e+02 2.776727566911615930e-01
2.516852693318950855e+02 1.361983159172116302e+02 2.856131598462886556e-01
2.517451358457493313e+02 1.365610206970943068e+02 2.966709364255376569e-01
2.517311535090676102e+02 1.368115472257803447e+02 2.902555113598058179e-01
2.516175096069574693e+02 1.359773882559158551e+02 2.777010719342007938e-01
2.514869493696487552e+02 1.349385599676397192e+02 2.582700734847974133e-01
2.513941616665543108e+02 1.337324560102474322e+02 2.586678352322523966e-01
2.514390251466325026e+02 1.319999217959954194e+02 2.794714487966021843e-01
2.514425834288410897e+02 1.301833398503337094e+02 2.762583428841097755e-01
2.517094883031079462e+02 1.356098698847165167e+02 2.936654756286657952e-01
2.515388539068293596e+02 1.316599541562731872e+02 2.814629542236904425e-01
2.516306033843457044e+02 1.278626697229151148e+02 2.952632643430189718e-01
2.515769702689948133e+02 1.271307287804220323e+02 3.090945863951998773e-01
2.516022557810287879e+02 1.267343005460796803e+02 2.934510887885121155e-01
2.516428274792691866e+02 1.270126663520528609e+02 3.041407672082518943e-01
2.517036283961437277e+02 1.275965738555922542e+02 3.367343086361491156e-01
2.518106047326906207e+02 1.284223825254500184e+02 3.441690824512910196e-01
2.519052288815479130e+02 1.290587312074428610e+02 3.509445156070922778e-01
2.519138919975729891e+02 1.292848257264208200e+02 3.463008157486685001e-01
2.517989617744218833e+02 1.287495705521472473e+02 3.369257736128901670e-01
2.516575675857884562e+02 1.279319759994606613e+02 3.140052585451358347e-01
2.515944448189846980e+02 1.272927445560574427e+02 3.044805501247219159e-01
2.515425537652531602e+02 1.268618431874873522e+02 2.940281804085485007e-01
2.514995739230095069e+02 1.264946349356165314e+02 2.937261511494640431e-01
2.515052491067214930e+02 1.258630823164565555e+02 2.823798287601968493e-01
2.514042688599743940e+02 1.248480388323333159e+02 2.980017528483785982e-01
2.513978386031146783e+02 1.238302501179801851e+02 3.048890986314299334e-01
2.513907274320771137e+02 1.231213753118047549e+02 3.004934942358254979e-01
2.514708770983617683e+02 1.233763028382660281e+02 3.105090002022517504e-01
2.516017568934133237e+02 1.241911319355491088e+02 3.338704240544731472e-01
2.517229623137598651e+02 1.252175487089597539e+02 3.427452302298927833e-01
2.518183051304523588e+02 1.261381352389941384e+02 3.682195105507988786e-01
2.518928524236499698e+02 1.272013389064922819e+02 3.655942830175958891e-01
2.518446652733769326e+02 1.280200202251735959e+02 3.521283624351109198e-01
2.518579518640868287e+02 1.284547630283826720e+02 3.564295826872513895e-01
2.517856131598462923e+02 1.292139068293669482e+02 3.389118856603519081e-01
2.518616395874064722e+02 1.302576336546888740e+02 3.699696622396008716e-01
2.518509377738825492e+02 1.307648243780759003e+02 3.705359671003842781e-01
2.518148385356974188e+02 1.309922672419604908e+02 3.520879120879120694e-01
2.516367464437403214e+02 1.297993972898267430e+02 3.098146025753387711e-01
2.514260729454594525e+02 1.280663277826467947e+02 2.871961167666688963e-01
2.514364147508932774e+02 1.269949234814265537e+02 2.854985505292254033e-01
2.515013510415964504e+02 1.271557001280927608e+02 3.001132609721566813e-01
2.515814400323602911e+02 1.276901597788714326e+02 3.047556124856738435e-01
2.516839627856805635e+02 1.285874374705049661e+02 3.322591518910537056e-01
2.518251897795456102e+02 1.299017339715499304e+02 3.348169621789253703e-01
2.518107301287669486e+02 1.311217784669318291e+02 3.332663655363041766e-01
2.518382565900357406e+02 1.316424728645587550e+02 3.425267983550192019e-01
2.518163689071664635e+02 1.318410908110294599e+02 3.402683206364188195e-01
2.518222571293736962e+02 1.321377118586934500e+02 3.331841164969999158e-01
2.517840409896851668e+02 1.326352282073754338e+02 3.235555855187757235e-01
2.517876289354817061e+02 1.335715458774354545e+02 3.317764444144812308e-01
2.518876599474145621e+02 1.343999339310995822e+02 3.413092429043349529e-01
2.518223205015843007e+02 1.350493251533742409e+02 3.396184183914245369e-01
2.518980395065057678e+02 1.355559873255578793e+02 3.456819254365266492e-01
2.518338771657790005e+02 1.361204746174071261e+02 3.339122227465785575e-01
2.518738367154318212e+02 1.366042324546619113e+02 3.355706869817299265e-01
2.518714123912896810e+02 1.375736196319018347e+02 3.208818175689341357e-01
2.518629906290028941e+02 1.386084622126339809e+02 3.186071597114542020e-01
2.519022625227533183e+02 1.393772183644576330e+02 3.302015775635407380e-01
2.518514986853637083e+02 1.402256414750893327e+02 3.268711656441717905e-01
2.518801982067012659e+02 1.408206647340389566e+02 3.163163217150947171e-01
2.519368947616800369e+02 1.413576768017258871e+02 3.118883570417312900e-01
2.518619416166655469e+02 1.418400862940740126e+02 3.127405110227196028e-01
2.518476141036877323e+02 1.425457358592327921e+02 2.927526461268792346e-01
2.519306114744151444e+02 1.433521431942290860e+02 2.945931369244252918e-01
2.519469722915121679e+02 1.443822571293736985e+02 2.927108474347738243e-01
2.519851735994067212e+02 1.451739418863345179e+02 3.059623811771051138e-01
2.519438603114676596e+02 1.458524816288006605e+02 3.047569608305804589e-01
2.518868441987460471e+02 1.457855430459111403e+02 2.860109215937436944e-01
2.517854324816287885e+02 1.454010544057169909e+02 2.608723791545877191e-01
2.517670504955167416e+02 1.449441340254837201e+02 2.403020292590844764e-01
2.516765172251061813e+02 1.449411609249646062e+02 2.340537989617744175e-01
2.517529319759994735e+02 1.453456832737814466e+02 2.371158902447245975e-01
2.518898483111979942e+02 1.462875925301692064e+02 2.589968313894694396e-01
2.519041475089327946e+02 1.465843753792219957e+02 2.630405177644441483e-01
2.518619348749409994e+02 1.464943207712532853e+02 2.616004854041663608e-01
2.517193447043753736e+02 1.453296568462212690e+02 2.354857412526124294e-01
2.515379195038090643e+02 1.434829124249983181e+02 2.308676599474145386e-01
2.514547401065192389e+02 1.429888532326569077e+02 2.229663587945796555e-01
2.516113328389402000e+02 1.437678729859098041e+02 2.415883503000067489e-01
2.518052733769298186e+02 1.453110429447852709e+02 2.634638980651250462e-01
2.520216490258208069e+02 1.471927472527472389e+02 2.946403289961572192e-01
2.520054392233533349e+02 1.490077961302501137e+02 2.720528551203397760e-01
2.519898806714757598e+02 1.504898496595428981e+02 2.671961167666689341e-01
2.520186314299197647e+02 1.515636068226252178e+02 2.608508056360817062e-01
2.520296811164295718e+02 1.523099467403761764e+02 2.672055551810152974e-01
2.519856927121957710e+02 1.530220279107395811e+02 2.515000337086226723e-01
2.520247825793838103e+02 1.539364578979302962e+02 2.647866244185262397e-01
2.519951297781972528e+02 1.546467417245331433e+02 2.402278702892199913e-01
2.520460891255983142e+02 1.556623178048944851e+02 2.386368232993999750e-01
2.520680563608171099e+02 1.569199919099305589e+02 2.483543450414616161e-01
2.520580583833344690e+02 1.582671812849727075e+02 2.392220049888761635e-01
2.518651479808534930e+02 1.516918398166251052e+02 2.417218364457628388e-01
2.519192233533337912e+02 1.520299130317535230e+02 2.431591721162273401e-01
2.518688694127957888e+02 1.523126043281871489e+02 2.403856266432953526e-01
2.519311157554102465e+02 1.529618135238994228e+02 2.402319153239398652e-01
2.519156677678149947e+02 1.533095665071125211e+02 2.391532393986381677e-01
2.519814818310523776e+02 1.540886941279579219e+02 2.392543652666352105e-01
2.519786948021303772e+02 1.544559010314838474e+02 2.382093979639992032e-01
2.519608899076383750e+02 1.549461228342210006e+02 2.472608373221870104e-01
2.520043861659812592e+02 1.555407388930088359e+02 2.232252410166520595e-01
2.520451628126474759e+02 1.562992880738893007e+02 2.250846086428908432e-01
2.518254136048001044e+02 1.495450495516753051e+02 2.394593136924425270e-01
2.519023946605541653e+02 1.503465853165239707e+02 2.391653745027978173e-01
2.519204436054742757e+02 1.509533769298186598e+02 2.398408953010179867e-01
2.519146875210678900e+02 1.513349032562529430e+02 2.455066405986651434e-01
2.519614575608440532e+02 1.518895004382120817e+02 2.471354412458706962e-01
2.518864127283759160e+02 1.516642769500438135e+02 2.304901233735589527e-01
2.519325369109418205e+02 1.519361342951526979e+02 2.225888222207240696e-01
2.520094411110362103e+02 1.526159765387986340e+02 2.364552012404773085e-01
2.519971037551405573e+02 1.529140794175150120e+02 2.322969055484392920e-01
2.518313665475628795e+02 1.522701948358390212e+02 2.006552956246207831e-01
2.516791963864356489e+02 1.504097107800175195e+02 1.946807793433560363e-01
2.516049659542911172e+02 1.484745135845749360e+02 2.016786894087507498e-01
2.515987446908919196e+02 1.478951918020629819e+02 2.071327445560574299e-01
2.516171738690757138e+02 1.480510078878176898e+02 1.972790399784264681e-01
2.517127310726083635e+02 1.485886455875412935e+02 2.170430796197667378e-01
2.517815829569203743e+02 1.489838427829838849e+02 2.250360682262522727e-01
2.518328106249578582e+02 1.494121836445762881e+02 2.421438684015371212e-01
2.518819712802534809e+02 1.500087561518236328e+02 2.420831928807389011e-01
2.519019321782512009e+02 1.502897296568462195e+02 2.376835434504146194e-01
2.519049983145688714e+02 1.506837119935279361e+02 2.297741522281399607e-01
2.519391033506370832e+02 1.510603546147104339e+02 2.365185734510887872e-01
2.519937153643901979e+02 1.515437322187015354e+02 2.276491606552956126e-01
2.520446531382727642e+02 1.523431402952875260e+02 2.465300343827951102e-01
2.520864868873457851e+02 1.533516861053057312e+02 2.413726151149463983e-01
2.520510941818917274e+02 1.540258814804826955e+02 2.360156408009168871e-01
2.520854594485269331e+02 1.545758457493426761e+02 2.375824175824175766e-01
2.520052005663048647e+02 1.551371334187285242e+02 2.324897188700869588e-01
2.520215101462954124e+02 1.558125112923885922e+02 2.280806310254163138e-01
2.517814953145014556e+02 1.566415937436796355e+02 1.635501921391492031e-01
2.517040113260972021e+02 1.496436958133890585e+02 2.030782714218297147e-01
2.517511063169959016e+02 1.498742021169015004e+02 2.128227600620238580e-01
2.518447246005528086e+02 1.502669507179936659e+02 2.138178386031146794e-01
2.519508015910469965e+02 1.508156839479538860e+02 2.267268927391626887e-01
2.520119342007685646e+02 1.513988040180678354e+02 2.510146295422369112e-01
2.520223002764107036e+02 1.516309175487089647e+02 2.341630148992112082e-01
2.519965347535899696e+02 1.517046693184116464e+02 2.404314703701206646e-01
2.518922834220993821e+02 1.515152093305467531e+02 2.232993999865165446e-01
2.518869965617204798e+02 1.517694208858626155e+02 2.153320299332569243e-01
2.518780489449201241e+02 1.519624917413874527e+02 2.148223555585518640e-01
2.519336439021101626e+02 1.523564875615182359e+02 2.183590642486347988e-01
2.519408386705319174e+02 1.527055201240477231e+02 2.160884514258747391e-01
2.518951715768893678e+02 1.524804125935414163e+02 2.164781231038899745e-01
2.518030351243848202e+02 1.518014413807051710e+02 1.943720083597384185e-01
2.516484797411177681e+02 1.504304847299939354e+02 1.950300006741724490e-01
2.515933068158834942e+02 1.492026845547090943e+02 2.047111171037551414e-01
2.516111615991370627e+02 1.487127903997842679e+02 2.035852491067214887e-01
2.516195779680442115e+02 1.484995145958336025e+02 1.973747724667969938e-01
2.516095098766264471e+02 1.483377765792489811e+02 2.019389199757297970e-01
2.516294397626913053e+02 1.482291121148789728e+02 2.042621182498483012e-01
2.516238522213982378e+02 1.480368313894694268e+02 2.061080024270208200e-01
2.515992557136115408e+02 1.479556084406391108e+02 1.995051574192678590e-01
2.516274347738151391e+02 1.477439951459583369e+02 2.117454324816288036e-01
2.516531760264275590e+02 1.477365563271084739e+02 2.129926515202588688e-01
2.516805851816894801e+02 1.478440531247893261e+02 2.140672824108406924e-01
2.516745971819591432e+02 1.478370242027910706e+02 2.075642149261781033e-01
2.517137706465313727e+02 1.480813726151149581e+02 2.106343962785680590e-01
2.517871961167666655e+02 1.484391977347805494e+02 2.284069304928200705e-01
2.518484703027034186e+02 1.490650091013281155e+02 2.213766601496662823e-01
2.519028139958201393e+02 1.495397047124654364e+02 2.285053596710038548e-01
2.519246868468954403e+02 1.499738623339850392e+02 2.248108946268455588e-01
2.519339068293669470e+02 1.502782956920380286e+02 2.357365334052450578e-01
2.518955005730465757e+02 1.503841798692105556e+02 2.318425133149059625e-01
2.518393932447920065e+02 1.501705386637902109e+02 2.255390008764242005e-01
2.518111575541023512e+02 1.498777388255915923e+02 2.159671003842782988e-01
2.517468374570215133e+02 1.495293318950987782e+02 2.121512842985235625e-01
2.517320434167060057e+02 1.491680536641272852e+02 2.082060271017326103e-01
2.516685121013955495e+02 1.490334524371334055e+02 2.034544596507786574e-01
2.517100680914177815e+02 1.491139216611609299e+02 2.106532731072608411e-01
2.517337814332906305e+02 1.491905858558619400e+02 2.150920245398773023e-01
2.517091363850873051e+02 1.492883813119395882e+02 2.000296635879457996e-01
2.517631052383199517e+02 1.495951392166116136e+02 2.076248904469763235e-01
2.518476559023798416e+02 1.501509458639519892e+02 2.164525045506640599e-01
2.519345216746443725e+02 1.508120461133958088e+02 2.277691633519854375e-01
2.519421560035056871e+02 1.511693440302029217e+02 2.279943369513921791e-01
2.518636931166992383e+02 1.507969459987864980e+02 2.182444549315714910e-01
2.517221007213645123e+02 1.497104672015101414e+02 2.037780624283691833e-01
2.516480846760601366e+02 1.489195671812849753e+02 1.999946066203734940e-01
2.516259205824850085e+02 1.489984817636351409e+02 2.020818445358322779e-01
2.517554870895975228e+02 1.495275170228544539e+02 2.020373491539135813e-01
2.518282896244859330e+02 1.500547266230701950e+02 2.281062495786422284e-01
2.518912519382458015e+02 1.505231375985977138e+02 2.280455740578440083e-01
2.519133095125733064e+02 1.506564956515876759e+02 2.343342547023528621e-01
2.518956650711251939e+02 1.509699062900290016e+02 2.281992853771994956e-01
2.519328780422031855e+02 1.513703175352255244e+02 2.290770579114137506e-01
2.518743126811838522e+02 1.513264167734106422e+02 2.059138407604665377e-01
2.519068536371603955e+02 1.515071367895907883e+02 2.150448324681453471e-01
2.518790332367019573e+02 1.516634072675790605e+02 2.052369716173397252e-01
2.518845034719881255e+02 1.518848621317332857e+02 2.198125800579788236e-01
2.517352821411717230e+02 1.525584547967370099e+02 1.753522551068563418e-01
2.517876518573451108e+02 1.529001159576619671e+02 1.779559091215532907e-01
2.518416112721634192e+02 1.532575473606148364e+02 1.905319220656644108e-01
2.519029380435515293e+02 1.535849646059461975e+02 1.920164498078608395e-01
2.519781743409964179e+02 1.539786017663318205e+02 2.059205824849996702e-01
2.520167073417380266e+02 1.540435259219308364e+02 2.053812445223488214e-01
2.519987069372345445e+02 1.541610719342007769e+02 2.000647205555181052e-01
2.520123117373424009e+02 1.543524074698307800e+02 2.134349086496325765e-01
2.519689219982471400e+02 1.541906249578642303e+02 2.014319422908379953e-01
2.519893790871705050e+02 1.546260877772534172e+02 1.977671408346254878e-01
2.520290028989415418e+02 1.550231915323939802e+02 2.066823973572439743e-01
2.520259772129710711e+02 1.554850320231915362e+02 2.131301827007348604e-01
2.520589590777320836e+02 1.560724128632104168e+02 2.101665205959684368e-01
2.521054769770107100e+02 1.568349423582552333e+02 2.212903660756421476e-01
2.521186139014359924e+02 1.576788471651048269e+02 2.217393649295489877e-01
2.520937221061147397e+02 1.583043066136317805e+02 2.184318748735926685e-01
2.518615290231241204e+02 1.520169783590642396e+02 2.353077597249376429e-01
2.517825348884244647e+02 1.517491417784669352e+02 2.108838400862940721e-01
2.516427856805771057e+02 1.504950974179195100e+02 2.049025820804961928e-01
2.515863992449268665e+02 1.494469857749612345e+02 2.074293804355153981e-01
2.515717130722038632e+02 1.486495543720083674e+02 1.950717993662778871e-01
2.515796184183914193e+02 1.485701732623205089e+02 1.957163082316456526e-01
2.516298712330614080e+02 1.487001550596642687e+02 1.906613631767005990e-01
2.516846329130991649e+02 1.489059367626238668e+02 1.913368839749207961e-01
2.517493588619969103e+02 1.491775271354412382e+02 2.108690082923211639e-01
2.517848446032495247e+02 1.494790507651857467e+02 2.127148924694936827e-01
2.518412404773141020e+02 1.496189806512505811e+02 2.123697161733971439e-01
2.518113072203869649e+02 1.497513948628059097e+02 2.046517899278635366e-01
2.517592678487156945e+02 1.497946470707206856e+02 2.084770444279646640e-01
2.517644279646733594e+02 1.497685592934672627e+02 2.057655228207375397e-01
2.517891121148789750e+02 1.498238117710510267e+02 2.122348816827344387e-01
2.518331315310456375e+02 1.501983927728713013e+02 2.170026292725679151e-01
2.519064990224499354e+02 1.506976983752443857e+02 2.217285781702959535e-01
2.519283004112452033e+02 1.510067740848108997e+02 2.175257870963392404e-01
2.519606242836917716e+02 1.513329333243443671e+02 2.274536506438346872e-01
2.519912532865907053e+02 1.516567666689139173e+02 2.270963392435784989e-01
2.519857911413739657e+02 1.520254891121148830e+02 2.135859232791748052e-01
2.520703822557810270e+02 1.523519409424930871e+02 2.167437470504955110e-01
2.520735279444481876e+02 1.527392584103013462e+02 2.295692038023326442e-01
2.520166237443538080e+02 1.532566655430458979e+02 2.390291916672284689e-01
2.519596898806714762e+02 1.538679242230162458e+02 2.135360345176296193e-01
2.519578938852558565e+02 1.542744353805703383e+02 2.179248971887008668e-01
2.519378089395267182e+02 1.545691026764646381e+02 2.066392503202319209e-01
2.519147522416234040e+02 1.548694020090339052e+02 1.972803883233331113e-01
2.519626966898132423e+02 1.550883125463493570e+02 2.036445762826130934e-01
2.519649915728443261e+02 1.555894748196588750e+02 1.994269534146834721e-01
2.519482707476572614e+02 1.557701071934200741e+02 2.086671610597991000e-01
2.518899588754803460e+02 1.553764740780691795e+02 1.878959077732083871e-01
2.517257034989550277e+02 1.540650455066405868e+02 1.812795793163891334e-01
2.515804368637497532e+02 1.524186705319220607e+02 1.672554439425605055e-01
2.516053933796265198e+02 1.522236432279377141e+02 1.674549989887413326e-01
2.516672015101462989e+02 1.526134429987190799e+02 1.685930020899346071e-01
2.518018876828692783e+02 1.532270504955167496e+02 1.845129104024809674e-01
2.518803101193285272e+02 1.538952740511022625e+02 1.827681520933054637e-01
2.519122793770646638e+02 1.544874307287804243e+02 1.939445830243376190e-01
2.519462940740241379e+02 1.549250185397424673e+02 1.920218431874873566e-01
2.519837295220117426e+02 1.554853771994876297e+02 1.969958875480347926e-01
2.520027775905076624e+02 1.559617582417582469e+02 2.011299130317535100e-01
2.519679565832940114e+02 1.561654014696959507e+02 1.933904132677138898e-01
2.519511831726555613e+02 1.564234976066877891e+02 1.881035528888289621e-01
2.518031281601833768e+02 1.569352551742735784e+02 1.467012741859367586e-01
2.518736290703161842e+02 1.573700519112788925e+02 1.529939998651655142e-01
2.519387028921998137e+02 1.577487008696824660e+02 1.629447852760736171e-01
2.519628234342344797e+02 1.579096190925638723e+02 1.667875682599609111e-01
2.519524438751432740e+02 1.580179181554641730e+02 1.672972426346659436e-01
2.519407038360412514e+02 1.581560790130115208e+02 1.694545944852693387e-01
2.518542816692509803e+02 1.513753387716577947e+02 2.186165981258005875e-01
2.518418876828692703e+02 1.513537692981864780e+02 2.084028854581001788e-01
2.518077839951459680e+02 1.514741441380705282e+02 2.083058046248230377e-01
2.518200188768286978e+02 1.515892186341266097e+02 2.053731544529090458e-01
2.518898375244387466e+02 1.518296676329805166e+02 2.221142048135913150e-01
2.518932124317400394e+02 1.522570444279646722e+02 2.184022112856468800e-01
2.519162151958470872e+02 1.526164484595159365e+02 2.184332232184992839e-01
2.519408979977078218e+02 1.529732596238117708e+02 1.980866985774961120e-01
2.519233883907503468e+02 1.531183347940403223e+02 2.091835771590372928e-01
2.518520285849120341e+02 1.528142681858019216e+02 1.990615519449875359e-01
2.517328241084069305e+02 1.519136978359064187e+02 1.820440908784466960e-01
2.516331692847030297e+02 1.503719004921458975e+02 1.771401604530438989e-01
2.516044886401941483e+02 1.489691255983280485e+02 1.824391559360884485e-01
2.516028652329265753e+02 1.484021034180543381e+02 1.824566844198746152e-01
2.516044414481224294e+02 1.483596359468752155e+02 2.052423649969662145e-01
2.516097256118115126e+02 1.481396319018404881e+02 2.031092833546821186e-01
2.516421303849524804e+02 1.481179491673970290e+02 2.091673970201577692e-01
2.516561396885323347e+02 1.481219308299062902e+02 2.010112586799703283e-01
2.516702878716375551e+02 1.481481520933054696e+02 1.947279714150879915e-01
2.516374947751634750e+02 1.480308096811164376e+02 1.965158767612755208e-01
2.516786246881952422e+02 1.478246261713746321e+02 2.077300613496932402e-01
2.517073053327040952e+02 1.478188094114474609e+02 2.044266163284568227e-01
2.517472972426346587e+02 1.479172628598395534e+02 2.009330546753859692e-01
2.518034288410975421e+02 1.482836526663520544e+02 2.194283017595901053e-01
2.518513355356300281e+02 1.487030122025213927e+02 2.076909593474010607e-01
2.518904645048203292e+02 1.489657115890244654e+02 2.072527472527472547e-01
2.519502811299130371e+02 1.496095624620778040e+02 2.235016517225106303e-01
2.519879687183981787e+02 1.504000040450347058e+02 2.264585721027438936e-01
2.520186489584035598e+02 1.510523198274118499e+02 2.324074698307827258e-01
2.519905481022045421e+02 1.516762650846086444e+02 2.233991775096069443e-01
2.519750947212296808e+02 1.523398894357176516e+02 2.098267376794984151e-01
2.520106977684891660e+02 1.530675750016854408e+02 2.189132340052585557e-01
2.520050994404368510e+02 1.537620831928807377e+02 2.231011932852423607e-01
2.520486213173329872e+02 1.543266149801119127e+02 2.263021640935751477e-01
2.520126137666015040e+02 1.549591667228476979e+02 2.234962583428841132e-01
2.520055524843254773e+02 1.555529845614508133e+02 2.137612081170363332e-01
2.519748358390076248e+02 1.556053286590709774e+02 2.030081574866851035e-01
2.519532380502932654e+02 1.557183738960426069e+02 2.049295489786287228e-01
2.518890824512910456e+02 1.556347374098294267e+02 1.909768758848513492e-01
2.517600970808332761e+02 1.545734969325153259e+02 1.718344232454661891e-01
2.516602049484258146e+02 1.533302514663250804e+02 1.561032832198476494e-01
2.516576511831726464e+02 1.530297242634665906e+02 1.699224701678689331e-01
2.517134456954088932e+02 1.534208791208791069e+02 1.830931032158026051e-01
2.518307436122159970e+02 1.541757608036135707e+02 1.933796265084608557e-01
2.518560641812175618e+02 1.543952524775837674e+02 1.886253623676936442e-01
2.519021978021978043e+02 1.546869871233061531e+02 1.956340591923413919e-01
2.519087723319625240e+02 1.550715121688127738e+02 1.880374839884042248e-01
