2.521706049589858196e+02 1.949321634973900075e+02 6.507503728560776191e-02
2.520452670581655354e+02 1.948346033743474948e+02 4.996271439224459626e-02
2.519482778709918023e+02 1.947178411633109647e+02 3.608547725577927051e-02
2.519586129753915031e+02 1.945663916853094690e+02 2.026239746457867211e-02
2.519582867263236494e+02 1.945262980052199850e+02 2.516778523489932723e-02
2.519619686800894840e+02 1.945423308165548235e+02 2.507457121551081441e-02
2.519853071401938962e+02 1.945152521439224529e+02 2.972362043251304889e-02
2.520478653989559916e+02 1.945712621178225277e+02 3.119174123788217776e-02
2.520557769388516078e+02 1.945582704138702468e+02 2.710197613721103752e-02
2.519981357196122360e+02 1.944816135346756028e+02 2.068186055182699365e-02
2.519418461036540009e+02 1.944187290268456252e+02 1.847967934377330382e-02
2.519963996085011217e+02 1.945723107755406431e+02 2.265100671140939451e-02
2.520969192766592073e+02 1.946856590231170685e+02 3.091209917971662891e-02
2.520130965697240981e+02 1.944303807792691998e+02 2.352488814317673510e-02
2.517362043251305010e+02 1.939837458053691250e+02 1.709312080536912887e-02
2.516800545302013461e+02 1.937420068978374275e+02 1.586968680089485481e-02
2.515846732848620491e+02 1.935626398210290802e+02 1.253728560775540721e-02
2.516679949664429614e+02 1.935537495339299028e+02 1.933025727069351274e-02
2.517394551640566647e+02 1.935954162005965600e+02 2.235971290082028329e-02
2.516976370246084969e+02 1.934755662751677789e+02 2.071681580909768769e-02
2.518279968307233503e+02 1.935848830164056551e+02 2.824384787472035765e-02
2.518831445749440832e+02 1.936198266219239486e+02 3.087714392244593486e-02
2.519353094705443823e+02 1.936701272371364553e+02 2.719519015659955380e-02
2.519469262677106656e+02 1.936963320283370535e+02 3.285794183445190503e-02
2.519036516592095438e+02 1.936473364093959617e+02 3.530480984340044620e-02
2.519339928225205085e+02 1.936521369313944945e+02 3.306767337807606233e-02
2.519394341909023183e+02 1.935901379567486913e+02 2.437546607009694402e-02
2.520199244966443075e+02 1.936573219612229764e+02 2.537751677852349147e-02
2.520584102348993270e+02 1.936573103094705459e+02 3.304436987322893066e-02
2.520182349925428866e+02 1.936947473900074499e+02 3.341722595078299579e-02
2.520339532065622734e+02 1.937535421327367544e+02 3.881198732289336401e-02
2.520463040641312489e+02 1.937638772371364553e+02 4.100251677852349147e-02
2.520835197613721164e+02 1.938191881058911292e+02 4.262211036539895886e-02
2.520572450596569638e+02 1.938546676920208824e+02 3.544463087248322236e-02
2.519893852535421388e+02 1.938685915361670311e+02 3.436101789709172100e-02
2.520456166107382501e+02 1.939727348993288558e+02 3.669136838180462462e-02
2.521227745152870909e+02 1.940879124720357822e+02 4.456795302013422805e-02
2.521354050149142552e+02 1.941545837994034400e+02 4.708473154362416424e-02
2.521430835197613760e+02 1.941860202274422136e+02 4.102582028337061620e-02
2.521384461222967843e+02 1.942735248881431858e+02 3.839252423564504246e-02
2.522028570096942701e+02 1.943155061521252662e+02 4.453299776286353401e-02
2.521714438851603290e+02 1.944597781506338663e+02 4.427665920954511336e-02
2.522433818046234251e+02 1.947003169276659094e+02 5.173378076062639525e-02
2.522487649142431110e+02 1.949103630686055055e+02 3.953439597315436260e-02
2.522648909395973078e+02 1.949967375093214059e+02 4.737602535421327199e-02
2.522742706002982800e+02 1.951056697427293045e+02 4.844798657718121099e-02
2.522554297166293793e+02 1.951685892058165450e+02 3.504847129008202555e-02
2.520958123601789680e+02 1.950329162005965600e+02 3.097035794183445115e-02
2.519674217002237242e+02 1.948173704325130586e+02 2.917598806860551702e-02
2.519409256152125351e+02 1.946966349739000748e+02 3.039942207307979108e-02
2.518624161073825576e+02 1.945875862229679285e+02 3.204231916480238668e-02
2.519093377143922510e+02 1.945661353467561412e+02 2.498135719612229813e-02
2.518836339485458495e+02 1.945368777964205833e+02 2.607662192393736186e-02
2.518442510253542252e+02 1.944885579791200598e+02 2.332680835197613670e-02
2.519874044556301271e+02 1.944367426360924753e+02 6.291946308724831807e-03
2.520208915920954382e+02 1.945613581282624978e+02 8.039709172259507791e-03
2.520431231357196111e+02 1.945981194071588334e+02 1.217608128262490617e-02
2.520494383855331932e+02 1.946227162565249955e+02 1.289848993288590651e-02
2.520577693885160215e+02 1.946205140753169189e+02 1.407531692766592069e-02
2.521147581096196859e+02 1.946425009321401944e+02 1.479772557792692102e-02
2.521387374161073751e+02 1.946351253728560664e+02 1.682513049962714238e-02
2.521750326249067768e+02 1.946679600111856701e+02 1.782718120805368983e-02
2.521524631804623482e+02 1.946496434563758271e+02 1.764075316927666073e-02
2.520877143922446066e+02 1.945769015659955130e+02 1.659209545115585341e-02
2.519710920022371283e+02 1.944226906226696485e+02 1.218773303504847201e-02
2.518589555369127595e+02 1.942799799589858196e+02 1.103420954511558603e-02
2.518495642244593569e+02 1.942366470917226025e+02 1.143036912751677937e-02
2.519549543251305010e+02 1.943326808351976069e+02 1.344612229679343837e-02
2.520077484153616751e+02 1.943958333333333428e+02 1.774561894108873938e-02
2.519995805369127595e+02 1.943551454138702468e+02 1.610272184936614379e-02
2.519910048471290054e+02 1.943419905853840532e+02 1.675521998508575777e-02
2.519528104026845767e+02 1.943015823079791176e+02 1.240911633109619688e-02
2.519956771998508600e+02 1.943973364093959617e+02 2.281413124533929887e-02
2.520860598434004487e+02 1.944836525913497383e+02 2.415408277404921741e-02
2.520499044556301271e+02 1.945410607755406431e+02 2.646112975391498937e-02
2.520474692393736120e+02 1.945256338553318471e+02 2.739326994780014873e-02
2.519221313385533279e+02 1.943418740678598056e+02 2.350158463832960343e-02
2.517754823825503365e+02 1.940752004101416901e+02 1.367915734526472735e-02
2.517930532252050568e+02 1.940439504101416901e+02 1.515892990305742032e-02
2.517919929157345393e+02 1.940077251118568142e+02 1.712807606263981944e-02
2.517622809470544496e+02 1.938912425428784445e+02 1.740771812080536829e-02
2.518331002982848759e+02 1.939504684004474200e+02 2.374627143922445824e-02
2.518541550149142552e+02 1.940092514914243225e+02 2.295395227442207156e-02
2.518910328113348385e+02 1.940655061521252662e+02 2.640287099179716712e-02
2.519644038963459991e+02 1.941947706935123108e+02 3.046933258762117916e-02
2.519569584265473452e+02 1.942048028523489904e+02 2.431720730797912178e-02
2.519552922259507852e+02 1.941991867076808376e+02 2.726510067114093841e-02
2.519846662938105908e+02 1.941902847688292297e+02 2.495805369127516646e-02
2.519820796047725651e+02 1.942293880499627221e+02 2.713693139448173156e-02
2.520261931394481678e+02 1.942832424496644421e+02 2.953719239373601632e-02
2.520689783743474948e+02 1.943019435123042626e+02 3.183258762117822244e-02
2.520878192580163955e+02 1.943837737695749581e+02 3.355704697986577195e-02
2.521400424123788184e+02 1.945518502982848759e+02 4.684004474272930596e-02
2.521291596756151989e+02 1.946193022930648908e+02 4.917039522744220958e-02
2.521525214392244720e+02 1.946876631245339411e+02 4.433491797166293907e-02
2.521849482662192372e+02 1.947428574757643673e+02 4.157345264727815154e-02
2.522734782811334924e+02 1.948601440156599551e+02 4.121224832214764877e-02
2.523287541946308750e+02 1.949882899888143299e+02 5.042878448918717421e-02
2.523710500559284071e+02 1.950759694258016452e+02 5.536912751677852684e-02
2.522885556487695737e+02 1.950703998881431858e+02 4.080443698732289654e-02
2.521047259507830063e+02 1.947965953579418397e+02 2.937406785980611543e-02
2.519984736204325202e+02 1.945837644481730138e+02 2.824384787472035765e-02
2.519441764541386988e+02 1.944737602535421388e+02 2.635626398210290725e-02
2.518991191275167694e+02 1.943552619313944945e+02 2.414243102162565158e-02
2.518566834451901570e+02 1.942978304436987287e+02 2.502796420581655454e-02
2.519165384973900075e+02 1.943414546047725651e+02 2.826715137956748586e-02
2.519889308351976069e+02 1.944130313199105160e+02 3.101696495152871103e-02
2.520556720730797906e+02 1.944922515846383249e+02 3.349878821774794624e-02
2.520894621551081229e+02 1.945680928411633204e+02 2.844192766592095606e-02
2.520812476696495139e+02 1.945936567859806132e+02 3.022464578672632435e-02
2.520260649701715181e+02 1.946113907531692746e+02 2.636791573452647308e-02
2.520678015473527296e+02 1.946517291200596560e+02 2.667086129753915014e-02
2.520758412565249955e+02 1.946276682513050105e+02 3.268316554809843483e-02
2.520825876211782202e+02 1.946724459358687511e+02 3.105192020879940507e-02
2.520268339858314732e+02 1.948639191834451765e+02 7.200782997762863839e-03
2.520072706935123108e+02 1.947879148023862683e+02 5.359806114839671572e-03
2.520266359060402692e+02 1.948056487695749581e+02 8.738814317673378185e-03
2.520733477815063281e+02 1.947896625652498130e+02 9.903989560029828262e-03
2.520863394854586090e+02 1.948332517710663581e+02 9.880686055182700059e-03
2.520962201715138065e+02 1.948305369127516826e+02 8.598993288590603759e-03
2.521253495525727146e+02 1.948387630499627221e+02 9.612695749440715309e-03
2.521093167412378762e+02 1.948375396159582351e+02 1.112742356450410058e-02
2.521231473713646665e+02 1.948347431953765749e+02 1.077787099179716712e-02
2.521572986577181155e+02 1.948811754287845019e+02 1.207121551081282579e-02
2.521952018083519818e+02 1.949439084638329689e+02 1.331795302013422805e-02
2.522162798284861935e+02 1.949252307046979809e+02 1.261884787472035765e-02
2.523151915548098430e+02 1.950353630686055055e+02 1.584638329604772661e-02
2.523142128076062534e+02 1.950240841722595064e+02 1.620758762117822591e-02
2.523353607382550194e+02 1.950557652870991774e+02 1.796700223713646599e-02
2.523834358687546739e+02 1.951470800708426623e+02 2.286073825503355875e-02
2.523703975577926997e+02 1.952195772744220790e+02 2.754474272930648726e-02
2.523836456002982800e+02 1.952678155294556177e+02 3.351043997017151554e-02
2.524012630499627221e+02 1.953257596942580108e+02 3.763516032811334983e-02
2.524380359806114882e+02 1.953994570283370535e+02 3.695935868754660764e-02
2.524903873042505609e+02 1.955173727628635447e+02 4.187639821029082859e-02
2.524751584638329689e+02 1.955681161446681529e+02 4.728281133482475918e-02
2.523602721849366048e+02 1.954537308911260141e+02 2.862835570469798516e-02
2.521170185495898579e+02 1.951431650820283323e+02 1.628914988814317635e-02
2.519985318791946440e+02 1.949464019388516078e+02 1.174496644295302053e-02
2.519387700410141804e+02 1.948748252237136569e+02 1.083612975391498937e-02
2.519524142431021687e+02 1.948865119313944945e+02 1.203626025354213348e-02
2.518947147651006730e+02 1.947971429903057299e+02 1.240911633109619688e-02
2.519451318978374275e+02 1.948359200223713685e+02 1.450643176733780806e-02
2.519085570469798654e+02 1.947291317114093943e+02 1.087108501118568167e-02
2.519134274794929240e+02 1.946915664615958121e+02 1.105751304996271424e-02
2.519980541573452513e+02 1.947425312266964852e+02 1.203626025354213348e-02
2.520256222035794167e+02 1.947886488627889605e+02 1.223434004474273015e-02
2.520334172259507852e+02 1.947450596569724155e+02 1.571821401938851628e-02
2.520009437919462982e+02 1.947246923937360066e+02 1.607941834451901558e-02
2.520083776099925501e+02 1.947539965510812863e+02 1.879427665920954671e-02
2.520622320096942701e+02 1.947906995712154981e+02 1.649888143176733712e-02
2.520645390566741355e+02 1.948040990865026174e+02 2.417738627889634562e-02
2.520738021998508600e+02 1.948541783184190876e+02 2.556394481730052057e-02
2.520509181580909797e+02 1.948473037844891849e+02 2.603001491424310199e-02
2.520893223340790428e+02 1.948291736577181155e+02 2.013422818791946178e-02
2.520866191275167694e+02 1.948671001118568142e+02 2.016918344519015582e-02
2.521131152125279584e+02 1.949136139075316976e+02 2.776612602535421387e-02
2.520607988441461487e+02 1.949005639448172928e+02 2.881478374347501772e-02
2.521188711782251914e+02 1.949969472408650120e+02 2.632130872483221321e-02
2.520960686987322958e+02 1.950959172259507852e+02 2.769621551081282579e-02
2.520985854772557673e+02 1.950919090231170685e+02 2.420068978374347382e-02
2.521126258389261636e+02 1.951457983780760514e+02 3.121504474272930596e-02
2.521322823452647413e+02 1.952401193139448310e+02 3.471057046979865446e-02
2.521243241983594316e+02 1.952588436800894840e+02 3.243847874720357655e-02
2.521768619500372779e+02 1.953624161073825576e+02 3.563105891126025493e-02
2.521813595264727894e+02 1.954317673378075995e+02 3.459405294556300997e-02
2.522713576621924005e+02 1.955758296047725651e+02 4.348434004474272668e-02
2.522915268456375770e+02 1.956682163497389979e+02 4.546513795674869685e-02
2.522627936241610769e+02 1.957507224086502617e+02 4.765566741237882431e-02
2.523067789895600299e+02 1.959415431580909797e+02 5.082494407158836408e-02
2.523761768269947936e+02 1.961171816741237990e+02 4.813338926174496463e-02
2.522736880126770984e+02 1.960109060402684520e+02 4.037332214765100569e-02
2.520588879567486913e+02 1.956728653989559916e+02 2.857009694258016291e-02
2.519263492729306506e+02 1.954363115212528044e+02 1.908557046979865793e-02
2.520610202274422136e+02 1.948663777032065525e+02 6.711409395973154217e-03
2.520588413497389979e+02 1.949013562639821089e+02 7.200782997762863839e-03
2.520812010626398205e+02 1.948808142244593569e+02 1.146532438478747168e-02
2.520865608687546739e+02 1.948701179157345393e+02 1.420348620432513101e-02
2.521136628448918771e+02 1.949147208240119369e+02 1.480937733035048512e-02
2.521235551826994765e+02 1.949244034302759019e+02 1.589299030574198301e-02
2.521239163870246216e+02 1.949182396532438588e+02 1.546187546607009737e-02
2.521099925428784445e+02 1.948666573452647413e+02 1.879427665920954671e-02
2.520639331655480930e+02 1.948085384041759767e+02 1.776892244593586759e-02
2.520069560961968591e+02 1.947228980238627969e+02 1.525214392244593660e-02
2.519869150820283323e+02 1.946736926733780706e+02 1.493754660700969371e-02
2.520237812266964852e+02 1.947175731730052064e+02 1.458799403430275851e-02
2.520095311334824828e+02 1.947430555555555429e+02 1.504241237882177409e-02
2.519586712341536270e+02 1.946418600857568890e+02 1.209451901565995573e-02
2.520195982475764254e+02 1.946514611297539261e+02 1.172166293810589059e-02
2.519825223713646665e+02 1.946348690343027670e+02 1.259554436987322945e-02
2.519442929716629465e+02 1.946380150074571134e+02 1.023023862788963526e-02
2.519587294929157224e+02 1.946414289709172181e+02 1.492589485458612961e-02
2.519528919649515331e+02 1.945743498322147786e+02 1.546187546607009737e-02
2.519053062080537018e+02 1.944902125279642178e+02 1.570656226696495045e-02
2.518526985458613012e+02 1.944256618195376518e+02 1.422678970917225921e-02
2.518441927665921014e+02 1.943392058165548235e+02 1.531040268456375884e-02
2.517907228747203590e+02 1.942065389634601047e+02 1.381897837434750177e-02
2.516752656599552438e+02 1.940538427479492896e+02 1.208286726323638989e-02
2.516735295488441579e+02 1.940509764168531035e+02 7.713460104399701665e-03
2.516455536912751541e+02 1.939167016219239486e+02 1.073126398210290898e-02
2.515892757270693494e+02 1.937898256897837541e+02 1.034675615212527974e-02
2.515407345264727894e+02 1.937493591536166946e+02 8.214485458612976257e-03
2.515795698173005235e+02 1.936336689038031409e+02 9.402964205816554538e-03
2.515227325689783697e+02 1.935112788963459991e+02 6.396812080536913060e-03
2.514860645041014209e+02 1.929922981916480182e+02 1.012537285607755487e-02
2.513086083146905310e+02 1.924292855145413910e+02 8.400913497390007090e-03
2.512244826621924005e+02 1.918847641685309497e+02 6.466722595078299406e-03
2.514118428411633204e+02 1.913991307792691998e+02 1.716303131991051348e-02
2.515493218680089456e+02 1.910334055741983548e+02 2.212667785234899431e-02
2.516229143363161711e+02 1.907631431767337915e+02 1.941181953765846319e-02
2.516949105145413910e+02 1.903566368381804637e+02 1.935356077554064094e-02
2.523594099552572629e+02 1.930649934750186389e+02 4.168997017151379603e-02
2.522472501864280332e+02 1.929222012490678537e+02 3.635346756152125353e-02
2.521293810589112638e+02 1.926509601043997009e+02 3.279968307233407931e-02
2.518880616144668068e+02 1.923944584265473452e+02 2.344332587621178118e-02
2.518334731543624230e+02 1.921754404362416153e+02 1.988954138702460697e-02
2.519383389261745094e+02 1.923318302572706955e+02 2.064690529455629961e-02
2.518794276659209572e+02 1.922366354399701720e+02 2.272091722595078259e-02
2.518653640007457000e+02 1.920874813571961113e+02 2.050708426547352692e-02
2.518512420768083473e+02 1.920015263795674798e+02 1.720963832960477335e-02
2.517942766592095438e+02 1.919185425988068516e+02 1.950503355704697947e-02
2.517352255779269115e+02 1.917542295861297532e+02 2.026239746457867211e-02
2.517501048657718172e+02 1.917306580909768741e+02 1.831655480984339945e-02
2.516559587061894092e+02 1.915828206562266871e+02 2.293064876957494336e-02
2.516733547725577864e+02 1.914412984712900823e+02 2.044882550335570467e-02
2.516804157345264628e+02 1.913417342468307254e+02 1.861950037285607651e-02
2.517656483035048609e+02 1.911973573825503365e+02 1.909722222222222376e-02
2.517826482102908301e+02 1.911489093959731633e+02 2.522604399701715294e-02
2.518068955070842776e+02 1.910827740492169937e+02 3.015473527218493627e-02
2.518588739746457748e+02 1.910852558724832306e+02 2.717188665175242213e-02
2.522532741424310245e+02 1.948044952460849970e+02 4.349599179716629599e-02
2.521914732475764254e+02 1.947807256711409423e+02 4.082774049217002127e-02
2.520929926360924753e+02 1.946086176360924753e+02 3.452414243102162883e-02
2.519749720357941953e+02 1.942578183258762010e+02 2.448033184190902267e-02
2.520176757084265375e+02 1.933403476882923258e+02 5.453020134228187855e-03
2.519519598247576369e+02 1.931667598806860440e+02 3.646998508575689628e-03
2.519241237882177415e+02 1.931312220357941953e+02 6.315249813571960878e-03
2.519405644108873901e+02 1.931593377143922510e+02 6.291946308724831807e-03
2.519377446868008974e+02 1.931390869686800897e+02 7.888236390753169264e-03
2.519048867449664328e+02 1.930816205257270610e+02 6.501677852348993446e-03
2.519553038777032157e+02 1.931259787472035896e+02 9.437919463087248578e-03
2.518922912005965600e+02 1.930640147278150494e+02 1.049822893363161827e-02
2.518494010999254158e+02 1.929916573452647413e+02 7.795022371364652980e-03
2.518828882363907553e+02 1.930164755779269115e+02 8.808724832214764530e-03
2.519294952460849970e+02 1.930372040454884370e+02 1.092934377330350565e-02
2.519118894481730138e+02 1.930097292132736868e+02 1.258389261744966361e-02
2.519244150820283323e+02 1.930017244593586838e+02 1.451808351976137217e-02
2.518914522744220790e+02 1.929921350671141056e+02 1.314317673378076132e-02
2.519242519574944197e+02 1.929547912005965600e+02 1.461129753914988845e-02
2.518762816927665824e+02 1.929075899515287063e+02 1.762910141685309490e-02
2.518983617636092447e+02 1.928491913683818098e+02 1.311987322893363138e-02
2.518827717188665076e+02 1.927791526845637691e+02 1.364420208799403504e-02
2.519421723527218546e+02 1.927352838366890353e+02 1.342281879194630843e-02
2.518611810216256401e+02 1.926041666666666572e+02 1.428504847129008146e-02
2.518870595637583847e+02 1.926500978747203590e+02 1.857289336316182010e-02
2.518562989373601795e+02 1.926104469612229764e+02 1.795535048471290016e-02
2.518662029269202094e+02 1.926043064876957374e+02 1.583473154362416077e-02
2.519263143176733877e+02 1.926675172445935971e+02 2.043717375093213884e-02
2.519077763795674798e+02 1.926007643549589829e+02 1.592794556301267705e-02
2.519301826994779958e+02 1.926051104586129838e+02 1.764075316927666073e-02
2.519735505219985043e+02 1.926235784862043374e+02 1.881758016405667491e-02
2.518814201155853709e+02 1.925167086129753784e+02 1.753588739746457861e-02
2.517159885346756028e+02 1.922559773489932979e+02 1.423844146159582331e-02
2.516169952460849970e+02 1.918217631431767245e+02 8.971849366144668894e-03
2.515644225391498878e+02 1.913964392244593569e+02 1.055648769574944051e-02
2.514991144668157972e+02 1.911256524981357074e+02 8.913590604026844916e-03
2.515693512304250419e+02 1.906876747762863431e+02 8.424217002237137028e-03
2.521528010812826324e+02 1.936760346756151989e+02 2.874487322893363311e-02
2.521509834079045618e+02 1.935832168158090951e+02 3.346383296047725914e-02
2.519866470917226025e+02 1.934892920395227520e+02 2.372296793437733003e-02
2.519320819351230512e+02 1.933521975205070760e+02 2.034395973154362255e-02
2.518689061334824828e+02 1.932003751864280332e+02 1.887583892617449716e-02
2.518085850111856701e+02 1.930031809284116378e+02 1.938851603281133498e-02
2.518496690902311741e+02 1.929849925428784445e+02 1.916713273676360837e-02
2.518041806487695737e+02 1.929114350298284819e+02 1.371411260253542139e-02
2.518189201155853709e+02 1.928039592654735372e+02 8.820376584638330367e-03
2.517409582401193120e+02 1.925906156785980556e+02 7.631897837434750351e-03
2.517327087994034400e+02 1.925133995152870909e+02 8.447520507084265232e-03
2.517477861670395214e+02 1.924560961968680033e+02 9.158277404921699727e-03
2.517412844891871657e+02 1.923905900447427371e+02 9.892337807606264161e-03
2.518070003728560664e+02 1.924314527404921762e+02 1.356263982102908286e-02
2.518722385346756028e+02 1.924672003169276593e+02 1.434330723340790370e-02
2.518715510812826324e+02 1.925930858501118621e+02 1.771066368381804534e-02
2.519397254847129091e+02 1.926497133668903814e+02 2.503961595824012037e-02
2.519290874347501870e+02 1.926260719612229764e+02 2.407252050708426697e-02
2.519060752237136569e+02 1.925718796607009722e+02 2.234806114839671745e-02
2.519245082960477191e+02 1.925865725205070760e+02 1.970311334824757787e-02
2.519319421140939710e+02 1.926176593959731633e+02 2.087994034302759205e-02
2.519293554250559168e+02 1.926503076062639934e+02 1.783883296047725567e-02
2.519318022930648908e+02 1.926481170768083473e+02 2.446868008948546031e-02
2.519444444444444571e+02 1.926518223340790428e+02 2.561055182699478044e-02
2.519875209731543748e+02 1.927214299030574125e+02 2.756804623415361546e-02
2.520909535794183398e+02 1.928090860365398953e+02 2.907112229679343837e-02
2.521128938292319219e+02 1.929881035607755280e+02 4.117729306487695473e-02
2.520065249813571882e+02 1.935283137583892596e+02 4.695656226696495218e-03
2.519139052013422884e+02 1.932824967375093195e+02 4.264541387024608707e-03
2.517839415548098430e+02 1.930265077367636195e+02 5.371457867263236541e-03
2.517134950596569638e+02 1.929452717188665076e+02 3.413963460104399786e-03
2.516570539709172181e+02 1.928472455257270610e+02 4.497576435495898549e-03
2.515824594519015704e+02 1.927146485831468965e+02 4.555835197613720793e-03
2.515193419090231259e+02 1.924672702274422136e+02 6.583240119313944760e-03
2.514362299589858196e+02 1.923052992170022435e+02 5.662751677852348627e-03
2.514655341163310993e+02 1.922899189038031409e+02 6.152125279642058249e-03
2.515033557046979809e+02 1.923179879753915031e+02 6.629847129008202902e-03
2.515037518642803889e+02 1.922918181394481678e+02 7.165827740492169799e-03
2.515134344705443823e+02 1.922583426547352587e+02 1.175661819537658463e-02
2.515221499813571882e+02 1.922105238627889605e+02 1.205956375838926169e-02
2.515096942580163955e+02 1.921399725018642926e+02 1.025354213273676346e-02
2.514504450969425875e+02 1.920367030201342402e+02 9.624347501864281146e-03
2.515767967002237242e+02 1.921271089671886614e+02 1.387723713646532402e-02
2.516177642617449806e+02 1.921471499813571882e+02 1.538031319910514519e-02
2.516654665361670311e+02 1.921698942020879883e+02 1.539196495152870929e-02
2.516978467561521313e+02 1.921617962341536270e+02 1.362089858314690510e-02
2.518311428038776967e+02 1.922811567859806132e+02 1.765240492170022310e-02
2.518769458426547487e+02 1.923373997949291550e+02 1.740771812080536829e-02
2.519139751118568142e+02 1.923595963832960365e+02 1.779222595078299926e-02
2.519622599739000748e+02 1.924347268829232007e+02 1.824664429530201484e-02
2.519676197800149282e+02 1.924903290454884370e+02 2.065855704697986545e-02
2.519747506524981304e+02 1.925699571215510844e+02 1.910887397464578613e-02
2.520440436241610769e+02 1.926214345637583847e+02 1.885253542132736895e-02
2.520875163124534026e+02 1.926679134041759767e+02 2.175382177479492918e-02
2.520610901379567395e+02 1.926536982662192372e+02 2.350158463832960343e-02
2.520356660141685268e+02 1.925513609246830811e+02 2.346662938105891286e-02
2.519247180275913536e+02 1.924201621923937466e+02 1.945842654735272306e-02
2.518235691648023931e+02 1.922481823266219294e+02 1.593959731543624289e-02
2.518486204325130586e+02 1.921817906413124604e+02 2.055369127516778679e-02
2.517736181021625725e+02 1.920599948732289306e+02 2.705536912751677764e-02
2.517065156599552438e+02 1.919426151193139560e+02 2.325689783743474862e-02
2.516375838926174424e+02 1.917164662565249955e+02 2.376957494407158991e-02
2.517564434190902318e+02 1.906497599739000748e+02 1.933025727069351274e-02
2.517658114280387736e+02 1.892499067859806132e+02 1.817673378076062676e-02
2.518279618754660589e+02 1.886737625838926249e+02 1.674356823266219194e-02
2.517930881804623482e+02 1.883670651565995513e+02 1.761744966442952906e-02
2.523226603281133578e+02 1.919953626025354083e+02 3.719239373601789661e-02
2.523340091349739112e+02 1.921112509321401944e+02 3.871877330350484425e-02
2.521794020320656102e+02 1.928543181394481678e+02 5.872483221476509918e-02
2.521505639448172928e+02 1.932562569910514583e+02 6.301267710663684130e-02
2.521284605704697981e+02 1.935408510439970087e+02 6.864047352721849848e-02
2.521031879194630960e+02 1.936995246085011217e+02 6.832587621178225212e-02
2.521948639075316976e+02 1.939427898956002991e+02 7.607429157345264870e-02
2.521385859433258645e+02 1.941767104772557673e+02 7.190296420581655801e-02
2.522456305928411666e+02 1.942994849925428866e+02 7.405853840417599143e-02
2.522683398583147039e+02 1.944910631058911292e+02 6.972408650260998597e-02
2.523623112416107404e+02 1.946807652870991774e+02 7.800848247576434857e-02
2.523810472595078238e+02 1.948916736577181155e+02 7.734433258762117569e-02
2.524032438478747338e+02 1.951227279082773975e+02 7.433818046234152987e-02
2.524650214392244720e+02 1.952430555555555429e+02 8.452181208053691219e-02
2.524685635719612264e+02 1.954387350857568890e+02 7.755406413124533993e-02
2.525531552945562908e+02 1.956295791387024678e+02 7.127376957494406529e-02
2.524829418344519070e+02 1.956574268269947936e+02 7.160001864280388095e-02
2.525372040454884370e+02 1.959018922445935971e+02 7.473434004474273362e-02
2.525687103840417649e+02 1.959986250932140308e+02 8.770274049217002821e-02
2.523946098993288558e+02 1.958849972035794167e+02 6.988721103653990074e-02
2.522930765287099177e+02 1.958009414615958121e+02 5.328346383296047456e-02
2.520021905294556177e+02 1.952666270507084221e+02 6.606543624161073831e-03
2.519724669090231259e+02 1.952012723713646665e+02 3.763516032811334983e-03
2.520624067859806132e+02 1.953313758389261636e+02 8.342654735272184846e-03
2.521220754101416901e+02 1.953903686614466721e+02 1.106916480238627834e-02
2.521290664615958121e+02 1.954094891871737616e+02 1.369080909768829318e-02
2.521375256338553186e+02 1.953984549776286315e+02 1.681347874720358002e-02
2.521404385719612264e+02 1.953880383109619743e+02 1.818838553318419260e-02
2.521847268829232007e+02 1.954574944071588334e+02 2.496970544369873229e-02
2.522160934004474200e+02 1.955436358128262384e+02 2.411912751677852337e-02
2.522090673937360066e+02 1.955374836875465974e+02 2.531925801640566576e-02
2.521967514914243225e+02 1.954866820469798654e+02 2.108967188665175282e-02
2.522027870991797158e+02 1.954949664429530287e+02 2.053038777032065512e-02
2.522182606263982052e+02 1.955097641685309497e+02 2.550568605518269832e-02
2.522014005406413162e+02 1.954723270879940458e+02 2.316368381804623580e-02
2.521753588739746590e+02 1.954309167598806880e+02 2.318698732289336401e-02
2.521493521625652363e+02 1.953650260999254158e+02 2.248788217747949361e-02
2.521370945190156476e+02 1.953167412378821837e+02 1.638236390753169264e-02
2.521304763236390727e+02 1.952946611670395214e+02 1.496085011185682365e-02
2.521355098806860440e+02 1.952924240305742103e+02 1.706981730052199719e-02
2.521797282811334924e+02 1.952919346569724155e+02 1.675521998508575777e-02
2.520732662192393718e+02 1.951380616144668068e+02 1.316648023862788952e-02
2.520285584451901570e+02 1.950013399515287063e+02 1.243241983594332509e-02
2.519940809097688259e+02 1.949423587807606282e+02 1.105751304996271424e-02
2.518727978187919518e+02 1.947689340976882875e+02 6.583240119313944760e-03
2.518159489187173676e+02 1.946742636092468217e+02 7.946495152870991507e-03
2.516257107568978313e+02 1.942588203765846515e+02 5.616144668158091352e-03
2.514766265846383249e+02 1.930693978374347637e+02 5.254940343027591186e-03
2.515561497949291550e+02 1.917154292505592821e+02 1.317813199105145362e-02
2.516554809843400449e+02 1.908033999813571882e+02 1.494919835943325954e-02
2.516906692766592073e+02 1.899723037844891849e+02 1.660374720357941924e-02
2.517551850298284819e+02 1.893539918903803141e+02 1.740771812080536829e-02
2.523177665920954382e+02 1.918180928411633204e+02 5.319024981357196175e-02
2.522010509880686016e+02 1.917042552199850718e+02 4.263376211782252123e-02
2.520986204325130586e+02 1.914434773489932979e+02 3.480378448918717421e-02
2.521025121178225277e+02 1.914787938105891101e+02 4.047818791946308781e-02
2.520922003169276593e+02 1.913643386465324454e+02 3.655154735272184846e-02
2.519511208985831558e+02 1.911762677106636943e+02 2.911772930648769478e-02
2.518685915361670311e+02 1.910377167225950643e+02 2.672912005965697238e-02
2.519710920022371283e+02 1.910656576249067768e+02 3.472222222222222376e-02
2.520162774981357074e+02 1.911144668158090951e+02 3.417458985831468843e-02
2.520343260626398205e+02 1.911348923378075995e+02 3.629520879940342781e-02
2.519961083146905310e+02 1.911132783370618995e+02 3.719239373601789661e-02
2.519685752237136569e+02 1.911821518456375770e+02 2.818558911260253541e-02
2.520040781133482426e+02 1.911793204697986539e+02 2.887304250559283997e-02
2.519642640753169189e+02 1.910890659955257149e+02 3.323079791200596322e-02
2.519437802945562908e+02 1.910079348434004487e+02 2.612322893363161827e-02
2.519276892244593569e+02 1.909650330909768741e+02 2.333846010439970253e-02
2.518489583333333428e+02 1.907612555928411666e+02 2.125279642058165719e-02
2.517442207307979061e+02 1.905574547912005983e+02 1.891079418344519120e-02
2.517391755219985043e+02 1.903029222595078238e+02 2.048378076062639871e-02
2.517718819910514583e+02 1.899522977255779210e+02 1.947007829977628543e-02
2.515697706935123108e+02 1.895342561521252662e+02 2.027404921700223794e-02
2.521061591163310993e+02 1.921156203392990278e+02 3.444258016405667144e-02
2.520409908650260888e+02 1.918941438292319219e+02 3.063245712155108005e-02
2.519400517337807628e+02 1.914460174310216303e+02 2.481823266219239377e-02
2.518118708053691250e+02 1.912427060029828567e+02 2.131105518269947943e-02
2.518339741797166198e+02 1.912200899515287063e+02 2.387444071588366856e-02
2.517580397091722659e+02 1.908948429343773228e+02 2.009927293064877121e-02
2.517025074571215555e+02 1.906853327740492148e+02 1.618428411633109770e-02
2.516837597874720416e+02 1.904063315622669563e+02 1.743102162565249649e-02
2.520385206935123108e+02 1.899193116144668068e+02 8.447520507084265232e-03
2.522445120246084969e+02 1.903831096196867918e+02 1.547352721849366147e-02
2.522272674310216303e+02 1.904461805555555429e+02 2.406086875466070113e-02
2.523005103467561412e+02 1.904483594332587586e+02 2.869826621923937324e-02
2.522975158463833054e+02 1.904514354958985791e+02 3.084218866517524082e-02
2.522595078299776219e+02 1.904035817486949895e+02 3.044602908277404749e-02
2.522231310589112638e+02 1.903458939224459243e+02 2.515613348247576486e-02
2.521659326062639934e+02 1.902606730052199850e+02 2.287239000745712111e-02
2.520790687919462982e+02 1.901532904548844272e+02 1.792039522744220612e-02
2.519118544929157224e+02 1.899069141498881379e+02 1.465790454884414659e-02
2.517617333146905310e+02 1.896798681021625725e+02 1.062639821029082859e-02
2.517380919090231259e+02 1.895534582401193120e+02 1.287518642803877657e-02
2.523805695376584595e+02 1.941164476137211068e+02 5.167552199850857647e-02
2.523972781506338663e+02 1.942019947800149282e+02 5.238627889634601270e-02
2.523828765846383249e+02 1.942021812080537018e+02 4.261045861297538956e-02
2.523782042319164702e+02 1.942570842654735372e+02 4.749254287844891648e-02
2.523579534862043374e+02 1.942452344332587586e+02 4.339112602535421387e-02
2.523775400820283323e+02 1.943380289895600299e+02 4.745758762117822244e-02
2.523517197986577116e+02 1.943227185868754532e+02 4.055975018642803825e-02
2.523462551267710694e+02 1.944083939224459243e+02 4.382224086502609778e-02
2.523051943512304263e+02 1.944957820656226772e+02 4.968307233407904394e-02
2.522609642990305758e+02 1.944663380872483174e+02 4.269202087994034001e-02
2.522712877516778462e+02 1.944473107755406431e+02 4.546513795674869685e-02
2.522882177479492896e+02 1.944801221103653859e+02 4.307652870991797445e-02
2.522500582587621238e+02 1.944538707121550942e+02 3.551454138702461044e-02
2.522589951528709946e+02 1.945247599739000748e+02 3.641172632363907230e-02
2.522002353653989530e+02 1.945118731357196111e+02 3.931301267710663599e-02
2.522141592095451017e+02 1.945284885346756028e+02 4.450969425801640234e-02
2.522621993847874649e+02 1.946101556674123856e+02 4.742263236390752840e-02
2.521796583706189381e+02 1.944959102348993270e+02 3.967421700223713876e-02
2.520795698173005235e+02 1.942319980425055803e+02 3.620199478001491500e-02
2.517901169835943449e+02 1.937683631618195363e+02 1.589299030574198301e-02
2.516427456189410918e+02 1.933428295115585343e+02 1.205956375838926169e-02
2.516107732102908301e+02 1.929130779269202094e+02 1.292179343773303471e-02
2.515432163497389979e+02 1.927245409209545244e+02 1.310822147651006728e-02
2.515204604772557673e+02 1.925392431021625725e+02 1.377237136465324363e-02
2.514585314131245468e+02 1.923106939783743599e+02 1.325969425801640580e-02
2.514850391498881379e+02 1.922360178970917275e+02 1.905061521252796389e-02
2.515242939038031409e+02 1.920083193512304263e+02 1.575316927665921032e-02
2.515580723340790428e+02 1.919598946681580856e+02 2.002936241610738313e-02
2.517877400260999252e+02 1.921831305928411666e+02 2.706702087994034348e-02
2.518147021812080482e+02 1.922259507829977565e+02 2.817393736017896957e-02
2.518376095264727894e+02 1.922564201155853709e+02 3.271812080536912887e-02
2.518514168530947188e+02 1.922327554064131334e+02 3.535141685309470261e-02
2.518943652125279584e+02 1.922989839671886614e+02 3.483873974645786825e-02
2.518230681394481678e+02 1.922301454138702468e+02 3.151799030574198301e-02
2.518427362975391475e+02 1.922328136651752288e+02 3.529315809097688383e-02
2.518942253914988783e+02 1.922755173378075995e+02 3.000326249067859774e-02
2.518929786539895588e+02 1.922485435309470461e+02 2.392104772557792844e-02
2.519529735272184894e+02 1.922692253914988783e+02 2.212667785234899431e-02
2.519868684750186389e+02 1.922987392803877640e+02 2.428225205070842774e-02
2.520105681394481678e+02 1.923158673564504113e+02 2.462015287099179883e-02
2.519809843400447562e+02 1.922455956375839037e+02 2.612322893363161827e-02
2.519901076621924005e+02 1.922639821029082725e+02 2.907112229679343837e-02
2.519632620246084969e+02 1.922142757270693494e+02 2.839532065622669618e-02
2.519084405294556177e+02 1.920929693325876144e+02 3.193745339299030456e-02
2.518522324757643673e+02 1.920336036539895588e+02 2.781273303504847028e-02
2.518167878448918771e+02 1.919154548844146291e+02 2.565715883668903685e-02
2.517034279455630212e+02 1.916619360551827072e+02 1.719798657718120752e-02
2.516865562080537018e+02 1.915807699478001496e+02 1.589299030574198301e-02
2.519382107568978313e+02 1.910920604958985791e+02 6.979399701715138099e-03
2.518929786539895588e+02 1.910016079418344646e+02 7.328952274422073296e-03
2.519400284302759019e+02 1.910406646159582351e+02 1.288683818046234067e-02
2.520106380499627221e+02 1.911305811894108899e+02 1.465790454884414659e-02
2.521394132177479435e+02 1.911885719612229764e+02 1.725624533929902976e-02
2.521697893363161711e+02 1.912149981357196111e+02 1.966815809097688383e-02
2.521198149701715181e+02 1.911378052759135073e+02 2.049543251304996108e-02
2.519988930835197607e+02 1.909371387956748833e+02 1.648722967934377476e-02
2.517689457494407179e+02 1.906446681580909797e+02 1.023023862788963526e-02
2.516487579231916527e+02 1.904501771066368292e+02 1.027684563758389340e-02
2.515701085943325950e+02 1.902924822893363057e+02 9.799123788217747877e-03
2.515954628076062534e+02 1.901427572706935223e+02 1.028849739000745750e-02
2.522633878635346889e+02 1.939426733780760514e+02 5.797912005965697585e-02
2.522945563012677042e+02 1.939744010999254158e+02 5.741983594332587815e-02
2.522496970544369788e+02 1.939823009880686016e+02 4.934517151379567285e-02
2.522179926360924753e+02 1.940616610738254906e+02 4.891405667412378894e-02
2.521582657531692746e+02 1.940683841349739112e+02 4.487089858314690510e-02
2.520854539522744346e+02 1.940075852908277341e+02 4.577973527218493627e-02
2.520695959172259393e+02 1.939484293437733129e+02 4.216769202087994328e-02
2.520364816368381753e+02 1.939242286539895588e+02 3.921979865771812318e-02
2.520309354026845767e+02 1.939282252050708450e+02 4.377563385533184137e-02
2.520443931767337915e+02 1.939001910887397457e+02 3.741377703206562322e-02
2.520735342095451017e+02 1.939827903616703964e+02 3.683118941088740078e-02
2.520525960104399701e+02 1.939780947054437092e+02 3.406972408650261325e-02
2.520922003169276593e+02 1.939906902498135821e+02 4.414848993288590651e-02
2.520004893736017948e+02 1.939346220171513835e+02 3.903337061894109061e-02
2.519550125838926249e+02 1.938116960290827819e+02 3.455909768829231593e-02
2.518940040082028418e+02 1.937532391871737616e+02 3.059750186428038948e-02
2.519040478187919518e+02 1.936750326249067768e+02 3.144807979120059493e-02
2.519294486390753036e+02 1.936362788963459991e+02 3.297445935868754952e-02
2.518584079045488409e+02 1.934968540268456252e+02 2.386278896346010273e-02
2.518634414615958121e+02 1.934544766032811367e+02 2.709032438478747168e-02
2.518357568978374275e+02 1.934448988627889605e+02 2.616983594332587468e-02
2.518336945376584595e+02 1.934317207307979061e+02 2.818558911260253541e-02
2.517712527964205833e+02 1.933048098434004487e+02 2.874487322893363311e-02
2.516173447986577116e+02 1.929568652125279584e+02 2.300055928411633144e-02
2.515419929157345393e+02 1.926348573825503365e+02 3.064410887397464589e-02
2.514796909955257149e+02 1.923503448918717424e+02 2.760300149142430950e-02
2.514829418344519070e+02 1.921817090790454756e+02 2.439876957494407222e-02
2.516498764914243225e+02 1.922829511558538513e+02 2.889634601043997164e-02
2.517133435868754532e+02 1.922202763795674798e+02 3.203066741237882431e-02
2.516789010067114134e+02 1.921825013982102917e+02 2.903616703952274433e-02
2.516590114653243972e+02 1.921323056487695737e+02 3.318419090231170682e-02
2.516701854958985791e+02 1.919925778337061786e+02 2.816228560775540721e-02
2.517093004287845019e+02 1.919541037472035896e+02 3.084218866517524082e-02
2.516931977069351092e+02 1.919512723713646665e+02 2.731170768083519829e-02
2.518655620805369040e+02 1.921922888702460739e+02 3.402311707680834990e-02
2.520484363348247712e+02 1.924760090417598803e+02 4.562826249067859774e-02
2.522003052759135073e+02 1.926808585011185642e+02 5.106963087248322236e-02
2.522554763236390727e+02 1.929390147278150494e+02 6.674123788217747877e-02
2.522490096010440084e+02 1.930476207121550942e+02 6.287285607755406514e-02
2.522446518456375770e+02 1.931368032252050568e+02 6.528476882923191227e-02
2.522272324757643673e+02 1.931776309656972330e+02 5.690715883668903685e-02
2.522733384601044122e+02 1.932656366517524305e+02 5.561381431767337818e-02
2.522925638516032905e+02 1.933916153989559916e+02 5.373788217747949014e-02
2.523317137397464478e+02 1.934010882736763506e+02 6.116004847129008493e-02
2.523376328299776219e+02 1.935498695003728642e+02 5.322520507084265579e-02
2.523263073266219294e+02 1.935304227255779210e+02 4.986950037285607651e-02
2.521891545488441579e+02 1.934478118008948684e+02 4.532531692766592069e-02
2.520209848061148534e+02 1.932301454138702468e+02 3.479213273676361184e-02
2.518590137956748833e+02 1.925970008389261636e+02 9.018456375838927036e-03
2.518773536539895588e+02 1.926038520693512339e+02 6.781319910514541430e-03
2.518828998881431858e+02 1.925999836875465974e+02 1.050988068605518237e-02
2.519083939224459243e+02 1.925633971849366048e+02 1.239746457867263278e-02
2.518658067673378014e+02 1.925078066741237990e+02 1.351603281133482472e-02
2.518950060589112638e+02 1.925480518269947936e+02 1.273536539895600214e-02
2.519976813012677042e+02 1.926568791946308750e+02 1.669696122296793553e-02
2.520653779828486165e+02 1.927708799403430362e+02 1.980797912005965652e-02
2.521673774235645169e+02 1.928264354958985791e+02 2.824384787472035765e-02
2.522263818978374275e+02 1.929311381431767245e+02 2.730005592841163245e-02
2.523051011372110395e+02 1.930394994407158720e+02 3.777498135719611905e-02
2.523445539709172181e+02 1.930465604026845767e+02 3.920814690529455387e-02
2.523627307046979809e+02 1.931878495525727146e+02 4.131711409395973089e-02
2.523582564317673302e+02 1.932834521812080482e+02 3.894015659955257086e-02
2.523800452087994017e+02 1.934049217002237242e+02 4.667692020879940507e-02
2.522903616703952139e+02 1.934095474459358570e+02 4.067626771066368274e-02
2.522545208799403440e+02 1.933640823079791176e+02 4.236577181208053822e-02
2.522004101416852961e+02 1.933319118195376518e+02 3.653989560029828609e-02
2.521607825316927745e+02 1.933028057419836045e+02 3.263655853840417842e-02
2.521583007084265375e+02 1.933138166480238738e+02 3.093540268456375711e-02
2.521811847501864179e+02 1.933000093214019444e+02 3.443092841163310908e-02
2.523001607941834550e+02 1.935151123228933727e+02 4.000046607009694055e-02
2.523441228560775471e+02 1.937715091349739112e+02 4.446308724832214593e-02
2.523040524794929240e+02 1.937736763609246964e+02 4.243568232662192630e-02
2.521481054250559168e+02 1.935736973340790428e+02 3.436101789709172100e-02
2.519792132736763506e+02 1.933404525540641430e+02 2.692719985085756731e-02
2.519104446308724903e+02 1.931931860551827072e+02 2.422399328859060549e-02
2.519083939224459243e+02 1.931511348806860440e+02 2.101976137211036474e-02
2.519582284675615256e+02 1.932419719425801645e+02 2.757969798657718130e-02
2.519129614093959617e+02 1.932053388329604786e+02 2.141592095451155808e-02
2.519254753914988783e+02 1.931808118941088708e+02 2.425894854586129606e-02
2.519458543064876892e+02 1.931741820469798654e+02 2.697380686055182719e-02
2.519661982662192372e+02 1.932709615026099925e+02 3.185589112602535411e-02
2.519812756338553186e+02 1.933032135533184146e+02 2.891964951528709984e-02
2.520196332028337167e+02 1.932820306674123856e+02 2.471336689038031165e-02
2.520565809097688259e+02 1.932768223340790428e+02 2.386278896346010273e-02
2.520345940529455504e+02 1.932242845824011965e+02 2.862835570469798516e-02
2.520446262117822585e+02 1.932115958240119369e+02 2.346662938105891286e-02
2.520767850484712937e+02 1.932155574198359318e+02 2.311707680835197593e-02
2.520904525540641430e+02 1.933099715697240981e+02 2.506291946308724858e-02
2.521519038963459991e+02 1.934077763795674798e+02 3.530480984340044620e-02
2.521834335384041879e+02 1.936232056301267619e+02 3.845078299776286124e-02
2.522322310775540757e+02 1.937003169276659094e+02 4.598946681580910051e-02
2.522187150447427371e+02 1.937048960663683772e+02 5.799077181208053822e-02
2.522379404362416153e+02 1.937915734526472704e+02 5.818885160328113315e-02
2.522266382363907553e+02 1.938231963087248459e+02 5.621970544369873229e-02
2.522716256524981304e+02 1.939239024049217051e+02 5.725671140939597031e-02
2.522063874906785941e+02 1.939815086689038139e+02 5.404082774049216720e-02
2.521912052572706955e+02 1.940791503542132830e+02 5.295721476510067277e-02
2.522278500186428118e+02 1.941675871551081229e+02 5.612649142431021948e-02
2.523049729679343898e+02 1.942864000745712190e+02 6.459731543624161465e-02
2.523457307979120117e+02 1.943929553504847263e+02 7.012024608501118972e-02
2.524066694630872405e+02 1.945823778896346141e+02 8.125932140193885267e-02
2.523592002237136569e+02 1.947700643176733877e+02 7.295162192393736533e-02
2.523152381618195363e+02 1.948662961409395962e+02 7.156506338553318691e-02
2.523285095078299776e+02 1.949773606450410171e+02 6.597222222222222376e-02
2.523564620618941206e+02 1.952771369313944945e+02 7.166992915734526903e-02
2.524542319164802393e+02 1.955079231916480182e+02 8.777265100671141629e-02
2.524938245712154981e+02 1.956434796793437840e+02 9.182746085011185555e-02
2.523874091163310993e+02 1.958409302759135073e+02 8.159722222222222376e-02
2.520631991051454008e+02 1.962599039895600299e+02 4.287844891871737778e-03
2.520259601043997009e+02 1.961816275167785193e+02 5.185029828486203973e-03
2.518682186800894840e+02 1.959693675428784445e+02 5.266592095451156155e-03
2.518330303877703216e+02 1.959138236390753036e+02 4.497576435495898549e-03
2.518003705257270610e+02 1.958705956375839037e+02 4.602442207307978934e-03
2.517857941834451765e+02 1.958021998508575621e+02 5.161726323639074902e-03
2.517995898583147039e+02 1.957991820469798654e+02 5.522930648769575068e-03
2.518010346756151989e+02 1.957417855145413910e+02 6.804623415361670501e-03
2.518633598993288558e+02 1.957438478747203590e+02 7.760067114093959807e-03
2.518466862416107404e+02 1.957319980425055803e+02 6.618195376584637933e-03
2.518610761558538513e+02 1.957277101976137317e+02 6.455070842654735304e-03
2.518452880313199103e+02 1.957234573079791176e+02 6.991051454138702201e-03
2.519153383668903814e+02 1.957761814876957374e+02 8.890287099179716712e-03
2.520397208240119369e+02 1.959113884228187885e+02 1.785048471290082150e-02
2.521552129940343150e+02 1.960787774981357074e+02 2.063525354213273724e-02
2.522182606263982052e+02 1.961963786353467469e+02 2.485318791946308781e-02
2.522717771252796410e+02 1.963399398769574873e+02 2.527265100671140935e-02
2.523344635533184146e+02 1.964637980052199850e+02 3.130825876211782571e-02
2.523361880126770984e+02 1.964783626957494391e+02 3.332401193139448298e-02
2.523475834265473452e+02 1.965423424683072255e+02 3.446588366890380312e-02
2.524102931580909797e+02 1.966941531506338663e+02 3.814783743475018418e-02
2.524466466256525052e+02 1.967290618008948684e+02 4.051314317673378185e-02
2.524298797539150030e+02 1.967931464392244720e+02 3.536306860551827191e-02
2.524765333706189381e+02 1.968697334079045618e+02 3.885859433258762041e-02
2.525151006711409423e+02 1.969911796234153485e+02 3.681953765846383148e-02
2.525042295861297532e+02 1.970390100671141056e+02 4.978793810589112606e-02
2.525135859433258645e+02 1.971460547166293793e+02 4.799356823266219541e-02
2.525391848434004487e+02 1.972198452647278089e+02 4.887910141685309490e-02
2.525818069537658346e+02 1.973251188478747338e+02 5.099972035794183428e-02
2.525976649888143299e+02 1.974504917039522809e+02 4.811008575689783989e-02
2.526214345637583847e+02 1.975216373042505609e+02 5.096476510067114024e-02
2.526397977255779210e+02 1.976568908463833054e+02 6.827926920208798878e-02
2.526763958799403440e+02 1.977184820096942701e+02 6.735878076062640218e-02
2.526458566368381753e+02 1.978100298284861935e+02 6.390986204325130315e-02
2.525277661260253410e+02 1.976407182140193868e+02 5.339998135719611905e-02
2.523765263795674798e+02 1.974168997017151241e+02 3.425615212527963888e-02
2.522486367449664328e+02 1.972704022184936719e+02 2.949058538404175991e-02
2.521351486763609273e+02 1.971574734340044870e+02 3.052759134973900140e-02
2.521457867263236494e+02 1.971739490119313984e+02 3.395320656226696182e-02
2.522041853094705459e+02 1.971870222781506357e+02 2.967701342281879248e-02
2.521991517524235746e+02 1.971628798471290054e+02 2.551733780760626416e-02
2.522486483967188633e+02 1.972351906226696485e+02 3.365026099925428477e-02
2.522536469985085716e+02 1.973540618008948684e+02 3.232196122296793206e-02
2.521807769388516078e+02 1.972606263982102917e+02 2.495805369127516646e-02
2.521663753728560664e+02 1.972523420022371283e+02 2.918763982102908286e-02
2.522402008762117873e+02 1.973286842841163207e+02 3.368521625652497881e-02
2.522955000932140308e+02 1.974077414243102169e+02 2.234806114839671745e-02
2.523497273489932979e+02 1.975053831096196859e+02 2.886139075316927760e-02
2.523881664802386240e+02 1.975302945563012713e+02 3.062080536912751769e-02
2.523715161260253410e+02 1.975036469985085716e+02 3.196075689783743623e-02
2.523123485272184894e+02 1.974402847688292297e+02 3.079558165548098442e-02
2.522946029082773975e+02 1.974061567859806132e+02 3.077227815063385621e-02
2.522644947800149282e+02 1.973731939783743599e+02 2.853514168530946887e-02
2.522408300708426623e+02 1.973361414056674050e+02 3.042272557792691928e-02
2.521544672818791923e+02 1.972562103840417649e+02 3.692440343027591360e-02
2.521100041946308750e+02 1.972225601230425127e+02 2.868661446681580740e-02
2.521577181208053560e+02 1.972088110551827072e+02 2.604166666666666782e-02
2.521418484340044870e+02 1.971170185495898579e+02 2.799916107382550284e-02
2.521411959358687511e+02 1.971104003542132830e+02 2.420068978374347382e-02
2.519486274235645169e+02 1.967622692953020191e+02 1.684843400447427406e-02
2.520609503169276593e+02 1.955998904735272106e+02 1.343447054436987254e-02
2.520184796793437840e+02 1.954397837434750045e+02 1.097595078299776206e-02
2.519177735831468965e+02 1.953008016405667320e+02 9.915641312453392364e-03
2.519161889448172928e+02 1.952422166293810619e+02 1.020693512304250532e-02
2.518748485272184894e+02 1.951769318605518322e+02 8.412565249813571192e-03
2.518742775913497383e+02 1.951662938105891101e+02 8.808724832214764530e-03
2.518957051640566647e+02 1.951562733035048609e+02 8.668903803131991839e-03
2.518330653430275845e+02 1.950414103281133578e+02 7.492076808351975925e-03
2.518324128448918771e+02 1.949429180648769488e+02 6.816275167785234602e-03
2.518508692207308002e+02 1.949398886092468217e+02 7.165827740492169799e-03
2.518515916293810619e+02 1.948991424310216303e+02 7.259041759880686083e-03
2.519093260626398205e+02 1.949315576062639934e+02 1.395879940343027620e-02
2.519977628635346889e+02 1.950345008389261636e+02 1.506571588366890403e-02
2.520760276845637691e+02 1.951203859060402692e+02 1.991284489187173865e-02
2.520491936987322958e+02 1.950912681767337915e+02 2.032065622669649435e-02
2.521413124533929988e+02 1.951971593027591325e+02 2.505126771066368274e-02
2.522579348434004487e+02 1.953068255965697233e+02 2.926920208799403331e-02
2.522179460290827819e+02 1.952873322147650867e+02 2.437546607009694402e-02
2.522070283370618995e+02 1.952754823825503365e+02 2.719519015659955380e-02
2.521937220357941953e+02 1.952588786353467469e+02 2.724179716629381021e-02
2.522038707121550942e+02 1.952785118381804637e+02 2.844192766592095606e-02
2.522653686614466721e+02 1.953979656040268367e+02 3.372017151379567285e-02
2.522849785607755280e+02 1.954470893922446066e+02 3.307932513049962470e-02
2.523025144481730138e+02 1.954818582214765001e+02 3.183258762117822244e-02
2.524186008575689755e+02 1.956389471476510096e+02 5.242123415361670674e-02
2.524947450596569638e+02 1.957791876398210320e+02 5.520600298284861901e-02
2.525538194444444571e+02 1.959890473527218546e+02 6.297772184936614726e-02
2.525169999067859692e+02 1.960537495339299028e+02 6.889681208053691219e-02
2.525328113348247712e+02 1.961192556860551690e+02 6.408463832960477335e-02
2.525228024794929240e+02 1.961372576435495887e+02 6.078719239373601979e-02
2.521887816927665824e+02 1.956963203765846515e+02 3.182093586875466007e-02
2.518199687733035148e+02 1.951702204511558421e+02 1.175661819537658463e-02
2.516264797725577864e+02 1.947479259880686016e+02 6.851230425055928643e-03
2.514790967561521313e+02 1.944286330164056551e+02 6.128821774794929178e-03
2.514975181767337915e+02 1.943269947800149282e+02 1.191974272930648726e-02
2.515230005592841280e+02 1.941649655108128343e+02 1.355098806860551876e-02
2.515467118754660589e+02 1.940813525354213311e+02 1.616098061148396603e-02
2.515718097501864179e+02 1.940329511558538513e+02 1.099925428784489199e-02
2.516163543997017200e+02 1.940263446122296784e+02 1.188478747203579496e-02
2.515967678038776967e+02 1.938973131058911292e+02 1.053318419090231231e-02
2.515911400074571134e+02 1.938554367076808376e+02 1.236250932140193874e-02
2.516811381431767245e+02 1.936507620246084969e+02 1.335290827740492209e-02
2.516875000000000000e+02 1.935849296234153485e+02 1.598620432513049930e-02
2.516955746644295289e+02 1.935497296793437840e+02 1.480937733035048512e-02
2.517415641312453261e+02 1.934446891312453261e+02 1.731450410141685201e-02
2.518109619686800897e+02 1.934405877143922510e+02 1.722129008202833572e-02
2.518703276472781454e+02 1.934749720357941953e+02 2.119453765846383148e-02
2.518541200596569638e+02 1.934106543624160963e+02 2.435216256524981235e-02
2.517506058911260141e+02 1.932751328299776219e+02 1.814177852348993272e-02
2.516729120059656850e+02 1.929651962155108151e+02 1.901565995525726985e-02
2.516275866890380257e+02 1.927331166107382501e+02 1.475111856823266288e-02
2.516812313571961113e+02 1.927034046420581603e+02 1.485598434004474326e-02
2.516639052013422884e+02 1.926624487322893344e+02 1.682513049962714238e-02
2.516058911260253410e+02 1.925898466629381005e+02 1.846802759134973798e-02
2.516886651752423631e+02 1.925467468307233503e+02 2.055369127516778679e-02
2.516525214392244720e+02 1.924814737136465226e+02 1.891079418344519120e-02
2.516483617636092447e+02 1.924060286167039635e+02 1.926034675615212466e-02
2.516284023117076742e+02 1.922072264168531035e+02 1.880592841163310908e-02
2.516859852721849506e+02 1.922280947054437092e+02 1.953998881431767351e-02
2.517035794183445319e+02 1.921639518083519818e+02 1.513562639821029038e-02
2.519457494407158720e+02 1.919464252423564403e+02 1.042831841909023192e-02
2.519905154735272106e+02 1.919949780947054307e+02 1.032345264727814980e-02
2.519787005965697233e+02 1.920158696868008974e+02 1.399375466070097024e-02
2.519870549030574125e+02 1.920547399328858944e+02 1.320143549589858356e-02
2.520286749627144047e+02 1.920631524981357074e+02 1.508901938851603224e-02
2.520379031506338663e+02 1.920679297166293793e+02 1.510067114093959807e-02
2.519829418344519070e+02 1.920167668717375022e+02 1.468120805369127480e-02
2.518124883482475695e+02 1.917158487136465226e+02 9.204884414615957869e-03
2.516425941461595812e+02 1.914751118568232755e+02 6.315249813571960878e-03
2.514930672073079734e+02 1.910598317486949895e+02 7.969798657718121446e-03
2.514276659209545244e+02 1.907642733967188633e+02 1.168670768083519829e-02
2.515400470730797906e+02 1.908862439410887362e+02 1.726789709172259560e-02
2.515428085384041879e+02 1.908304553504847263e+02 1.078952274422073122e-02
2.514574244966443075e+02 1.905378914988814358e+02 9.589392244593587106e-03
2.514446541759880631e+02 1.903823872110365301e+02 1.222268829231916432e-02
2.514458193512304263e+02 1.901497483221476443e+02 1.874766964951528683e-02
2.514577390939597308e+02 1.898137467375093195e+02 1.365585384041759914e-02
2.522705303877703216e+02 1.933068139448172928e+02 3.894015659955257086e-02
2.522364140566741355e+02 1.932473900074571134e+02 4.376398210290827900e-02
2.522018433072334176e+02 1.932721499813571882e+02 3.650494034302759205e-02
2.521436544556301271e+02 1.932658813385533279e+02 3.288124533929902976e-02
2.520706212714392223e+02 1.932107102908277341e+02 3.480378448918717421e-02
2.521083379940343150e+02 1.931717584824757523e+02 3.769341909023116860e-02
2.520817719985085716e+02 1.930740352348993270e+02 2.882643549589858356e-02
2.520119313944817350e+02 1.929973550521998504e+02 2.402591349739000709e-02
2.518872226882923258e+02 1.927964438851603290e+02 2.286073825503355875e-02
2.517113627889634699e+02 1.924842118754660589e+02 1.993614839671886685e-02
2.517541363721103664e+02 1.923647348061148534e+02 2.322194258016405805e-02
2.516237183072334176e+02 1.921491307792691998e+02 1.840976882923191574e-02
2.515889844332587586e+02 1.920042761931394466e+02 1.660374720357941924e-02
2.515755499627144047e+02 1.918077810402684520e+02 1.634740865026099860e-02
2.515327414243102169e+02 1.914919602908277341e+02 1.712807606263981944e-02
2.514664313012677042e+02 1.911839229120059542e+02 1.910887397464578613e-02
2.515546117636092447e+02 1.909598247576435597e+02 1.782718120805368983e-02
2.515831818605518322e+02 1.909549310216256401e+02 2.071681580909768769e-02
2.516595824011931484e+02 1.909702880313199103e+02 2.008762117822520538e-02
2.518870246085011217e+02 1.912655900447427371e+02 2.709032438478747168e-02
2.520530038217748086e+02 1.915473177665921014e+02 4.199291573452647308e-02
2.521228560775540757e+02 1.916749277591349880e+02 4.688665175242356237e-02
2.521672376025354083e+02 1.917560938665175172e+02 4.548844146159582158e-02
2.520690249813571882e+02 1.916083030387770236e+02 3.888189783743475209e-02
2.517936707680835298e+02 1.912517594146159468e+02 2.864000745712155099e-02
2.516277032065622734e+02 1.909424752982848759e+02 1.906226696495152972e-02
2.515292225950782949e+02 1.906933957867263132e+02 1.658044369873229104e-02
2.515551477442207329e+02 1.906820003728560664e+02 1.709312080536912887e-02
2.516131734712900823e+02 1.906541759880686016e+02 1.718633482475764515e-02
2.516381664802386240e+02 1.906108780760626473e+02 2.120618941088739731e-02
2.517607895227442327e+02 1.907066904362416153e+02 2.303551454138702548e-02
2.518742542878449058e+02 1.908676477442207329e+02 2.957214765100671036e-02
2.519650330909768741e+02 1.909385370059656850e+02 3.383668903803131733e-02
2.519781413124534026e+02 1.909866820469798654e+02 3.777498135719611905e-02
2.520331841909023183e+02 1.910603793810589082e+02 4.245898583146905103e-02
2.520161959358687511e+02 1.911116121364653111e+02 4.547678970917225921e-02
2.520645157531692746e+02 1.911521951901565899e+02 4.638562639821029038e-02
2.521359992542878388e+02 1.912376957494407179e+02 4.972967934377330035e-02
2.521573452647278089e+02 1.913025843586875396e+02 4.519714765100671383e-02
2.521230075503355579e+02 1.912689457494407179e+02 4.523210290827740787e-02
2.521032228747203590e+02 1.912258459172259393e+02 4.179483594332587815e-02
2.521147930648769488e+02 1.912320912565249955e+02 4.393875838926174227e-02
2.520195166853094690e+02 1.911752889634601047e+02 3.730891126025354110e-02
2.519341675988068516e+02 1.909681790641312489e+02 1.503076062639820999e-02
2.518477582028337167e+02 1.907524352162565151e+02 1.304996271439224503e-02
2.517672096383296036e+02 1.906948289522744346e+02 1.705816554809843483e-02
2.518077926920208824e+02 1.907278267151379509e+02 1.965650633855331800e-02
2.518454744593586838e+02 1.907566531506338663e+02 1.880592841163310908e-02
2.518232778709918023e+02 1.907231543624160963e+02 1.515892990305742032e-02
2.517518759321401944e+02 1.905988651193139560e+02 1.376071961222967953e-02
2.516205723340790428e+02 1.904238907531692746e+02 7.678504847129008493e-03
2.514510975950782949e+02 1.901281925801640682e+02 8.179530201342282217e-03
2.514071471849366048e+02 1.899655690715883622e+02 7.829977628635347020e-03
2.513545278709918023e+02 1.898471639634601047e+02 8.575689783743475555e-03
2.522991004847129091e+02 1.935378798471290054e+02 3.934796793437733003e-02
2.522456538963459991e+02 1.935339182513050105e+02 4.604772557792691928e-02
2.522035328113348385e+02 1.936519505033556925e+02 5.341163310961968835e-02
2.521532671513795663e+02 1.937343633482475695e+02 5.806068232662192630e-02
2.520764704511558421e+02 1.936746131618195363e+02 6.831422445935868282e-02
2.519200806301267619e+02 1.935200060589112638e+02 4.918204697986577195e-02
2.519026729120059542e+02 1.933822007829977565e+02 4.433491797166293907e-02
2.518243032252050568e+02 1.932125279642058047e+02 3.401146532438478753e-02
2.517535887397464478e+02 1.930506501677852214e+02 3.252004101416853393e-02
2.518247343400447562e+02 1.931441787844891849e+02 3.081888516032811262e-02
2.519078229865771732e+02 1.932339438851603290e+02 3.450083892617449716e-02
2.519863208426547487e+02 1.933789499440715929e+02 4.605937733035048165e-02
2.520087038590604038e+02 1.934023466629381005e+02 3.828765846383296034e-02
2.520017827181208077e+02 1.934489886278896336e+02 3.739047352721849155e-02
2.520325782997762758e+02 1.934090697240864927e+02 3.757690156599552411e-02
2.520090883668903814e+02 1.933979423005220042e+02 3.173937360178970962e-02
2.520226160514541505e+02 1.934475554623415405e+02 3.538637211036539665e-02
2.519249394108873901e+02 1.933032601603281080e+02 2.676407531692766642e-02
2.517258226137211068e+02 1.928646765473527296e+02 1.913217747949291433e-02
2.515643642803877640e+02 1.922234456562266871e+02 1.009041759880686083e-02
2.515289196495152737e+02 1.917453859060402692e+02 9.845730797912006019e-03
2.515311101789709198e+02 1.916196984526472704e+02 9.787472035794183775e-03
2.516169369873229016e+02 1.913720054996271358e+02 1.990119313944817281e-02
2.518105541573452513e+02 1.915734293437733129e+02 2.273256897837434842e-02
2.517811567859806132e+02 1.914819747390007478e+02 1.983128262490678473e-02
2.517543577554064029e+02 1.913406273303504861e+02 1.493754660700969371e-02
2.518016056114839785e+02 1.912257177479492896e+02 1.788543997017151208e-02
2.516992915734526548e+02 1.909971686241610769e+02 1.154688665175242386e-02
2.516384577740492148e+02 1.907508039709172181e+02 1.553178598061148372e-02
2.516084312080537018e+02 1.905009670954511591e+02 1.522884041759880666e-02
2.515931324571215555e+02 1.903095054996271358e+02 1.654548844146159700e-02
2.515843586875465974e+02 1.900556254660700972e+02 1.871271439224459279e-02
2.516897953952274349e+02 1.901418367822520565e+02 2.653104026845637745e-02
2.517202530760626473e+02 1.901522651006711442e+02 2.367636092468307363e-02
2.517850135160328193e+02 1.901515892990305758e+02 2.416573452647277978e-02
2.517621760812826324e+02 1.900530737322893344e+02 2.696215510812826135e-02
2.516837714392244720e+02 1.899347501864280332e+02 2.753309097688292489e-02
2.517779875093214059e+02 1.899297282811334924e+02 3.300941461595824356e-02
2.518225554623415405e+02 1.899376048657718172e+02 2.798750932140194048e-02
2.517993568232662085e+02 1.898980355145413910e+02 2.683398583146905450e-02
2.517567463646532531e+02 1.898007200782997757e+02 2.555229306487695820e-02
2.516875116517524305e+02 1.894975764354958869e+02 2.234806114839671745e-02
2.516377353653989530e+02 1.890360971290081977e+02 1.854958985831469190e-02
2.517348294183445319e+02 1.889988814317673302e+02 2.330350484712900849e-02
2.517859806114839785e+02 1.889122040454884370e+02 2.414243102162565158e-02
2.523759670954511591e+02 1.928914056674123856e+02 3.758855331841909342e-02
2.523893316554809871e+02 1.928034232848620491e+02 3.807792692020879610e-02
2.522953486204325202e+02 1.927541829791200598e+02 3.467561521252796736e-02
2.522777544742729390e+02 1.928100764354958869e+02 4.188804996271439096e-02
2.518705373788217798e+02 1.933426780387770236e+02 9.414615958240118640e-03
2.518890520134228268e+02 1.933032485085756775e+02 9.647651006711409349e-03
2.517873322147650867e+02 1.931662355518269862e+02 9.437919463087248578e-03
2.517924473340790428e+02 1.931512513982102917e+02 8.797073079791200428e-03
2.517517011558538513e+02 1.930963832960477191e+02 3.705257270693512305e-03
2.516755686055182650e+02 1.929703928970917275e+02 3.565436241610738313e-03
2.516270390566741355e+02 1.928925591909023183e+02 3.740212527964205912e-03
2.516553644668157972e+02 1.928534442580163955e+02 6.851230425055928643e-03
2.516737625838926249e+02 1.928605984340044870e+02 8.156226696495152279e-03
2.516601183818046366e+02 1.928529781879194616e+02 6.559936614466815689e-03
2.516100974086502617e+02 1.927504893736017948e+02 7.142524235645040728e-03
2.515588413497389979e+02 1.926196751491424379e+02 5.348154362416107470e-03
2.515708426547352587e+02 1.926282042319164702e+02 8.214485458612976257e-03
2.516527195190156476e+02 1.926462178411633204e+02 5.989000745712154752e-03
2.517323708985831558e+02 1.927080303877703216e+02 7.457121551081282752e-03
2.517608827367636195e+02 1.926930811894108899e+02 1.078952274422073122e-02
2.518594915175242477e+02 1.927383598993288558e+02 1.337621178225205029e-02
2.519517850484712937e+02 1.928183375279642178e+02 1.575316927665921032e-02
2.519406576249067768e+02 1.928238721103653859e+02 1.279362416107382612e-02
2.519536027218493643e+02 1.927964555369127595e+02 1.466955630126771069e-02
2.519319304623415405e+02 1.928268316554809871e+02 2.317533557046979817e-02
2.519395041014168442e+02 1.928377959545115630e+02 2.084498508575689801e-02
2.519291689970171433e+02 1.927921327367636195e+02 2.055369127516778679e-02
2.519525890193885118e+02 1.927873205630126847e+02 1.847967934377330382e-02
2.519946634973900075e+02 1.927675475391498878e+02 2.368801267710663599e-02
2.520595171513795663e+02 1.928003472222222285e+02 2.358314690529455734e-02
2.520712038590604038e+02 1.928391941648023931e+02 2.881478374347501772e-02
2.521262583892617499e+02 1.929800638516032905e+02 3.521159582401193339e-02
2.522511185682326698e+02 1.932969565622669563e+02 3.991890380313199010e-02
2.522573056487695737e+02 1.934546280760626473e+02 4.344938478747203264e-02
2.522168274608501122e+02 1.934662332214765001e+02 4.404362416107382439e-02
2.519845381245339411e+02 1.931289266405667320e+02 2.613488068605518411e-02
2.518074314876957374e+02 1.928700130499627221e+02 2.028570096942580031e-02
2.516353700596569638e+02 1.925610085756897831e+02 1.492589485458612961e-02
2.515853607382550194e+02 1.922927153243848011e+02 1.548517897091722557e-02
2.515662402125279584e+02 1.921334941275167694e+02 1.696495152870991854e-02
2.515402568046234251e+02 1.920253192580163955e+02 1.739606636838180592e-02
2.516311987322893344e+02 1.918978490865026174e+02 1.938851603281133498e-02
2.517691088739746590e+02 1.920623485272184894e+02 2.829045488441461753e-02
2.517593330536912788e+02 1.921067417039522809e+02 2.945563012677106587e-02
2.518354539522744346e+02 1.922434051081282576e+02 2.839532065622669618e-02
2.518524189038031409e+02 1.922594845264727894e+02 2.664755779269202193e-02
2.518997483221476443e+02 1.922309843400447562e+02 2.705536912751677764e-02
2.518977209172259393e+02 1.921620875279642178e+02 2.540082028337061967e-02
2.518687197054437092e+02 1.921160864093959617e+02 2.107802013422818699e-02
2.519061451342281828e+02 1.921423494593586838e+02 2.417738627889634562e-02
2.519543950410141804e+02 1.921924869500372779e+02 2.524934750186428115e-02
2.519057489746457748e+02 1.920858734153616751e+02 2.981683445190156517e-02
2.519578206562266871e+02 1.921577181208053560e+02 3.000326249067859774e-02
2.520221266778523557e+02 1.922232475764354831e+02 3.261325503355704675e-02
2.519996154921700224e+02 1.922162681767337915e+02 3.234526472781506373e-02
2.519296467188665076e+02 1.921720497762863431e+02 2.266265846383296034e-02
2.519590324384787436e+02 1.921788660514541505e+02 2.473667039522744332e-02
