2.550000000000000000e+02 0.000000000000000000e+00 1.000000000000000000e+00
2.521567777385693319e+02 1.377223093209658771e+02 8.174219892120784259e-01
2.521079271059132054e+02 1.369414188133286245e+02 7.071797650854464434e-01
2.520873153702676746e+02 1.369063189998487644e+02 6.627489035640470316e-01
2.520284090336240297e+02 1.370989426324545093e+02 5.402883500529314098e-01
2.519102548268387238e+02 1.373932625901094013e+02 4.264228461965015038e-01
2.517554859605787101e+02 1.373914251146846937e+02 3.277915007309573081e-01
2.517065760951756772e+02 1.372118314261228988e+02 3.177294953874073569e-01
2.517260976962242296e+02 1.373659336089126271e+02 3.067399304330291621e-01
2.517542433331653058e+02 1.378241127690679093e+02 3.183898775016383298e-01
2.517582799818520982e+02 1.383519924887835941e+02 3.082925845641982243e-01
2.517789408680748124e+02 1.386309787266219757e+02 3.125119725764984868e-01
2.518080770781872388e+02 1.391872964661995127e+02 3.060669456066945626e-01
2.518281393355850071e+02 1.397308993295357027e+02 2.959570499571507751e-01
2.517572415183747410e+02 1.395680685083430035e+02 2.942140948732167027e-01
2.516779502949034679e+02 1.387468505822452869e+02 2.825691888894489856e-01
2.515469476231284887e+02 1.369502281090890676e+02 2.670502092050209275e-01
2.515194119574532579e+02 1.349852661692796403e+02 2.646191460402278484e-01
2.514808400967888247e+02 1.343611811261783657e+02 2.742072894086807211e-01
2.515144641326813542e+02 1.344369309875485214e+02 2.855333467762262711e-01
2.516067979029087098e+02 1.350414667036346259e+02 3.028368704945303969e-01
2.517202802843171980e+02 1.360385214498159883e+02 3.067979029087059550e-01
2.517866990976458226e+02 1.371946148611181115e+02 2.999521096940061526e-01
2.518543794424560076e+02 1.379148321318747890e+02 3.122523567071633921e-01
2.518238065231637961e+02 1.383640255583001419e+02 3.093713767202702081e-01
2.518218077330241442e+02 1.386751386298331283e+02 3.088105560316580234e-01
2.518132101628270334e+02 1.389599674850027782e+02 2.949009426828653746e-01
2.517838055149468062e+02 1.393673413318546181e+02 3.088597066088622500e-01
2.518575149972274119e+02 1.402181012753944742e+02 3.132026011997782189e-01
2.519094923627564526e+02 1.407490069062862403e+02 3.172279074456823000e-01
2.518582094066643151e+02 1.412299667288400542e+02 3.127262186822604151e-01
2.518644943791904041e+02 1.416225954025306351e+02 3.043970862529616350e-01
2.518849964712406120e+02 1.420809976306901206e+02 2.966086101729092372e-01
2.518986918384836429e+02 1.428169393053385079e+02 2.967749659726773293e-01
2.519288161012249816e+02 1.437501436709179927e+02 3.033271159953622176e-01
2.519090890759691490e+02 1.443893759136966253e+02 3.010321621212885268e-01
2.519141062156575970e+02 1.448437465342541657e+02 2.963792408126229017e-01
2.518970244996723409e+02 1.451111521399405149e+02 2.984876745475626425e-01
2.518137823259565380e+02 1.452479949085042961e+02 2.855081413520189626e-01
2.517969211574330757e+02 1.452848389373393161e+02 2.750642738317286007e-01
2.518245778091445288e+02 1.454708776528709109e+02 2.697333266118868700e-01
2.518525961586933590e+02 1.458355295659625881e+02 2.662335534607047638e-01
2.519356681957957278e+02 1.465173262086000818e+02 2.773793920451680939e-01
2.519185587538438256e+02 1.470898724605535222e+02 2.788186217674043510e-01
2.519244429601250204e+02 1.477789421283460172e+02 2.769408176639612806e-01
2.519532048696879656e+02 1.487058186721782533e+02 2.726521147350909891e-01
2.519504007662448828e+02 1.493612567424509621e+02 2.848275948984221317e-01
2.518987586328577777e+02 1.495803952210515604e+02 2.772344608559761947e-01
2.519131433684528929e+02 1.499586126934516415e+02 2.596637596410747428e-01
2.516434856581136330e+02 1.386398119675354224e+02 2.929815496294802535e-01
2.516436620960830908e+02 1.387078288047587762e+02 2.792697988607148463e-01
2.516783434995211053e+02 1.389440855472097667e+02 2.801343449110248462e-01
2.516558526995009402e+02 1.384871704390784828e+02 2.709053788375258565e-01
2.515357980037304060e+02 1.365510687099863958e+02 2.660671976609366163e-01
2.515686948631345388e+02 1.329411138276957161e+02 2.762073398195291629e-01
2.514371679185360620e+02 1.310401799667288287e+02 2.728184705348590811e-01
2.514274902959116673e+02 1.303890520239955606e+02 2.802074406412259910e-01
2.514882189847255063e+02 1.303037971971568254e+02 2.933054393305439267e-01
2.515722475676765555e+02 1.307008506830669887e+02 3.100632656147602750e-01
2.516075780107879325e+02 1.312442695468064642e+02 2.995563845339517250e-01
2.516955562837122500e+02 1.320997038362655758e+02 2.945165599637041831e-01
2.516843348288551567e+02 1.328344117053989919e+02 3.005595604174018387e-01
2.517355774562686008e+02 1.331411818823410727e+02 2.975954025306246087e-01
2.517264934213842764e+02 1.331025822957100502e+02 2.943149165700458814e-01
2.517656601300599846e+02 1.333653652265967651e+02 2.904181579875989572e-01
2.518028419115793781e+02 1.337755847658416144e+02 3.080518727630185971e-01
2.518564500680546416e+02 1.344048911125674124e+02 3.182235217018702378e-01
2.518881395876392730e+02 1.352654143771739541e+02 3.313189998487674481e-01
2.519045369763573206e+02 1.358311740686595783e+02 3.292105661138277073e-01
2.519206835711044903e+02 1.361105144427080802e+02 3.275129807934667459e-01
2.519066454100922385e+02 1.366336668851136835e+02 3.295861269345163325e-01
2.518562320411352573e+02 1.369772584060089855e+02 3.369927408378283196e-01
2.518593108837021646e+02 1.374682978777032929e+02 3.300385642990371626e-01
2.518279502949034736e+02 1.377276944598477542e+02 3.258040530322125483e-01
2.518242009880526382e+02 1.382834072692443499e+02 3.111143318042042805e-01
2.518915208952966793e+02 1.388398044059081542e+02 3.182953571608609922e-01
2.518586580632152163e+02 1.394716136512577407e+02 3.257196148611181119e-01
2.518310417401824850e+02 1.401127602460049388e+02 3.229444976558955571e-01
2.519099397590361491e+02 1.407255948480112977e+02 3.291021827897363528e-01
2.518480692645057104e+02 1.411712960629127451e+02 3.112844684176034882e-01
2.518692393002974370e+02 1.414345818420123919e+02 3.097456772697484428e-01
2.518373380551494733e+02 1.419624792055250282e+02 2.932814941775470086e-01
2.518815231637848342e+02 1.423906122397540059e+02 3.013875586026112940e-01
2.518904131169027494e+02 1.429589075969148553e+02 3.017517769824066276e-01
2.518873569592176125e+02 1.436767542975248375e+02 2.997050965367747399e-01
2.518942972727730876e+02 1.440948505318344530e+02 2.916998538085395776e-01
2.518949412713616027e+02 1.444762867369057915e+02 2.981247164389776438e-01
2.519176274134193818e+02 1.451601741694812802e+02 2.990245500831779091e-01
2.518093348288551567e+02 1.446680407823763801e+02 2.770013106820587989e-01
2.516492917275797652e+02 1.434241984675101946e+02 2.661024852548268260e-01
2.515003768210918906e+02 1.405597696224227491e+02 2.463741997277814066e-01
2.514261972576498465e+02 1.384502873418359741e+02 2.440237939204516759e-01
2.514388667641276527e+02 1.378869612340575657e+02 2.605572919292231671e-01
2.515030208700912340e+02 1.379780183495488188e+02 2.610298936331098552e-01
2.515869952613802525e+02 1.383764934213842821e+02 2.712103644704340621e-01
2.516291740182487331e+02 1.388987561123153682e+02 2.705840096788829086e-01
2.516949148056661727e+02 1.392709230226344630e+02 2.790278267883248287e-01
2.517361370166860013e+02 1.398607349901698740e+02 2.846751020819680567e-01
2.518050461259263102e+02 1.404458700912436484e+02 2.765791198265866724e-01
2.518015022432827550e+02 1.409018236124414045e+02 2.997958360639209618e-01
2.517957869133437612e+02 1.410202954075717230e+02 2.915183747542471338e-01
2.518060934113021005e+02 1.413570676009477154e+02 2.937692191359580485e-01
2.517968732671270971e+02 1.416748575893532234e+02 2.878862731259766994e-01
2.518594230478398970e+02 1.422459280637193046e+02 2.911113071532994145e-01
2.519016496950143562e+02 1.432916759086555487e+02 2.859542773604879518e-01
2.519078829964208239e+02 1.439091709935978258e+02 2.881043000453697434e-01
2.519203029691989855e+02 1.443201693804506647e+02 2.975311286988959747e-01
2.519324053536321060e+02 1.452233402228159491e+02 2.983339214598981770e-01
2.519425316328073734e+02 1.456613701668599106e+02 2.825805313303422772e-01
2.519254726017038877e+02 1.461962103644704314e+02 2.934201240106871222e-01
2.519444472450471437e+02 1.468309446992992946e+02 2.920615516459141858e-01
2.519208537077178960e+02 1.473649707617079230e+02 2.888062711095427670e-01
2.519419393053385079e+02 1.480812711095427687e+02 2.835370771790089450e-01
2.519114256187931744e+02 1.486504310127539554e+02 2.876329586126934457e-01
2.518213288299642159e+02 1.484337298986741871e+02 2.640709280637192902e-01
2.518132593134042452e+02 1.485626758078338412e+02 2.668838534052528355e-01
2.518206255986288227e+02 1.487519118314261277e+02 2.516622977264707517e-01
2.518536938549175659e+02 1.490909172253869031e+02 2.507271764883802767e-01
2.519243232343600312e+02 1.499307367545495708e+02 2.604589907748147137e-01
2.520600065534102896e+02 1.509774550083178042e+02 2.746496446035186501e-01
2.517082862832081389e+02 1.527059925896052732e+02 2.012010384634773386e-01
2.517633210666935497e+02 1.533636121893431437e+02 2.045584009678882986e-01
2.517901673640167246e+02 1.447007511216413889e+02 2.414730049906740061e-01
2.515637268740233026e+02 1.420595667187578783e+02 2.409235267429550853e-01
2.516475374300549390e+02 1.374259704088319722e+02 2.765753390129556122e-01
2.515792924837425062e+02 1.359077002570953141e+02 2.667805111660029316e-01
2.514997076170791956e+02 1.353059673841810877e+02 2.570991077279830561e-01
2.515100178958511776e+02 1.353322528608156574e+02 2.647401320764228294e-01
2.516514619146040275e+02 1.360709457075162447e+02 2.953533800473862048e-01
2.517463200080657373e+02 1.371252747391238529e+02 2.966867469879518326e-01
2.518115881937793006e+02 1.376144968997328135e+02 3.027637747643293076e-01
2.518085862277562228e+02 1.379943262590109327e+02 3.096209104199223461e-01
2.518569251903009558e+02 1.386293693602863470e+02 3.014152845692393279e-01
2.518408113626052227e+02 1.391103606896203928e+02 2.942682865352623800e-01
2.517916721278419061e+02 1.392186091646922534e+02 2.851867721933760147e-01
2.517813063971366603e+02 1.392916708675707014e+02 2.842176236326057204e-01
2.518136966275142470e+02 1.396064626707667458e+02 2.924976054847003293e-01
2.518534556636588206e+02 1.402069226697585407e+02 2.877337803095226243e-01
2.518801444270806940e+02 1.407697522306800408e+02 2.913129505469577163e-01
2.518680458234612161e+02 1.412245084942279618e+02 2.766156676916872725e-01
2.518638655038564309e+02 1.416608673186469787e+02 2.900350355396481561e-01
2.519305754398346551e+02 1.424510145183243424e+02 3.068382315874376154e-01
2.518886562988355138e+02 1.430245475626354903e+02 3.058186721782527595e-01
2.518728827443665921e+02 1.435775835559812492e+02 2.967031305136865194e-01
2.518883563542874526e+02 1.438907735544689217e+02 2.878093965821444944e-01
2.518536081564752749e+02 1.440409550335232041e+02 2.872763018601602880e-01
2.518455525028986131e+02 1.443870796995513501e+02 2.821142309825074301e-01
2.518981789081010163e+02 1.449762249836164756e+02 2.775533094721984173e-01
2.518979583606392225e+02 1.457722299238796211e+02 2.921573322579019139e-01
2.519335862277562228e+02 1.467096902253364874e+02 2.876165750869587034e-01
2.519549049755507326e+02 1.472233944144780082e+02 2.857375107123052982e-01
2.518827972979785272e+02 1.469927887281342862e+02 2.784720471845540946e-01
2.516787266219690480e+02 1.453639285174169515e+02 2.519269546806472970e-01
2.515006704642838997e+02 1.433712267479961611e+02 2.322263951202298837e-01
2.514201567777385833e+02 1.423456432424257798e+02 2.216905278015829095e-01
2.515083329132429242e+02 1.420171573322579093e+02 2.389675858244694195e-01
2.515937641780511171e+02 1.425871439733830641e+02 2.536484851540051211e-01
2.518141238594545541e+02 1.441755041084841480e+02 2.640986540303473240e-01
2.519812043151686112e+02 1.460472286636084220e+02 2.756931491657004796e-01
2.520241367142209015e+02 1.484701719009930798e+02 2.814752734788526500e-01
2.520302855774562545e+02 1.502455020920502022e+02 2.793794424560165357e-01
2.519733969350204177e+02 1.514722878963552830e+02 2.738569340121994045e-01
2.519102006351766931e+02 1.520875018904068270e+02 2.626644653929525730e-01
2.518504663003478470e+02 1.519063505066290247e+02 2.377867117003579223e-01
2.518462242274537459e+02 1.519067260674497106e+02 2.321507788476080136e-01
2.517662915259363956e+02 1.442905290618541017e+02 2.500894792559358870e-01
2.517910268689822146e+02 1.446784997731511737e+02 2.512552301255230325e-01
2.518377073146141072e+02 1.452543718808287565e+02 2.601187175480163538e-01
2.518102535665675248e+02 1.455286358824419040e+02 2.634546554418510933e-01
2.518427068105056321e+02 1.459807342340071443e+02 2.658642939960679796e-01
2.518335345566365788e+02 1.464207932146998132e+02 2.635025457478449296e-01
2.518481121137268701e+02 1.467283308968089841e+02 2.588748298633866129e-01
2.517816781771437320e+02 1.464868062206986963e+02 2.596385542168674898e-01
2.517561652467610998e+02 1.466579775167616049e+02 2.411944850531834439e-01
2.517880463275697025e+02 1.468206344205272842e+02 2.372359731814286388e-01
2.517999823562030599e+02 1.470352661692796232e+02 2.340852951555174588e-01
2.518667641276402662e+02 1.473524020769269498e+02 2.491896456117356495e-01
2.518428605635932911e+02 1.475416128950950281e+02 2.509477239501941015e-01
2.517828451882845116e+02 1.471402253364924206e+02 2.390684075212985704e-01
2.516054292483742643e+02 1.453141036951151932e+02 2.325452437364520786e-01
2.517006780259111736e+02 1.421458007763270643e+02 2.308867268236124426e-01
2.515837034329787798e+02 1.407061602056762695e+02 2.345994858093461699e-01
2.515495437818218534e+02 1.401735040580732914e+02 2.454012703533800521e-01
2.515578993799465763e+02 1.402950294903463089e+02 2.189973282250340381e-01
2.516307317134647406e+02 1.406114420023189098e+02 2.331451328325855610e-01
2.516690250541916498e+02 1.410957251600544566e+02 2.415864293996067835e-01
2.517330443111357567e+02 1.415080329686948630e+02 2.673980440590815189e-01
2.517621792609769500e+02 1.418487157836366350e+02 2.619511518878862577e-01
2.518037719917326172e+02 1.419623556989464248e+02 2.662587588849120168e-01
2.518004133689570097e+02 1.418424383727378029e+02 2.627337803095226021e-01
2.517767984070171963e+02 1.418001764379694407e+02 2.483099763069012422e-01
2.518115755910671965e+02 1.419482583051872666e+02 2.631836971316227070e-01
2.517973030196098136e+02 1.422195367243030830e+02 2.594848011292030243e-01
2.518619070423955293e+02 1.425167326208600116e+02 2.587765287089781596e-01
2.518208688309724153e+02 1.428255204920098720e+02 2.575654080758179032e-01
2.518557707818722520e+02 1.432884118062206937e+02 2.630891767908453693e-01
2.518783220749105283e+02 1.436317663961284552e+02 2.564891364621666447e-01
2.518707175984271771e+02 1.438965140898321238e+02 2.595478146897212124e-01
2.518661667590865534e+02 1.440023188990270739e+02 2.561097948278469594e-01
2.518237649342138411e+02 1.441291601552654242e+02 2.534115541664566096e-01
2.518017454756263476e+02 1.444576750516711172e+02 2.477025255835055839e-01
2.518597003075061878e+02 1.447610815647527431e+02 2.533926500983011421e-01
2.518718367192619780e+02 1.451442821495185740e+02 2.634055048646468666e-01
2.518865869335080845e+02 1.456804078237636872e+02 2.582232696476281508e-01
2.518796188939859917e+02 1.458190792458537146e+02 2.588685285073347719e-01
2.517238317285879816e+02 1.446949299289207147e+02 2.379770126531229602e-01
2.515831262287644279e+02 1.421301053586731769e+02 2.321747240006049318e-01
2.514891465443363359e+02 1.398300183999596698e+02 2.247265211473509217e-01
2.514270933104804158e+02 1.386753604375661553e+02 2.254864646872006828e-01
2.514121023844331262e+02 1.380519382971215521e+02 2.503566567525331577e-01
2.514678580430508532e+02 1.379136084085295124e+02 2.476987447698744682e-01
2.515514770378585467e+02 1.383774776931995802e+02 2.542672783182940988e-01
2.516691157937188166e+02 1.389054947824771773e+02 2.685133840802540472e-01
2.516652933911377659e+02 1.391649568987245971e+02 2.583833240913444573e-01
2.516920476886625977e+02 1.391909399102686962e+02 2.712091041992236717e-01
2.516454605031002814e+02 1.390068747794525450e+02 2.713590764732570215e-01
2.516532477189091139e+02 1.388367532893078646e+02 2.594948832988859255e-01
2.516173816605333400e+02 1.386464611584412978e+02 2.697144225437314025e-01
2.516257145737762642e+02 1.388156046781267321e+02 2.527133639159147016e-01
2.516717560619045173e+02 1.391211775974189777e+02 2.627022735292635081e-01
2.517264694762312729e+02 1.394747983566063283e+02 2.635038060190553200e-01
2.517595654584866622e+02 1.398335030498563185e+02 2.695619297272773274e-01
2.517978840046378082e+02 1.402856417301003091e+02 2.798772495841104768e-01
2.518276742955083876e+02 1.405531620204668002e+02 2.781973080606946480e-01
2.518681227000050455e+02 1.408479596209104159e+02 2.708814336845289383e-01
2.518424648384332443e+02 1.410822553813580669e+02 2.814551091394867921e-01
2.518608395926803496e+02 1.412774499672329398e+02 2.806271109542773368e-01
2.518861420577708259e+02 1.417191725059232681e+02 2.790227857034833781e-01
2.518528129253415386e+02 1.421520870091243580e+02 2.811677673035237190e-01
2.518694598477592308e+02 1.425584576800927437e+02 2.751751776982406805e-01
2.518505318344507771e+02 1.429061501235065919e+02 2.751877804103443070e-01
2.517584463376518613e+02 1.424312824519836624e+02 2.605787165397993599e-01
2.515939343146645228e+02 1.404829737359479793e+02 2.368238644956394690e-01
2.514208146393103789e+02 1.377869776175833181e+02 2.248071785048142424e-01
2.513477113474819760e+02 1.361615012350657992e+02 2.244996723294853114e-01
2.514126556434944746e+02 1.354994391793113948e+02 2.357160861017290887e-01
2.514836177345364661e+02 1.351178807279326577e+02 2.470925543176891725e-01
2.515352926349750362e+02 1.351612214548570989e+02 2.641515854211826109e-01
2.515903601855119121e+02 1.355249016988455821e+02 2.663696627514240967e-01
2.516292042647577887e+02 1.357720673488934722e+02 2.755507385189292502e-01
2.516332283107324770e+02 1.359345856228260345e+02 2.565067802591117774e-01
2.516222084992690498e+02 1.356716338155971187e+02 2.637180521248172482e-01
2.516045672228663648e+02 1.354271462418712417e+02 2.527940212733780223e-01
2.516078955991329451e+02 1.354408340474870158e+02 2.645737762766547374e-01
2.516505923274688712e+02 1.354663633613953664e+02 2.566806976861420453e-01
2.516742110702222988e+02 1.356395636941069824e+02 2.634609567979029343e-01
2.516702538186217737e+02 1.358281695820940627e+02 2.577607501134244194e-01
2.516958146393103846e+02 1.360196879568483155e+02 2.543164288954983254e-01
2.517138365176186028e+02 1.362593512123808921e+02 2.631055603165801116e-01
2.517339302817966313e+02 1.363911289509502467e+02 2.661352523062963105e-01
2.517086996521651372e+02 1.363636386550385566e+02 2.576334627211775974e-01
2.517068105056208083e+02 1.364341558703432895e+02 2.621994253163280608e-01
2.516985935373292307e+02 1.364120192065332446e+02 2.737409890608458740e-01
2.517001335887482867e+02 1.365121427131118708e+02 2.665914704844482563e-01
2.517497920552502819e+02 1.369836126934516187e+02 2.715115692897111521e-01
2.518182046176337110e+02 1.375915208952966680e+02 2.840752129858345465e-01
2.518235721127186650e+02 1.381015728184705438e+02 2.873418359630992569e-01
2.518024915561829005e+02 1.381368339466653197e+02 2.749949589151585161e-01
2.516718606644149929e+02 1.367358232091546029e+02 2.609593184453294357e-01
2.515189368352069437e+02 1.341198026415284517e+02 2.623002470131572395e-01
2.514588118163028696e+02 1.318583858446337729e+02 2.419254423551948363e-01
2.514409903211171127e+02 1.306437578766950764e+02 2.575414629228209851e-01
2.514318394918586534e+02 1.303591747744114571e+02 2.538539093612945385e-01
2.515917149770630772e+02 1.308677496597267691e+02 2.793517164893885019e-01
2.516643028179664157e+02 1.314856102233200659e+02 2.881131219438423097e-01
2.517981612643040705e+02 1.409920968392397924e+02 2.586681453848868051e-01
2.518440452185310221e+02 1.415207932146998075e+02 2.712506931491657225e-01
2.518412663205121760e+02 1.417895296667842899e+02 2.601124161919645128e-01
2.518351640873115969e+02 1.420257145737762698e+02 2.627161365125775250e-01
2.518309043706205443e+02 1.422474706356807985e+02 2.727894842970207123e-01
2.518395737762766657e+02 1.424888655038564309e+02 2.703143116398649126e-01
2.518478739224681249e+02 1.428181806724807075e+02 2.665221555678782273e-01
2.518291765387911596e+02 1.430602800322629378e+02 2.514190653828703992e-01
2.518196892171195316e+02 1.434377703281746221e+02 2.598238140847910493e-01
2.518362454000100854e+02 1.437433041790593222e+02 2.516018047083732334e-01
2.518799541261279558e+02 1.441524083782830132e+02 2.611118112617835108e-01
2.518671863184957544e+02 1.446380438070272589e+02 2.551053586731864553e-01
2.518997240006049196e+02 1.452084299541261316e+02 2.622422745374804465e-01
2.519538488682764523e+02 1.458863487422493392e+02 2.765287089781721108e-01
2.519897653375006428e+02 1.468988619750970486e+02 2.786384029843222421e-01
2.520016585169128405e+02 1.479478550183999630e+02 2.698291072238745980e-01
2.519967963905832562e+02 1.489422846196501382e+02 2.829800373040278205e-01
2.519695846146090616e+02 1.498296567021222927e+02 2.677559610828250114e-01
2.519495500831779111e+02 1.500874187125069454e+02 2.682537682109190080e-01
2.519220723899783252e+02 1.501781330342289777e+02 2.379429853304431131e-01
2.518008620255078824e+02 1.493943615466048414e+02 2.324658466501991205e-01
2.516768135302717155e+02 1.466570638201340842e+02 2.110248525482683879e-01
2.514659285678278025e+02 1.440747126581640316e+02 2.077859555376317113e-01
2.514213225286081581e+02 1.424906664314160309e+02 2.080997630690124556e-01
2.515346410747592927e+02 1.420351880324645890e+02 2.388655038564299060e-01
2.516067991631799146e+02 1.425551103997580356e+02 2.462670766749004425e-01
2.516826334627211850e+02 1.428040832787215777e+02 2.554317689166708538e-01
2.517053095226092694e+02 1.430090424459343694e+02 2.423804002621364195e-01
2.516714069667792444e+02 1.428665965115692984e+02 2.445329434894389364e-01
2.516450345314311505e+02 1.422277133639159103e+02 2.332951051066189385e-01
2.515972084992690441e+02 1.419627678076321899e+02 2.438448354085799297e-01
2.515824570247517329e+02 1.419373065483692073e+02 2.483187982053738085e-01
2.516388793668397454e+02 1.419488884407924445e+02 2.375686847809648505e-01
2.516390331199274044e+02 1.420114596461158385e+02 2.460956797902908721e-01
2.516657974996219309e+02 1.421537140192569382e+02 2.498953974895397612e-01
2.516722324444220362e+02 1.424285274991178198e+02 2.338647476937036895e-01
2.517040580732973751e+02 1.425162385945455412e+02 2.203634622170691226e-01
2.517155971164994810e+02 1.424121401925694386e+02 2.282225134849019399e-01
2.516938158491707327e+02 1.423409096637596463e+02 2.196173816605333506e-01
2.516676223723345345e+02 1.422996887130110508e+02 2.058161516358320287e-01
2.516557707818722633e+02 1.422287858547159374e+02 2.191914099914301639e-01
2.516537392246811464e+02 1.421534531431163941e+02 2.140079145032010854e-01
2.517147628169581992e+02 1.425312937944245562e+02 2.258342995412612741e-01
2.518225097040883327e+02 1.432078842566920400e+02 2.418069768614205806e-01
2.518940515198870855e+02 1.437129455058728524e+02 2.580682562887533504e-01
2.518537304027826735e+02 1.435250075616272625e+02 2.489552351666078633e-01
2.516236048797701130e+02 1.417568306699601806e+02 2.340424459343650732e-01
2.514039408680748124e+02 1.397532401572818515e+02 2.199702575994353926e-01
2.513758216968291492e+02 1.382687780410344374e+02 2.281494177547008229e-01
2.514439103695115136e+02 1.377530032262943109e+02 2.318319302313857910e-01
2.515209570499571612e+02 1.381041790593335747e+02 2.483250995614256218e-01
2.516352875938902116e+02 1.386590235418662189e+02 2.562206986943590392e-01
2.517230995110147660e+02 1.393250302465090442e+02 2.680092755961082651e-01
2.517579082018450265e+02 1.395526553914402257e+02 2.673514140242980175e-01
2.516788375258355472e+02 1.393251537530876760e+02 2.562723698139839912e-01
2.516614861118112572e+02 1.390563971366638043e+02 2.624010687099863626e-01
2.516835975701970938e+02 1.390109290719362889e+02 2.702752432323435872e-01
2.516643179412209577e+02 1.390897691183142513e+02 2.624993698643948159e-01
2.516929500428492190e+02 1.394252533145132702e+02 2.661037455260372164e-01
2.517232141956949079e+02 1.396512552301255141e+02 2.727403337198164857e-01
2.517524638302162714e+02 1.398774902959116844e+02 2.623090689116298058e-01
2.517332245299188287e+02 1.400209406664314145e+02 2.632063820134092902e-01
2.517736792357715387e+02 1.400289106215657569e+02 2.710893784342390256e-01
2.517770328174623273e+02 1.400967699248878375e+02 2.636399153097746528e-01
2.517679286182386420e+02 1.402591306649190983e+02 2.648371729596208923e-01
2.518272647073650319e+02 1.404957112970711250e+02 2.665624842466098876e-01
2.517681151383777660e+02 1.404919027574734116e+02 2.586063920955789519e-01
2.517137545999899260e+02 1.401406651711448319e+02 2.624212330493522205e-01
2.516452059283157610e+02 1.394596650199122791e+02 2.514140242980289486e-01
2.515324910520744197e+02 1.371243244946312529e+02 2.456445026969803769e-01
2.514392977768815740e+02 1.344024008166557564e+02 2.399959671321268417e-01
2.513770239955638317e+02 1.327470081161465885e+02 2.426286736905782226e-01
2.513891956949135533e+02 1.322355951000655239e+02 2.524550083177899973e-01
2.514694459847759163e+02 1.319321457377627667e+02 2.712166658264858476e-01
2.515779628976155777e+02 1.322750831778998872e+02 2.764304078237636575e-01
2.515917351414024381e+02 1.322332572969703222e+02 2.919745929323990796e-01
2.515643103795936781e+02 1.318007889297776956e+02 2.760573675454958131e-01
2.515217774865151057e+02 1.312094570751625611e+02 2.745538639915309775e-01
2.515934440691636951e+02 1.313113689065887115e+02 2.851338408025407278e-01
2.516004058073297358e+02 1.313015866814538413e+02 2.934302061803700234e-01
2.516193426425366795e+02 1.312534594444724405e+02 2.953508595049654795e-01
2.515632391490648843e+02 1.314295344558148884e+02 2.965103090185007839e-01
2.516472765539143950e+02 1.320200257095326890e+02 2.931680697686142034e-01
2.517036232797298112e+02 1.328199223672934295e+02 3.215859252911226762e-01
2.517860878661087725e+02 1.332971681705903109e+02 3.105887987094823055e-01
2.517829775167616049e+02 1.339066794374149367e+02 3.175139890104350382e-01
2.517732709078993878e+02 1.342666065937389703e+02 3.116348238140848048e-01
2.517659436910823274e+02 1.342702991883853372e+02 3.050171396884609476e-01
2.517827330241468076e+02 1.346834854060593898e+02 3.108534556636587953e-01
2.519257939708625429e+02 1.357564362050713385e+02 3.242072894086807655e-01
2.518559472198417097e+02 1.362573700660382201e+02 3.122334526390079246e-01
2.517207906941573867e+02 1.350505545193325645e+02 2.905151988707970201e-01
2.515205714069667806e+02 1.326685852195392386e+02 2.603732923325099424e-01
2.514130816151635770e+02 1.311441006704642973e+02 2.578804758784090101e-01
2.513966728840046301e+02 1.308035816907798505e+02 2.617154811715481366e-01
2.516171018803246398e+02 1.315042559358774099e+02 2.806888642435852455e-01
2.516740636184906919e+02 1.330727428542622306e+02 2.958826939557392954e-01
2.518222866360840726e+02 1.344532502394515348e+02 3.118629329031607500e-01
2.519555855220043270e+02 1.361343008015324756e+02 3.310908907596915030e-01
2.520614571255734120e+02 1.384943199576548807e+02 3.462204466401169745e-01
2.520610185511922055e+02 1.414775734738115602e+02 3.552074406412260021e-01
2.521146330090235494e+02 1.453225689368352107e+02 3.367419468669657912e-01
2.520625258355598248e+02 1.499563114382215190e+02 3.058438776024600680e-01
2.521078023390633689e+02 1.526451315723143694e+02 2.897514745173161432e-01
2.520449450521752226e+02 1.548283359378938258e+02 2.780725412108685513e-01
2.520663104300045347e+02 1.563371553158239635e+02 2.718833492967686616e-01
2.520686873015072820e+02 1.569780120481927668e+02 2.548885920250038017e-01
2.518352573473811447e+02 1.507197749155618283e+02 2.454554620154257294e-01
2.517128900539396170e+02 1.504853064979583621e+02 2.115466048293592749e-01
2.517340600897313152e+02 1.506744353984977636e+02 2.224908000201643310e-01
2.518321482583051818e+02 1.512225827998185252e+02 2.325149972274033472e-01
2.517168233603871670e+02 1.509474819781216866e+02 2.076750516711196315e-01
2.516967825275999360e+02 1.507768778041034352e+02 2.124678630841357052e-01
2.517245185763976281e+02 1.508409701567777290e+02 2.106807985078388845e-01
2.517073713263094135e+02 1.504702752432323507e+02 2.057203710238443284e-01
2.516175908655542628e+02 1.493039055804809152e+02 2.001398901043504597e-01
2.515318079850783874e+02 1.466027839391036878e+02 2.007977516761607073e-01
2.515714107475928927e+02 1.436699551343449173e+02 2.180206180370015678e-01
2.515020202147502175e+02 1.421603417855522480e+02 2.139209557896859515e-01
2.515489716186923488e+02 1.417024134193678435e+02 2.184327267227907377e-01
2.516553536321016225e+02 1.422021714472954557e+02 2.306447547512224527e-01
2.517916872510964481e+02 1.430648270907899473e+02 2.619776175833039011e-01
2.518566265060240994e+02 1.440558753843827162e+02 2.597028280485960683e-01
2.519012300247013059e+02 1.451261039975802873e+02 2.544248122195896800e-01
2.519318772999949658e+02 1.458139310379593780e+02 2.520403790895801022e-01
2.519438612189343019e+02 1.462052893582699085e+02 2.656802943993547550e-01
2.519128761909562968e+02 1.465967497605484766e+02 2.560001512325452699e-01
2.519366675908655679e+02 1.469968089932953603e+02 2.498676715229117273e-01
2.519665776075011365e+02 1.476152593638150847e+02 2.530637193123960182e-01
2.519780813631093395e+02 1.484399543781821933e+02 2.570436557947270440e-01
2.520613437011645033e+02 1.490864130160810532e+02 2.741115087966930486e-01
2.520382378887936738e+02 1.495597771840500059e+02 2.738115642486262935e-01
2.519961990220295434e+02 1.501001512325452438e+02 2.591092403085143991e-01
2.519836341180622128e+02 1.506334791047033264e+02 2.604136210112416028e-01
2.519813958763926109e+02 1.509789471694308531e+02 2.496735897565156015e-01
2.520029276100216862e+02 1.516628194787518282e+02 2.537808136310933937e-01
2.520096738418107520e+02 1.522358736200030194e+02 2.343612945505872958e-01
2.520128068760397184e+02 1.528117570701215016e+02 2.307833845843625664e-01
2.519992098099511111e+02 1.532343108837021646e+02 2.364936734385239825e-01
2.519360261128194907e+02 1.533935259867923548e+02 2.244303574129152545e-01
2.517674081262287586e+02 1.458094848011292015e+02 2.447245047134143370e-01
2.517427055502344047e+02 1.458709759540253117e+02 2.454983112365781150e-01
2.517621288501285335e+02 1.460029099662247347e+02 2.494089328023390562e-01
2.517295974693754204e+02 1.458632290668952010e+02 2.427521802691939290e-01
2.516215544185108683e+02 1.446811740686595726e+02 2.252659172253869135e-01
2.516090928567827802e+02 1.412592970207188614e+02 2.387785451429147443e-01
2.515989161667590963e+02 1.378124817260674604e+02 2.417691687251096455e-01
2.514826737913999182e+02 1.364478499773151157e+02 2.414402379392045217e-01
2.515101981146342780e+02 1.358962658164036839e+02 2.453168321822856157e-01
2.515645485708524518e+02 1.358523756112315368e+02 2.508733679487825663e-01
2.516290681554670527e+02 1.364133689569995340e+02 2.608030448152442449e-01
2.516890003528759507e+02 1.366735620305489647e+02 2.624792055250290135e-01
2.517210528305691355e+02 1.369265841609114318e+02 2.780586782275545898e-01
2.517228310732469652e+02 1.371093537329233243e+02 2.602636487372082530e-01
2.516681945354640391e+02 1.369100166355799786e+02 2.527662953067499885e-01
2.516424345919241716e+02 1.369068571356555992e+02 2.490636184906991901e-01
2.516560329182840121e+02 1.368997391238594616e+02 2.435234662499369818e-01
2.517222639512023079e+02 1.369070499571507753e+02 2.389575036547865183e-01
2.517259023541866156e+02 1.370392851741694926e+02 2.499206029137470420e-01
2.517627678076322013e+02 1.373284254171497594e+02 2.467636235317840487e-01
2.517681138781065613e+02 1.374693640671472394e+02 2.533624035892523829e-01
2.517603569088067843e+02 1.375726206079548319e+02 2.565609719211574546e-01
2.517425820436558013e+02 1.375368213439532212e+02 2.637987094822805689e-01
2.517565017391742686e+02 1.376065597116499362e+02 2.594192670262640554e-01
2.517760056964258695e+02 1.376773756112315255e+02 2.653236376468215973e-01
2.517791601552654015e+02 1.377613487422493392e+02 2.569352724706356894e-01
2.517960893784342318e+02 1.380173173867016203e+02 2.707856530725412103e-01
2.517906059383979311e+02 1.382564588899531088e+02 2.695228613197560019e-01
2.517910898825427353e+02 1.385466880072591493e+02 2.627400816655744431e-01
2.518334564198215446e+02 1.389320360941674721e+02 2.726080052427282130e-01
2.518699185864797983e+02 1.393463981448807658e+02 2.743018097494580587e-01
2.518810329182840064e+02 1.397332144477491624e+02 2.806283712254877272e-01
2.519037127589857334e+02 1.402162335534607109e+02 2.844835408579926561e-01
2.518848704441195707e+02 1.408085181731108548e+02 2.754902455008317874e-01
2.518689897665977639e+02 1.411045142914755388e+02 2.669128396430912042e-01
2.517856240863033861e+02 1.405282628421636275e+02 2.627312597671018768e-01
2.516098049100166349e+02 1.376602207995160541e+02 2.397262690931088458e-01
2.514640532842667824e+02 1.340679437414931670e+02 2.396556939053284263e-01
2.514582749407672395e+02 1.318307770832282984e+02 2.461410495538639831e-01
2.514260208196803887e+02 1.311791198265866853e+02 2.564109996471240493e-01
2.515149657206230813e+02 1.315782199929424792e+02 2.765829006402177881e-01
2.515913734435650611e+02 1.321729747441649465e+02 2.751348490195090202e-01
2.517621250693149193e+02 1.415739123859454480e+02 2.530801028381307605e-01
2.518149947068609151e+02 1.420773352825528093e+02 2.556623985481675798e-01
2.517933331652971845e+02 1.421256389575036678e+02 2.636033674446741082e-01
2.518094444724504797e+02 1.422570297928114087e+02 2.627728487170439275e-01
2.518166444018752941e+02 1.426269332560366934e+02 2.677307556586177584e-01
2.518233755104098464e+02 1.426788261833946763e+02 2.583001461914604113e-01
2.518409058829460037e+02 1.430217157332257898e+02 2.594621162474164411e-01
2.518799200988052576e+02 1.436958688309724153e+02 2.536106770176941860e-01
2.519236628522457977e+02 1.442799465645006762e+02 2.599284165952512882e-01
2.519430836315975171e+02 1.447950660382114165e+02 2.593940616020567469e-01
2.519364785501840061e+02 1.452206470232393940e+02 2.593272672279074431e-01
2.519304380702727144e+02 1.454700786409235320e+02 2.587248575893532077e-01
2.518777738569339988e+02 1.456631937793013094e+02 2.521815294651408856e-01
2.519050410848414572e+02 1.460618641931743582e+02 2.684919594696778544e-01
2.519083997076170931e+02 1.463493723849372259e+02 2.624993698643948159e-01
2.519092201441750376e+02 1.467811072742854321e+02 2.630261632303271813e-01
2.519144880778343634e+02 1.472291891415032410e+02 2.531922669758532307e-01
2.519583114886323472e+02 1.477423816605333400e+02 2.609366335635428524e-01
2.519678681252205479e+02 1.481209406664314088e+02 2.521790089227201603e-01
2.519898850632656035e+02 1.486613701668599106e+02 2.570713817613550223e-01
2.519932083984473365e+02 1.495155240207692771e+02 2.624829863386600737e-01
2.519617709331048161e+02 1.502004524373645324e+02 2.432109189897666002e-01
2.519431844532943501e+02 1.504327897363512534e+02 2.314752734788526611e-01
2.519485116197005539e+02 1.508080178454403324e+02 2.332774613096738336e-01
2.518215556787820617e+02 1.502110626606845756e+02 2.266257498613701571e-01
2.516681302616323137e+02 1.472892725714573885e+02 2.115970156777738642e-01
2.516444434642334897e+02 1.439711460906387117e+02 2.235015375308766483e-01
2.515327065584513662e+02 1.424161528961032275e+02 2.105938397943237506e-01
2.515275104602510510e+02 1.418117381660533454e+02 2.175442355194837918e-01
2.515941510813127024e+02 1.421220156777738453e+02 2.356480314563694223e-01
2.517043113878106624e+02 1.425445430256591237e+02 2.483704693249987328e-01
2.517611811261783430e+02 1.428744996723294776e+02 2.465178706457629709e-01
2.517508595049654616e+02 1.431024751726571651e+02 2.348540605938397863e-01
2.516776276654736080e+02 1.426265123254524383e+02 2.231133739980843966e-01
2.516490220295407596e+02 1.423483213187477929e+02 2.267253112869889731e-01
2.516344545546201630e+02 1.421551494681655470e+02 2.192821495185763858e-01
2.516228726621968974e+02 1.418941447799566333e+02 2.116272621868225956e-01
2.516441309169733245e+02 1.419581400917477367e+02 2.039837172959620970e-01
2.517129366839743909e+02 1.423640999143015620e+02 2.302074406412260021e-01
2.517712065836568058e+02 1.429350657861571676e+02 2.392322427786459649e-01
2.518641137772848708e+02 1.433659285678278081e+02 2.438473559510006550e-01
2.519045886474769418e+02 1.438134118062206994e+02 2.564803145636941339e-01
2.519064840953773228e+02 1.441869158642940079e+02 2.547890305993850135e-01
2.519071205323385527e+02 1.445325830518727628e+02 2.628333417351413903e-01
2.519008380803549016e+02 1.448835030498563299e+02 2.573133538337450399e-01
2.518465506376972201e+02 1.450091193224781989e+02 2.672732772092554221e-01
2.519073864495639441e+02 1.452859252911226520e+02 2.533384584362554648e-01
2.518869549327015136e+02 1.457051330846398116e+02 2.577620103846347543e-01
2.518954705852699476e+02 1.459386071482583134e+02 2.567953823662852408e-01
2.519497819730806043e+02 1.464515816403689996e+02 2.700017643796945310e-01
2.519235469072944511e+02 1.469456709683923918e+02 2.623960276251449120e-01
2.519461473509099108e+02 1.475002104652921275e+02 2.507977516761606962e-01
2.519704579825578605e+02 1.483756755053687471e+02 2.593146645158038166e-01
2.519811211372687296e+02 1.487418523466249951e+02 2.463477340323637632e-01
2.517890973937591355e+02 1.475535136361344826e+02 2.211347481978121754e-01
2.516446690527801593e+02 1.444547134143267613e+02 2.215909663759641213e-01
2.515105295659625995e+02 1.424972992387961881e+02 2.186041236074003080e-01
2.514988783586227896e+02 1.413024159399102757e+02 2.207100367999193513e-01
2.515816239854816843e+02 1.413341180622069828e+02 2.185713565559308236e-01
2.516820323133538295e+02 1.419264228461964876e+02 2.456432424257700142e-01
2.517609089075969280e+02 1.423144716943086223e+02 2.401106518122700095e-01
2.517909184856581248e+02 1.430162701013258015e+02 2.574154358017845534e-01
2.518554821797650902e+02 1.435753869032615739e+02 2.617369057821243294e-01
2.518660167868125086e+02 1.437300448656550884e+02 2.642372838634874377e-01
2.518033561022332094e+02 1.436641730100317602e+02 2.530322125321369242e-01
2.517745941926702642e+02 1.435064261229016438e+02 2.446476281695821042e-01
2.517461108030448145e+02 1.433331778998840491e+02 2.465518979684428180e-01
2.517460956797903009e+02 1.434555010838332407e+02 2.457969955134344797e-01
2.518242917275797765e+02 1.440772357211271810e+02 2.479444976558955460e-01
2.518700559560417389e+02 1.445685285073347757e+02 2.487661944850531881e-01
2.519194863134546551e+02 1.450207238997832349e+02 2.430685083429954263e-01
2.519244416998538156e+02 1.452716829661743247e+02 2.487485506881080832e-01
2.519131761355043579e+02 1.456023025155013499e+02 2.493307959872964608e-01
2.519436167263195046e+02 1.459609958663104408e+02 2.599032111710440351e-01
2.519877602460049388e+02 1.464050839340626169e+02 2.537417452235721238e-01
2.519648006250945116e+02 1.466331526944598522e+02 2.560795483187982002e-01
2.519264089832131788e+02 1.469293214699803514e+02 2.442065332459545379e-01
2.519467623632605751e+02 1.475372422745374763e+02 2.445795735242224100e-01
2.519792030044865783e+02 1.481794727025255725e+02 2.378383828199828465e-01
2.519799566466703595e+02 1.488513409285678222e+02 2.447925593587740034e-01
2.520290757170943152e+02 1.496257914503201221e+02 2.608849624439179560e-01
2.519950345314311733e+02 1.498152946514089763e+02 2.443842314866159215e-01
2.517934188637394755e+02 1.487704831879820517e+02 2.370960830770781902e-01
2.516205134344911016e+02 1.459385995866310566e+02 2.245639461612138899e-01
2.515884798608660446e+02 1.432559963704189272e+02 2.188599586631042870e-01
2.514630022180773210e+02 1.420859706608862325e+02 2.248197812169178689e-01
2.515122284115541618e+02 1.414674698795180632e+02 2.297701265312295238e-01
2.515844936230276687e+02 1.416972614306598643e+02 2.444321217926097578e-01
2.516545747844936329e+02 1.423076158189242335e+02 2.382996420829762430e-01
2.517227050461259239e+02 1.429499105207440550e+02 2.438208902555830115e-01
2.517974668548671673e+02 1.435673551948379156e+02 2.528910621565760852e-01
2.518294071684226481e+02 1.438264127640268271e+02 2.508418611685234723e-01
2.517691951908050498e+02 1.437706495437818148e+02 2.471933760145183234e-01
2.517069806422342140e+02 1.436141616675908779e+02 2.180533850884710523e-01
2.516851905530070042e+02 1.433990900841861276e+02 2.298633866007964988e-01
2.516866638100519253e+02 1.434037102384433240e+02 2.233792912234713046e-01
2.517385227100872100e+02 1.438023894742148627e+02 2.214510762716136449e-01
2.517811488632353587e+02 1.439163633613953834e+02 2.223433482885517065e-01
2.517504776427887236e+02 1.437739741392347526e+02 2.330985027978020874e-01
2.517555716590210295e+02 1.438948946413268004e+02 2.190111912083480272e-01
2.517969451025860792e+02 1.442001436709179814e+02 2.310417401824872707e-01
2.517996093159247835e+02 1.443414868679739982e+02 2.352144981600040319e-01
2.518433029187881118e+02 1.446506150123506700e+02 2.352850733477844514e-01
2.518418019357765729e+02 1.448455449412713563e+02 2.376127942733276266e-01
2.518569151081312611e+02 1.451005557796037806e+02 2.255519987901396517e-01
2.518778280485960579e+02 1.454539723748550557e+02 2.459293239905227524e-01
2.519167288400463747e+02 1.459747781922669674e+02 2.497857538942380440e-01
2.519498626304380764e+02 1.464581224479507853e+02 2.591798154962948186e-01
2.519311576851338543e+02 1.465223219236779642e+02 2.376316983414830941e-01
2.517724277864596445e+02 1.454486981398397063e+02 2.303511115592075387e-01
2.515938435751373561e+02 1.427693716287745076e+02 2.294966476785804399e-01
2.514618150425971805e+02 1.403394540505116765e+02 2.242476180874124203e-01
2.514268122700005108e+02 1.389953634622170568e+02 2.245299188385340428e-01
2.514863474819781288e+02 1.385851451832434407e+02 2.350922518525986882e-01
2.515960553511115734e+02 1.388613500025205383e+02 2.381345465544185136e-01
2.516897325704491664e+02 1.394583177899883992e+02 2.467207743106316353e-01
2.517473030196098307e+02 1.399258330392700600e+02 2.610198114634269539e-01
2.517519811463427004e+02 1.401880904370620442e+02 2.579611332358723863e-01
2.517330241467963958e+02 1.400561350002520555e+02 2.422001814790542829e-01
2.516476558955487235e+02 1.394973962796793785e+02 2.393267631194233025e-01
2.516125044109492421e+02 1.391169468669657761e+02 2.372397539950597267e-01
2.516338748298633732e+02 1.392584110500579584e+02 2.424396330090235474e-01
2.516898938851640821e+02 1.396811476029641597e+02 2.608521953924484715e-01
2.517384937238493592e+02 1.401605711549125317e+02 2.636789837172959783e-01
2.517846372939456501e+02 1.404741228512375812e+02 2.708171598528003043e-01
2.518124540001008143e+02 1.405637520794475108e+02 2.710767757221353991e-01
2.518502243282754307e+02 1.409078829964208239e+02 2.665385390936129695e-01
2.518473622523567030e+02 1.411577846952664288e+02 2.550020164339366069e-01
2.518433054393305497e+02 1.414797297978524853e+02 2.583845843625548477e-01
2.518748500277259552e+02 1.418864457831325296e+02 2.575843121439733707e-01
2.518839075969148666e+02 1.421140318596561940e+02 2.653765690376568842e-01
2.518782628421636218e+02 1.422541412511972680e+02 2.719463628572869052e-01
2.518529717195140449e+02 1.426340235418662132e+02 2.675127287392246589e-01
2.519412096083077017e+02 1.431968657054998175e+02 2.669758532036093923e-01
2.519195732721681793e+02 1.430348918687301421e+02 2.607929626455613437e-01
2.517075402026516144e+02 1.412572957100368001e+02 2.364659474718959487e-01
2.515904068155467144e+02 1.379547839895145387e+02 2.559522609265513782e-01
2.515313278217472259e+02 1.355715115692896973e+02 2.469967737057014723e-01
2.514699563946161334e+02 1.345906324040933555e+02 2.440792458537077159e-01
2.514997454252155080e+02 1.345561526440490070e+02 2.476987447698744682e-01
2.516002873418359513e+02 1.349471883349296775e+02 2.765035035539648023e-01
2.517552679336593258e+02 1.360897918031960501e+02 2.920010586278167231e-01
2.517732948530523629e+02 1.365925757422997435e+02 2.923224277864596710e-01
2.517664238544134605e+02 1.367336870494530388e+02 2.693476836215153436e-01
2.517633929021525319e+02 1.368720698694359044e+02 2.721782527599939661e-01
2.517058653022130272e+02 1.367330934617129685e+02 2.755721631295054430e-01
2.516835824469425802e+02 1.366537152795281429e+02 2.683697131622725385e-01
2.516315735746332507e+02 1.363781267328729143e+02 2.677572213540354018e-01
2.516468505822452926e+02 1.364666620456722228e+02 2.717762262438876975e-01
2.516970106366890150e+02 1.366925076876543699e+02 2.734297020718858828e-01
2.517027473912386029e+02 1.368088357614558674e+02 2.752230680042345168e-01
2.516890608458940335e+02 1.369914452790240489e+02 2.736023592277058158e-01
2.516992299742904606e+02 1.371217043907848847e+02 2.662562383424912915e-01
2.516319327519282183e+02 1.378463678983717386e+02 2.543441548621263038e-01
2.517066454100922499e+02 1.383781544588395320e+02 2.613071532993900270e-01
2.517664755255330817e+02 1.386637911478550222e+02 2.582232696476281508e-01
2.518118465493774352e+02 1.389298822906689566e+02 2.491556182890558024e-01
2.518295168120179426e+02 1.391835332963653684e+02 2.593310480415385588e-01
2.518613915914704933e+02 1.394529628976155777e+02 2.608723597318142740e-01
2.518780233906336719e+02 1.397196841760346899e+02 2.596902253364923863e-01
2.517784266774209812e+02 1.390835169128396558e+02 2.498386852850733586e-01
2.515560745072339444e+02 1.366489199475727219e+02 2.312143973383072038e-01
2.514420943186973716e+02 1.336869221656500599e+02 2.506439985884962307e-01
2.514199727781418687e+02 1.321027184050007577e+02 2.485280032262942862e-01
2.514472198417099378e+02 1.317114054544537964e+02 2.411251701366133871e-01
2.515321205323385527e+02 1.321668006755053568e+02 2.728474567726975053e-01
2.517515236678933377e+02 1.335367961385290130e+02 2.905706508040530323e-01
2.518402669254423643e+02 1.343349057317134623e+02 3.171069214094873190e-01
2.518382870393708686e+02 1.348380135605182204e+02 3.131673136058880091e-01
2.517762388465997958e+02 1.348631433684528815e+02 3.073448606140041228e-01
2.517175354136210217e+02 1.347352510460250983e+02 2.922493320562585262e-01
2.517259199979835671e+02 1.347838912133891256e+02 2.906487876190956277e-01
2.517143595301708956e+02 1.349428252759993825e+02 2.746471240610979248e-01
2.517199223672934352e+02 1.351630589302818066e+02 2.922795785653072298e-01
2.517601351010737574e+02 1.354569466149115158e+02 2.890394212834602183e-01
2.517961687755204991e+02 1.357585446388062849e+02 2.903211171044008942e-01
2.517856354287442571e+02 1.360334753238896894e+02 2.794626203559005817e-01
2.518537417452235729e+02 1.366216212128850032e+02 3.012287644301053779e-01
2.518556397136663918e+02 1.371120696173816498e+02 2.996811513837777663e-01
2.518709885567374158e+02 1.376582446942582010e+02 2.937099863890709206e-01
2.518780548974139322e+02 1.380643658315269420e+02 2.963086656248424822e-01
2.518937036850330173e+02 1.385242324948328871e+02 3.007170943186973644e-01
2.519051620708776511e+02 1.391514329283661766e+02 3.126027121036447087e-01
2.519085383374502101e+02 1.397244278368704897e+02 2.992362756465191120e-01
2.518748840550486534e+02 1.398864394817764776e+02 2.975575943943136736e-01
2.517290744568230991e+02 1.386411453344759934e+02 2.676475777587336569e-01
2.515338622271512747e+02 1.355700962847204778e+02 2.479646619952613762e-01
2.514208549679891007e+02 1.331326712708574860e+02 2.623821646418308950e-01
2.514096385542168548e+02 1.323538879366839751e+02 2.594091848565811542e-01
2.514875245752886030e+02 1.323297260170388654e+02 2.782993900287341615e-01
2.515491568785602681e+02 1.328111458385844514e+02 2.839239804405908063e-01
2.516283082119272194e+02 1.334725462519534176e+02 2.901913091697333469e-01
2.517482028532540141e+02 1.341514530927055375e+02 2.881572314362050857e-01
2.517710175429752439e+02 1.346928719060341848e+02 2.957453243938095722e-01
2.517545205928315681e+02 1.346410823209154728e+02 2.931693300398245938e-01
2.517162839643091274e+02 1.345676059888087934e+02 2.967535413621011364e-01
2.516964800625094654e+02 1.346993837273781196e+02 2.795962091041992448e-01
2.517244958915158577e+02 1.349340449664767903e+02 2.989527146241870992e-01
2.517630475878409015e+02 1.355694875737258656e+02 2.831287493068508354e-01
2.518034291979633963e+02 1.363136071482583134e+02 2.963174875233149930e-01
2.518920590311034857e+02 1.368540857992639985e+02 3.046693048344003563e-01
2.519134118062206937e+02 1.373209986389070991e+02 3.200194081766395970e-01
2.518908806775218068e+02 1.378249798356606277e+02 3.036913343751575511e-01
2.519060631647930677e+02 1.383481486615919778e+02 3.095894036396632520e-01
2.519054872208499205e+02 1.389826788324847371e+02 3.003188486162222115e-01
2.519110689620406447e+02 1.397416494429601244e+02 2.975664162927861844e-01
2.519441813278217523e+02 1.403053422896607287e+02 3.059320965871855647e-01
2.518911692796289685e+02 1.408788425669204116e+02 2.932411654988153482e-01
2.518408126228764559e+02 1.408046617432071344e+02 2.887545999899178151e-01
2.516541803196047908e+02 1.394914414982104063e+02 2.687099863890709539e-01
2.514568596561980200e+02 1.369249294248122055e+02 2.508040530322125372e-01
2.514186784796088148e+02 1.348308413570600521e+02 2.499798356606341698e-01
2.514169708121187625e+02 1.341063379039169092e+02 2.456873519181327903e-01
2.516218405000756206e+02 1.340993106316479384e+02 2.693376014518324424e-01
2.516694232998941345e+02 1.349159802389474123e+02 2.794626203559005817e-01
2.517566996017542920e+02 1.357293794424560076e+02 2.970686091646922433e-01
2.518354123607400368e+02 1.362637079699551350e+02 2.955373796440994294e-01
2.517652316378484727e+02 1.361244669052780125e+02 2.760800524272823409e-01
2.517057644805161942e+02 1.357050120986036177e+02 2.607475928819881772e-01
2.516643053385088535e+02 1.354666154156374489e+02 2.625384382719161414e-01
2.516898888440792348e+02 1.355592251852598622e+02 2.692947522306800567e-01
2.517512375863285854e+02 1.358894704340374062e+02 2.827771336391591284e-01
2.518179084538992925e+02 1.365345251298079461e+02 3.014719967737056749e-01
2.518427673035237149e+02 1.367874010687099826e+02 2.976785804305086547e-01
2.518273617482482223e+02 1.367336442002318790e+02 2.814173010031758571e-01
2.518309736855371170e+02 1.368149468165549365e+02 2.903311992740837955e-01
2.517464535968140353e+02 1.366526654736099147e+02 2.931264808186721527e-01
2.516881862176740299e+02 1.364075830518727628e+02 2.752331501739174180e-01
2.516865932348641479e+02 1.363089504461360093e+02 2.749180823713263111e-01
2.517243547411403028e+02 1.365017568180672356e+02 2.911037455260371831e-01
2.517436142057770780e+02 1.369481852094570797e+02 2.869776175833039233e-01
2.517329850783888787e+02 1.368627715884458382e+02 2.781569793819629877e-01
2.515567815193829802e+02 1.348420250037808046e+02 2.681151383777788944e-01
2.514336240358925352e+02 1.315942405605686361e+02 2.664188133286283233e-01
2.513764858597570253e+02 1.290628484649896563e+02 2.556019055300700615e-01
2.513614785501839890e+02 1.279101477037858530e+02 2.757952311337399931e-01
2.513966338155971130e+02 1.277855346070474383e+02 2.826006956697081351e-01
2.515526364873720695e+02 1.282879076977365571e+02 2.874905479659222718e-01
2.516744215355144547e+02 1.379288438271915993e+02 2.718417603468266108e-01
2.517334828855169633e+02 1.383852623884660034e+02 2.765362706054342867e-01
2.516774172001814804e+02 1.381439494379190478e+02 2.692418208398447144e-01
2.516221631295054806e+02 1.375442859303321939e+02 2.707617079195442922e-01
2.515347519786257919e+02 1.368863651257750575e+02 2.547587840903362544e-01
2.514847154307607013e+02 1.364880576700105905e+02 2.522205978726622111e-01
2.515396040227857100e+02 1.366161478550183972e+02 2.673199072440389235e-01
2.516122687402329063e+02 1.369449601754297419e+02 2.614949337097343118e-01
2.516255797247567614e+02 1.369747479457579402e+02 2.641881332862832110e-01
2.516572326964762851e+02 1.370106820587790537e+02 2.705575439834652651e-01
2.516888907092806278e+02 1.372636121893431493e+02 2.684302061803700012e-01
2.517253717800070660e+02 1.376314286434440817e+02 2.767694207793517380e-01
2.517574721480062578e+02 1.378954718455411523e+02 2.808514392297222217e-01
2.517672682361244085e+02 1.382618339466653197e+02 2.850884710389675614e-01
2.518084186116852266e+02 1.386187049453042164e+02 2.762300247013157461e-01
2.517993623027675483e+02 1.387677257145737713e+02 2.732167162373342895e-01
2.516361660029238294e+02 1.377914225941422615e+02 2.595868830972425378e-01
2.515419140999142940e+02 1.352306019055300794e+02 2.474189645611735711e-01
2.514197459293239945e+02 1.329484675102081894e+02 2.654673085648031616e-01
2.514119725764984707e+02 1.317186860412360829e+02 2.647552553309472367e-01
2.514275003780813620e+02 1.316224844986641074e+02 2.713363915914704938e-01
2.516088710490497533e+02 1.325986048797701358e+02 2.858900035287593733e-01
2.517610941674648473e+02 1.335025306245904062e+02 2.994253163280737873e-01
2.518333114886323472e+02 1.345852308816857317e+02 3.085269950093260105e-01
2.518314412461561744e+02 1.348418284014719859e+02 3.000894792559358759e-01
2.517813996572062365e+02 1.348915700458738627e+02 2.874540001008216716e-01
2.517189985884962482e+02 1.346847608005242591e+02 2.795848666633059532e-01
2.517054519332560290e+02 1.346320272722689992e+02 2.907042395523516398e-01
2.517458612693451698e+02 1.348409638554216770e+02 2.955537631698341716e-01
2.517435499319453527e+02 1.351315067802591159e+02 2.993030700206684713e-01
2.517621880828754399e+02 1.355327733528255294e+02 3.075414629228209740e-01
2.517936444522861450e+02 1.359016068457932249e+02 3.035022936936028759e-01
2.517913973887180532e+02 1.363841205827494036e+02 3.036207591873771316e-01
2.518050247013157161e+02 1.367151018299138059e+02 2.943489438927257007e-01
2.517948467510208275e+02 1.367325679286182378e+02 2.855787165397993821e-01
2.516250541916620591e+02 1.369371275898573401e+02 2.590298432222614133e-01
2.516173123456167673e+02 1.366991241115088087e+02 2.531847053485909993e-01
2.514849145536119295e+02 1.352851527448706861e+02 2.460389675858244696e-01
2.513401837475424827e+02 1.325795306750012514e+02 2.397703785854715941e-01
2.514122397539950668e+02 1.285913091697333357e+02 2.860210717346373110e-01
2.513437276301860095e+02 1.260831879820537438e+02 2.742463578162020466e-01
2.513420136613399336e+02 1.248793176891667116e+02 2.921762363260573814e-01
2.514104136210112301e+02 1.253287656903765708e+02 3.164667036346221485e-01
2.517175732217573341e+02 1.348907987598931300e+02 2.978033472803347514e-01
2.517953899279124812e+02 1.357121754801633244e+02 3.230314563694107188e-01
2.518764694762312786e+02 1.373911352523062988e+02 3.354564702323939995e-01
2.518610815647527374e+02 1.380628862731259687e+02 3.413469778696375245e-01
2.518667779906235751e+02 1.386987724958410979e+02 3.307443161768412465e-01
2.519597355951000566e+02 1.396311034934717838e+02 3.336353783334173317e-01
2.519911276906790363e+02 1.408288375258355529e+02 3.261607097847456505e-01
2.519815571911075267e+02 1.419295584009678919e+02 3.250730957302011559e-01
2.519057543983465166e+02 1.429348200332711656e+02 2.930634672581539646e-01
2.518963250491505903e+02 1.435067071633815488e+02 2.947156828149417596e-01
2.518845931844533084e+02 1.442262942985330483e+02 2.754259716691032089e-01
2.519422266471744649e+02 1.447313164793063436e+02 2.862819478751827407e-01
2.519764417502646552e+02 1.455714611584413092e+02 2.952462569945052406e-01
2.519682840147199556e+02 1.465923841810757722e+02 2.946476281695821209e-01
2.519964183092201324e+02 1.483793970862529648e+02 2.994858093461713056e-01
2.519960036799919294e+02 1.516907899379946514e+02 2.829951605585522278e-01
2.519739993446589779e+02 1.545851313202601318e+02 2.566781771437213200e-01
2.519078073801481992e+02 1.551516106266068391e+02 2.352119776175833066e-01
2.517880702727226776e+02 1.544038400463779794e+02 2.251361092907193662e-01
2.517664717447194676e+02 1.436519231738670044e+02 2.480654836920905271e-01
2.515577720925543304e+02 1.406897993648233012e+02 2.292647577758733790e-01
2.514975550738518848e+02 1.389093045823461239e+02 2.448568331905026096e-01
2.515233717295962208e+02 1.380821785048142374e+02 2.454516812017946137e-01
2.515678580430508759e+02 1.381115466048293570e+02 2.459986389070928092e-01
2.516680798507838972e+02 1.387322906689519471e+02 2.510674497151786921e-01
2.517465266925442222e+02 1.394663028683772836e+02 2.517694207793517158e-01
2.517727025255834974e+02 1.396544172505923314e+02 2.671157433079598964e-01
2.517269080506124794e+02 1.395143330644754656e+02 2.472198417099359669e-01
2.517106480314563726e+02 1.394919140999143110e+02 2.669115793718808138e-01
2.517557556586177441e+02 1.398146846801431593e+02 2.710351867721933483e-01
2.517833177899884163e+02 1.401126682462065958e+02 2.858496748500277129e-01
2.518067147250088169e+02 1.406041601552654186e+02 2.885063265614760120e-01
2.518813366436457102e+02 1.416428933306447675e+02 2.821986691536018665e-01
2.519573839290215176e+02 1.425015047638251815e+02 2.821948883399707508e-01
2.519592881988203885e+02 1.435383172858799128e+02 2.843789383475323618e-01
2.519154320209709113e+02 1.445804418510863627e+02 2.854615113172354612e-01
2.519086794878257933e+02 1.451581842012401182e+02 2.860702223118414822e-01
2.519110576195997453e+02 1.457828817361496192e+02 2.828288047587840803e-01
2.519297726470736620e+02 1.464922531128698893e+02 2.723446085597620581e-01
2.519262476684982630e+02 1.470090399253919315e+02 2.670678530019660046e-01
2.519500882189847175e+02 1.477390242980289372e+02 2.733918939355749478e-01
2.519332157080203558e+02 1.480842390482431767e+02 2.709255431768916589e-01
2.519335194333820596e+02 1.486455953521197841e+02 2.721568281494177732e-01
2.519077657911982726e+02 1.490337941725059352e+02 2.633664364571255967e-01
2.519405605686343677e+02 1.496833442556838349e+02 2.708751323284770973e-01
2.519276881584917192e+02 1.504317903412814417e+02 2.723735947976004268e-01
2.517892297222362288e+02 1.498707175984271771e+02 2.276465695417653756e-01
2.516028633361899551e+02 1.484259804910016669e+02 1.960994606039219712e-01
2.516230856480314628e+02 1.448935562333014104e+02 2.107349901698845618e-01
2.514975197862580103e+02 1.422963515148460090e+02 2.205865302213036172e-01
2.514493623027675540e+02 1.410669090588294523e+02 2.373683016585169114e-01
2.514731663053889292e+02 1.406361861672631903e+02 2.315987800574683675e-01
2.516604426072490810e+02 1.406535766496950259e+02 2.472047184554116150e-01
2.517042786207591973e+02 1.410764253667389312e+02 2.373645208448858235e-01
2.517414036900740939e+02 1.414704932701517350e+02 2.417553057417956286e-01
2.517649165700458695e+02 1.416264909008418726e+02 2.362895095024449277e-01
2.518086290769773541e+02 1.418492627413419314e+02 2.562080959822553572e-01
2.518592516509552866e+02 1.420697056006452499e+02 2.668536068962040764e-01
2.518349725260876255e+02 1.421893418863739385e+02 2.548331400917477341e-01
2.518906412259918284e+02 1.424794487573725803e+02 2.690553007007108199e-01
2.519510258607652418e+02 1.430243509603266716e+02 2.693943136562988450e-01
2.519759187377123624e+02 1.435372826032161981e+02 2.778582951051066230e-01
2.519738040026213639e+02 1.439975109643595204e+02 2.816101224983616480e-01
2.519373556989464191e+02 1.444722677320159221e+02 2.813328628320814762e-01
2.519306863437011543e+02 1.449164062106165147e+02 2.727642788728134038e-01
2.519337525835559859e+02 1.455102258406008957e+02 2.653223773756112069e-01
2.519740094268286441e+02 1.461486515098049210e+02 2.644842970207188504e-01
2.519361949891616632e+02 1.465436154660482941e+02 2.572679840701718734e-01
2.519479797852497995e+02 1.470541198265866853e+02 2.571961486111811190e-01
2.519677975500327705e+02 1.476092264455310783e+02 2.623002470131572395e-01
2.519422644553107773e+02 1.480956003932046201e+02 2.715216514593940533e-01
2.519341533498008801e+02 1.486794197711347465e+02 2.653299390028734384e-01
2.519546453596813933e+02 1.492790101829913851e+02 2.677219337601451921e-01
2.519756402177748669e+02 1.499059787266219814e+02 2.580695165599636853e-01
2.519680067550536933e+02 1.506186091646922307e+02 2.737460301456873246e-01
2.520025520492010003e+02 1.514865050158794304e+02 2.659600746080556521e-01
2.519730831274890477e+02 1.521748651509804802e+02 2.600859504965468694e-01
2.519495021928719041e+02 1.521385945455461979e+02 2.435978222513484892e-01
2.517212796793870098e+02 1.420217459797348454e+02 2.618011796138529079e-01
2.514852384433129941e+02 1.390797650854463825e+02 2.283523214195694873e-01
2.514527965418157862e+02 1.363175064273831651e+02 2.417174976054846935e-01
2.514557556586177327e+02 1.350421699349700191e+02 2.486880576700105927e-01
2.514559598225538082e+02 1.346326233805515074e+02 2.690263144628723957e-01
2.515906286232797413e+02 1.349862655643494520e+02 2.670539900186519877e-01
2.516720711297071205e+02 1.355608080859000779e+02 2.811891919140999119e-01
2.517478562786711791e+02 1.361076536270605573e+02 2.854778948429702035e-01
2.517340424459343637e+02 1.365278860210717369e+02 2.937919040177446317e-01
2.517498033976911813e+02 1.368161050057972545e+02 2.845856228260321696e-01
2.517973017593386089e+02 1.370890369007410357e+02 3.007120532338559138e-01
2.518331804204264870e+02 1.375388327368049488e+02 3.010409840197610376e-01
2.518370973433482902e+02 1.380534380198618862e+02 2.796377980541412400e-01
2.518337777889801998e+02 1.385830493522205984e+02 2.920539900186520099e-01
2.518671611130715462e+02 1.392648838029944045e+02 2.888390381610122515e-01
2.519217245551242570e+02 1.401325616272621915e+02 2.959633513132026161e-01
2.519155845137873655e+02 1.409946262035589939e+02 3.095150476382517724e-01
2.518851199778192154e+02 1.420748676715229237e+02 3.055237687150274550e-01
2.519917943741493218e+02 1.428541374703836198e+02 3.121452336542824280e-01
2.519426526188435673e+02 1.433860462771588402e+02 2.904458839542269355e-01
2.519276049805918092e+02 1.443189645611735727e+02 2.954403387609013665e-01
2.519491404950345270e+02 1.454528015829006335e+02 2.810493018097494633e-01
2.520047411402933903e+02 1.462292231688259392e+02 3.049768110097292872e-01
2.519990018652013930e+02 1.470638995311791177e+02 2.866625497807128164e-01
2.519521512829560947e+02 1.476504095881433614e+02 2.933646720774310546e-01
2.518817298482633475e+02 1.479275974189645524e+02 2.633739980843877726e-01
2.518830002016433980e+02 1.484761758330392638e+02 2.590777335282553051e-01
2.519301393859958580e+02 1.491371414528406376e+02 2.647640772294197475e-01
2.519328779553359823e+02 1.497863512627917544e+02 2.710629127388213822e-01
2.519574620658365802e+02 1.506217737057014574e+02 2.649871452336542976e-01
2.519587878711498661e+02 1.512222248827947908e+02 2.585811866713716989e-01
2.517868125220547597e+02 1.504621162474164464e+02 2.302528104047991131e-01
2.516210528305691412e+02 1.483099599233755157e+02 2.120066038211423087e-01
2.515611811261783544e+02 1.453680647275293722e+02 1.966817059031103487e-01
2.517100897313101768e+02 1.431375472601703791e+02 2.169254423551948419e-01
2.516653097746635126e+02 1.426714485557291994e+02 2.124691233553460679e-01
2.516626342188839089e+02 1.424635264909008470e+02 2.104224429097141802e-01
2.517111949891616689e+02 1.427077027776377349e+02 2.104577305036043622e-01
2.517635151484599589e+02 1.430757170943186907e+02 2.221883349296768784e-01
2.518164969501436588e+02 1.434109807430559158e+02 2.364054544537984581e-01
2.517842617331249642e+02 1.432678088924736528e+02 2.324368604123607518e-01
2.517247555073851970e+02 1.430681970560064542e+02 2.167401824872712546e-01
2.517022155567878201e+02 1.429514304078237501e+02 2.137760246004940246e-01
2.517273226798407109e+02 1.428965052679336623e+02 2.335585017895851212e-01
2.517466552402077014e+02 1.431811740686595726e+02 2.398359126884105352e-01
2.518004347935675753e+02 1.436924345919241830e+02 2.360349347179513113e-01
2.518487624136714089e+02 1.441278708978172176e+02 2.346284720471845664e-01
2.518792672783182809e+02 1.445855938397943135e+02 2.530448152442405507e-01
2.518920653324595378e+02 1.450482709078993935e+02 2.518841054594948559e-01
2.519668296617432190e+02 1.456486691536018441e+02 2.495979734838937314e-01
2.519840185007813602e+02 1.463758166557443303e+02 2.545533598830468369e-01
2.519861269345163066e+02 1.469892082976256518e+02 2.654320209709129519e-01
2.519918132782174780e+02 1.477684944800120945e+02 2.563958763925996975e-01
2.520002772596662908e+02 1.484531784039925526e+02 2.646468720068558822e-01
2.519834425568382414e+02 1.491844734586883021e+02 2.530498563290820013e-01
2.519988670161818902e+02 1.497586996521651486e+02 2.621288501285476413e-01
2.519922153047335769e+02 1.501536673892221643e+02 2.448984221404446326e-01
2.519623040278267752e+02 1.505270227352926327e+02 2.533813076574078504e-01
2.519690767253112824e+02 1.512788639915309830e+02 2.476193476836215102e-01
2.519627678076321899e+02 1.520751524928164429e+02 2.576296819075464817e-01
2.519587677068105052e+02 1.528135958058174140e+02 2.382706558451378742e-01
2.519938649997479558e+02 1.535145044613600760e+02 2.381521903513636185e-01
2.518600443615466133e+02 1.456003516156677051e+02 2.726067449715178781e-01
2.516669997983566134e+02 1.432012779150072959e+02 2.375850683066995928e-01
2.515734334828855197e+02 1.396598565811362676e+02 2.351237586328577822e-01
2.515243635630387757e+02 1.377682273025154984e+02 2.544953874073700439e-01
2.515207062559862834e+02 1.372475500327670375e+02 2.630160810606442245e-01
2.515377904925139774e+02 1.372558980692645036e+02 2.558489186873015298e-01
2.516042685385895084e+02 1.375095654584866622e+02 2.575817916015526454e-01
2.516790139638050050e+02 1.379113915914704762e+02 2.662562383424912915e-01
2.517205777083228213e+02 1.385147401320764118e+02 2.847683621515350039e-01
2.517556271109542649e+02 1.388499432877955257e+02 2.767845440338760898e-01
2.517077254625195337e+02 1.388755734234007093e+02 2.700584765841609336e-01
2.516805640973937557e+02 1.387046062912738762e+02 2.532603216212128694e-01
2.517003818621767266e+02 1.387530750617532931e+02 2.686620960830770621e-01
2.517234511266824484e+02 1.390577720925543304e+02 2.714624187125069255e-01
2.517900816655744336e+02 1.395239262489287739e+02 2.759275596108282658e-01
2.518368037001562811e+02 1.400861622221102039e+02 2.701441750264657049e-01
2.518444434642335068e+02 1.404389486817563011e+02 2.757738065231638003e-01
2.518512186822604235e+02 1.409560530826233844e+02 2.656828149417754803e-01
2.518814362050713385e+02 1.415515261884357585e+02 2.856908806775217968e-01
2.518969854312647954e+02 1.420855951000655466e+02 2.686999042193879972e-01
2.519025028986237942e+02 1.424591294046478822e+02 2.750289862378383909e-01
2.518971744719463572e+02 1.426732116751524870e+02 2.668094974038413003e-01
2.518860614004133822e+02 1.430064084791046923e+02 2.642776125422190980e-01
2.518656349246357706e+02 1.432206747492060401e+02 2.749256439985884870e-01
2.518608774008166620e+02 1.435803334677622729e+02 2.720963351313202550e-01
