2.256905955908691226e+02 4.728621902373896790e-01 4.980957808242968810e+01
2.256559138471891970e+02 5.492987940560313254e-01 4.928034805214540626e+01
2.256358138764965702e+02 5.871215821637522092e-01 4.887394981927122473e+01
2.254737034202785253e+02 5.109970475539201695e-01 4.829422834782420182e+01
2.251797179437081411e+02 3.562202177428984151e-01 4.811500293073692092e+01
2.249584269540959838e+02 3.111886309116762561e-01 4.770716103856632628e+01
2.246274273557154686e+02 2.565236032867671545e-01 4.768677749194047522e+01
2.244002206193624147e+02 2.677377424642070070e-01 4.754890531548840471e+01
2.241769988711235442e+02 2.830834066017562933e-01 4.741727316638987588e+01
2.239225389950828742e+02 2.898702334820411064e-01 4.718899996743625991e+01
2.236956714643915518e+02 2.931659556915996445e-01 4.700862803521226141e+01
2.236188549502317358e+02 3.183879318766485444e-01 4.677563445026973454e+01
2.235473992423502239e+02 3.268762143562690681e-01 4.661021741726095513e+01
2.234832581653586772e+02 3.225683024520498710e-01 4.676984217438970148e+01
2.234114822473324864e+02 3.234407394140697001e-01 4.644934031282902964e+01
2.234049952782571893e+02 3.322031000683838831e-01 4.647215257199300709e+01
2.233796077697091960e+02 3.328001020330630388e-01 4.637788324812487417e+01
2.233039811890108126e+02 3.420685575347074958e-01 4.596307542848459349e+01
2.232085341430851031e+02 3.464497378618646151e-01 4.561158780813442348e+01
2.231189282186546734e+02 3.404593658753676810e-01 4.550731598771261588e+01
2.231056082907290943e+02 3.424430405852790238e-01 4.531863894406634330e+01
2.230469949092014303e+02 3.421377554897044315e-01 4.510236412778012749e+01
2.230024504217004733e+02 3.380306533372409716e-01 4.509073073040476487e+01
2.229417529605870243e+02 3.435407101067005087e-01 4.499381831602027404e+01
2.229141022718638396e+02 3.539407556959414669e-01 4.479763804313610365e+01
2.229115853658536537e+02 3.577262908810663333e-01 4.453549040997753394e+01
2.228783174313718973e+02 3.585593799863232012e-01 4.458309588937010659e+01
2.229349878428690772e+02 3.670191691903567643e-01 4.466388382341767027e+01
2.229866108741194353e+02 3.573219577322608864e-01 4.484345794392523032e+01
2.230270903209699611e+02 3.441363552487327060e-01 4.493553464239582240e+01
2.230273196239973004e+02 3.617859042408848591e-01 4.492483066853365159e+01
2.229521679312253752e+02 3.622051624388072932e-01 4.468475039890585521e+01
2.229209542262311743e+02 3.722198703963007782e-01 4.462024162297697671e+01
2.228323496369142731e+02 3.474687116697602329e-01 4.445194541231126806e+01
2.227631557523853019e+02 3.422449444788172590e-01 4.422738448011983792e+01
2.227146344177059802e+02 3.377335091775484077e-01 4.430049958209862382e+01
2.227069140968445708e+02 3.592445754230573218e-01 4.420878108480684432e+01
2.226746312156045349e+02 3.530995256548026262e-01 4.400954796096692689e+01
2.226814546766962906e+02 3.673312383991663710e-01 4.399636642895134031e+01
2.227009644295374926e+02 3.711561214410541987e-01 4.397748081452777313e+01
2.227378862874076049e+02 3.292520108111628430e-01 4.428092198812508684e+01
2.227540826793448048e+02 3.576584497487164671e-01 4.421532232678801932e+01
2.227706589816231997e+02 3.495677163046663760e-01 4.432832937141120055e+01
2.227696115145397187e+02 3.572093414525600585e-01 4.419266610222844349e+01
2.227850005970019538e+02 3.733609582424262108e-01 4.424126206215333212e+01
2.228159646466291122e+02 3.524970963995354145e-01 4.436806527945119427e+01
2.228409478220282836e+02 3.608524102597501226e-01 4.441793122537367111e+01
2.228830215354890640e+02 3.667288091438991593e-01 4.436181846798441342e+01
2.229211061903676523e+02 3.578782550175301225e-01 4.452612426324530048e+01
2.228850011397310311e+02 3.694003929358385951e-01 4.450800661043993500e+01
2.228758561550902471e+02 3.670815830321186857e-01 4.474372605208028375e+01
2.228613720733335413e+02 3.930498116730166136e-01 4.454626629543999172e+01
2.228450006512748587e+02 3.885030989829257320e-01 4.440595726551391209e+01
2.228510439393446063e+02 4.105867443854678833e-01 4.431074359308345834e+01
2.228548742496770672e+02 3.927092491886200465e-01 4.430240320427236611e+01
2.228688508797638121e+02 4.010889858564807287e-01 4.432231050614912249e+01
2.228760325420343520e+02 4.098011440728559496e-01 4.422531939605110551e+01
2.228884922444017604e+02 3.979330163795630204e-01 4.420580150227403493e+01
2.228871259239962228e+02 4.016941287570419128e-01 4.416669923041019530e+01
2.228797855134759516e+02 3.971107818554820978e-01 4.418930389570918749e+01
2.228268816416468496e+02 2.768026745688017543e-01 4.380382786805171236e+01
2.226697398699621147e+02 2.852014067537204101e-01 4.370503082701053899e+01
2.226545136062175061e+02 3.204014566847938061e-01 4.381808807407166029e+01
2.226476480836236931e+02 3.540031695377033882e-01 4.357494816937488480e+01
2.226316104399361677e+02 3.624005448999750301e-01 4.340811325669999121e+01
2.226082635926492799e+02 3.704451463740271455e-01 4.334121782973503656e+01
2.225792180902449786e+02 3.794680169765649591e-01 4.311486724847221552e+01
2.225584234263570806e+02 3.842155394184115225e-01 4.292355525524547488e+01
2.225926004320123184e+02 4.050454806951273579e-01 4.299119015055303805e+01
2.225736374786978899e+02 4.161090125587504351e-01 4.284913488988027552e+01
2.225569824807059831e+02 4.119530647909950272e-01 4.282284238062674575e+01
2.225446191127465454e+02 4.081512477341061595e-01 4.284611595949070306e+01
2.225346573208722702e+02 4.079870721938194111e-01 4.294952755435431868e+01
2.225177268878830432e+02 4.136545203903307377e-01 4.265586500157391470e+01
2.224998561767994261e+02 3.927201037697960473e-01 4.262224972049453697e+01
2.225092263939995973e+02 4.148227446893961723e-01 4.249924153614032463e+01
2.224889568204760906e+02 4.195010691762458555e-01 4.254933814191279140e+01
2.224883896686096421e+02 4.129177656930107521e-01 4.262259163980157695e+01
2.224837099873001307e+02 4.078907377858825289e-01 4.273807081528759255e+01
2.224810926764140788e+02 4.158159388669988021e-01 4.260028004819434244e+01
2.224752447708055172e+02 4.147264102814592901e-01 4.252928158954486548e+01
2.224803952695735347e+02 3.842019711919415492e-01 4.256441786881153178e+01
2.225045073648333300e+02 3.977512021448652568e-01 4.262392403964093290e+01
2.225305420777839345e+02 3.828709281752363802e-01 4.270674585083634867e+01
2.225554696234545702e+02 3.999940299803532162e-01 4.274836502871036714e+01
2.226167260954985920e+02 3.788262398645348417e-01 4.286037480868800742e+01
2.226482396582977970e+02 3.787014121810109990e-01 4.291965846060329426e+01
2.226977066983620546e+02 3.711819010713471867e-01 4.276610684164251808e+01
2.226951640127215626e+02 3.775141923648875908e-01 4.276010697189749266e+01
2.227149681960771659e+02 3.888409478220282711e-01 4.286172349039912177e+01
2.227412674894439135e+02 3.887161201385044285e-01 4.269540552715273662e+01
2.227616998816850753e+02 3.960280373831775447e-01 4.277827075667285328e+01
2.228347322174823830e+02 3.871123557697526141e-01 4.262514382320058104e+01
2.228460969639736504e+02 3.992409934112692294e-01 4.266980228380388240e+01
2.228585919437298628e+02 3.821477417043863123e-01 4.280830673960944921e+01
2.228741886200570832e+02 3.853498431513019962e-01 4.268291733150976341e+01
2.228838641223528327e+02 4.035855395269573598e-01 4.263146525991294311e+01
2.229138865370629787e+02 3.935518360524059012e-01 4.257574598109131614e+01
2.228766431122255085e+02 4.014973894732271620e-01 4.255802587732152631e+01
2.228388610287971972e+02 3.822942785502621565e-01 4.245231175442595628e+01
2.228183187339216431e+02 3.953699783993834815e-01 4.236840312829029642e+01
2.227548804910612432e+02 3.681127682438373183e-01 4.229325143551835708e+01
2.227620757215582898e+02 3.731940690568454344e-01 4.234152447165325839e+01
2.226852456391720239e+02 4.001175008412300449e-01 4.222190563027125876e+01
2.226670709998154791e+02 3.864420853821355362e-01 4.236192294332823138e+01
2.226874151985845742e+02 4.067170861962290940e-01 4.220898053773595393e+01
2.226549762827401366e+02 3.866795293453602067e-01 4.212032438915844779e+01
2.226147437776113520e+02 4.087998089593712914e-01 4.211230828095997936e+01
2.225763484103465828e+02 3.907635655128247065e-01 4.224714795879601326e+01
2.225243956711930196e+02 4.097102369555070678e-01 4.200782072573729664e+01
2.224707374059721872e+02 4.127752993150759497e-01 4.184492738285193525e+01
2.223973536531092918e+02 4.353813214367123763e-01 4.174827683523831467e+01
2.224035719713004937e+02 4.226814614608095377e-01 4.175958323835574504e+01
2.224050753307933519e+02 4.174292009942796589e-01 4.160117690796400325e+01
2.223715116089745720e+02 4.355699197846450987e-01 4.176012461059190173e+01
2.224517717390124574e+02 4.262105571656517600e-01 4.183526137831471914e+01
2.224752664799678712e+02 4.565450410845897644e-01 4.163353577127226401e+01
2.224709490703051245e+02 4.425928338055076239e-01 4.163456695648398664e+01
2.224939024390243958e+02 4.457406623465433593e-01 4.180175328622445363e+01
2.225076986116990554e+02 4.548870038099580015e-01 4.174529046859226611e+01
2.233511714806734290e+02 2.794851129419171354e-01 4.183493438405679399e+01
2.232426202416229728e+02 2.867956733639432376e-01 4.166903567900832428e+01
2.232337615465607144e+02 3.281909755012102914e-01 4.164790723674926909e+01
2.232318714926134646e+02 3.386887123210350903e-01 4.150250876507429609e+01
2.232284699382374242e+02 3.425149521855699319e-01 4.145186671659774191e+01
2.232537054826489396e+02 3.310565849316703946e-01 4.166998681168387009e+01
2.232712084947952178e+02 3.308422069534446841e-01 4.169761307759939939e+01
2.232813982328741815e+02 3.346752309312145401e-01 4.182968076676761626e+01
2.232995769426986783e+02 3.388528878613218942e-01 4.177530067189857732e+01
2.233151804031391521e+02 3.442136941396116145e-01 4.174989145418823711e+01
2.233347919176788423e+02 3.582323857283966628e-01 4.172989188837149044e+01
2.233554359742529414e+02 3.791410227186384208e-01 4.163729145635915785e+01
2.233639120453287319e+02 3.733989492765421581e-01 4.167364344871753445e+01
2.233767272352296231e+02 3.731208006339075678e-01 4.159416077805637713e+01
2.233743894298088435e+02 3.704030848719702118e-01 4.158766431122255369e+01
2.233577846342548980e+02 3.704383622607921867e-01 4.147469118716553993e+01
2.233365530734746471e+02 3.721669543130678437e-01 4.142026496032650584e+01
2.233286265155709032e+02 3.624303949982090045e-01 4.149498789714198921e+01
2.233204204522018586e+02 3.368067993096486301e-01 4.156412343829713052e+01
2.233070869560498011e+02 3.487427681352914810e-01 4.155214540796943368e+01
2.232677173901244885e+02 3.348516178753243033e-01 4.141263554658243606e+01
2.232950424414123916e+02 3.539312579374124801e-01 4.132478670747989469e+01
2.232516756759690395e+02 3.471525719930096399e-01 4.120275814907682133e+01
2.232414357354521428e+02 3.486301518555906531e-01 4.136762973938150623e+01
2.232254876420593348e+02 3.548349018203132421e-01 4.134112149532710134e+01
2.232151988559271558e+02 3.535608453547819940e-01 4.129938698752808790e+01
2.232229056085620869e+02 3.728752157348008689e-01 4.120869017768949050e+01
2.232402037404886812e+02 3.629866922834782406e-01 4.137270154243598341e+01
2.232602277291130690e+02 3.390754067754295775e-01 4.158104708717313969e+01
2.232790739956798802e+02 3.527643904609940595e-01 4.163634032368361204e+01
2.232901198888490910e+02 3.547752016238453487e-01 4.165873739511761187e+01
2.233163309887438004e+02 3.317485644816394741e-01 4.172822978062891508e+01
2.233140881609083124e+02 3.564793708684750317e-01 4.145223441553507371e+01
2.233305274240993299e+02 3.385476027657473019e-01 4.161790246073355348e+01
2.233536911003288878e+02 3.631739338087640045e-01 4.153355286723761708e+01
2.233740393695659350e+02 3.491036829593930357e-01 4.167086467593647825e+01
2.233945585984564843e+02 3.628184462752504502e-01 4.167052954074267035e+01
2.234164929933678536e+02 3.513437971495869672e-01 4.183410943588741304e+01
2.234708473086066078e+02 3.531931464174454804e-01 4.172358537670824319e+01
2.234683371867096469e+02 3.668482095368350016e-01 4.169533768602038748e+01
2.234439605110336799e+02 3.503736689569832974e-01 4.166314842554299958e+01
2.234374016303580959e+02 3.677871308085577384e-01 4.159551624388073066e+01
2.234307206356442634e+02 3.484727604285388636e-01 4.155521725444224046e+01
2.234261888480033065e+02 3.559990556514376903e-01 4.162263912859422277e+01
2.234186082798745190e+02 3.671860583759375407e-01 4.138738236347650457e+01
2.233983237813019116e+02 3.414199963094424195e-01 4.129098961216581642e+01
2.233799564731294822e+02 3.624819542587949250e-01 4.103762062153332124e+01
2.233230459040237861e+02 3.402951903350809326e-01 4.119886271125728427e+01
2.233145114895741870e+02 3.481796867367872861e-01 4.110185531928750180e+01
2.232925458877419089e+02 3.427496825035006300e-01 4.097580649538137720e+01
2.233070503218383180e+02 3.536395410683078611e-01 4.099565138341637294e+01
2.233209496130341734e+02 3.506368925505009559e-01 4.107649630401510876e+01
2.233369560498008184e+02 3.288992369229433166e-01 4.107376366320405481e+01
2.233557846776731992e+02 3.320891269660360412e-01 4.139446226404854201e+01
2.232923260824730960e+02 3.367484559358276952e-01 4.132351943512759362e+01
2.232867074798919020e+02 3.626054251196717537e-01 4.124464326418964788e+01
2.232265608887730934e+02 3.518403942383883098e-01 4.103874678433032841e+01
2.232488670530897537e+02 3.804652816221086309e-01 4.087036916430579225e+01
2.232161160680365128e+02 3.818655225938107356e-01 4.083572812530528751e+01
2.231485110228271935e+02 3.433778913890607742e-01 4.070169575694421837e+01
2.228255818055510247e+02 2.784267912772585563e-01 4.017284428017845244e+01
2.227179084307531980e+02 2.919543130678302623e-01 3.993300552498181588e+01
2.227658286929998894e+02 3.530981688321556122e-01 3.963051684088269155e+01
2.227820047325973860e+02 3.803621631009367343e-01 3.946446752852040873e+01
2.227834293963767323e+02 3.854326093327689051e-01 3.944056167030294802e+01
2.227600119943122081e+02 3.764450161190530664e-01 3.949341533969411699e+01
2.227344440283521578e+02 3.806525231473943394e-01 3.937120089658840527e+01
2.227243343428093851e+02 3.693908951773096083e-01 3.943224163383155911e+01
2.227119384111064164e+02 3.657586809512954895e-01 3.942781974882499441e+01
2.227186804628393304e+02 3.712483853810500944e-01 3.945744597132219411e+01
2.227382648409261208e+02 3.750691979549968802e-01 3.959224087401087644e+01
2.227733007153169069e+02 3.753500602429255539e-01 3.964437678422178379e+01
2.228062470828313053e+02 3.747354195838353830e-01 3.969479631378423079e+01
2.228361595949070306e+02 3.950348432055749148e-01 3.944634309160181118e+01
2.228848193254963235e+02 3.952071596817436916e-01 3.960298012526186540e+01
2.229332199029600474e+02 4.023657559673060047e-01 3.954854033019636006e+01
2.230222939529128325e+02 4.084293963767408053e-01 3.952311076014631652e+01
2.230303276998056958e+02 4.193056867150781186e-01 3.929321480130688826e+01
2.230166794207995622e+02 4.472616605338283202e-01 3.922845501318831651e+01
2.230390466421353040e+02 4.460473042647649655e-01 3.935383492352947599e+01
2.230699265687583477e+02 4.547703170623161317e-01 3.934910639660468945e+01
2.230994347476852511e+02 4.499373147937086870e-01 3.943594168918992438e+01
2.231989468342613918e+02 4.294506496466833911e-01 3.962540976043939622e+01
2.232489253964635907e+02 4.471639693032444240e-01 3.968985883617180832e+01
2.233398935708315776e+02 4.316269931724684428e-01 3.962305702996950174e+01
2.233839482453569474e+02 4.417312514246637956e-01 3.973946291532341490e+01
2.234807317615899649e+02 4.307531993878015997e-01 3.967306408544726537e+01
2.235850917754838463e+02 4.133546625853441459e-01 3.994303244434313171e+01
2.236068565675643356e+02 4.390949450215463346e-01 3.998843444375698652e+01
2.236376415166020877e+02 4.350014110955529034e-01 3.992575873522419982e+01
2.236291898683339241e+02 4.614648800026051045e-01 3.979635991620263269e+01
2.235948405462025335e+02 4.382102966557035462e-01 3.967289041214844758e+01
2.235603758941461194e+02 4.711308845398200496e-01 3.950406639747305348e+01
2.235768775711789260e+02 4.349077903329099937e-01 3.984763153038740313e+01
2.235669659817425838e+02 4.312416555407209695e-01 4.014783396832633144e+01
2.235564628176321946e+02 4.235471143095943525e-01 4.007232000390764881e+01
2.235745424794034193e+02 4.046221520292639373e-01 4.042793236510469512e+01
2.235831447349854102e+02 4.270490735614966282e-01 4.043470562375851074e+01
2.235954049844236806e+02 3.988570126021687701e-01 4.061243853593408915e+01
2.236119948549285255e+02 4.005503272656224523e-01 4.076413673515907732e+01
2.236656178427605255e+02 3.862480597436148133e-01 4.086373430156197628e+01
2.237086101251533137e+02 3.731262279244955127e-01 4.115704950774474469e+01
2.237120822343069904e+02 3.752781486426346458e-01 4.119692652534001809e+01
2.237297901266729525e+02 3.919521421515950732e-01 4.116040900061871355e+01
2.237358646216635805e+02 3.819048704505736413e-01 4.121011891193678167e+01
2.237299841523114878e+02 3.860418227012710757e-01 4.128836958763446319e+01
2.237349840437656781e+02 3.742835976423849464e-01 4.127711203013231511e+01
2.237516485395161112e+02 3.849916419724944694e-01 4.144302701705255032e+01
2.237619129028406348e+02 3.781722513486817094e-01 4.157651258588687426e+01
2.237826370119508965e+02 3.675429027320981090e-01 4.169949092014284275e+01
2.237681800666471190e+02 3.824096084752569569e-01 4.161405722535195650e+01
2.236975547342255766e+02 3.609650265394509505e-01 4.156702161147111951e+01
2.236976592095693945e+02 3.880458497508873505e-01 4.135521616898412134e+01
2.235834540905489121e+02 3.692226491690818180e-01 4.118585620936315905e+01
2.235697895296709987e+02 4.061594320883128995e-01 4.079724320774582935e+01
2.236119202296829371e+02 4.160018235696375521e-01 4.067622276856947394e+01
2.236528365734258159e+02 4.015910102358700717e-01 4.082726833610124828e+01
2.237347086087683294e+02 4.147915377685151839e-01 4.088314771999522179e+01
2.237958646759364854e+02 4.034227208093175698e-01 4.091841425423599787e+01
2.238151437689276690e+02 4.223001942970030509e-01 4.096530875856154807e+01
2.246666625961987336e+02 2.746792471262496371e-01 4.143267174661065866e+01
2.245622727322066225e+02 2.923749280883997104e-01 4.132679751864274209e+01
2.245778273470318140e+02 3.317051461569355264e-01 4.133829387693075574e+01
2.245269817751582195e+02 3.653177135910211093e-01 4.125300129169516339e+01
2.245472269258740710e+02 3.801613533491809971e-01 4.126018838125630595e+01
2.245493802034148416e+02 3.838831178698969837e-01 4.115926926959523513e+01
2.245916818630803107e+02 3.935206291315249683e-01 4.103345246236173693e+01
2.245878257731175438e+02 3.990917429200994127e-01 4.100914091417282492e+01
2.245677705775722757e+02 4.190261812497964589e-01 4.061884545247321654e+01
2.245526352209450067e+02 4.161972060308052890e-01 4.047695165369544412e+01
2.245376531852768380e+02 4.164739978507929208e-01 4.040677271592475250e+01
2.245026837951957646e+02 4.074443431350201483e-01 4.026293594711648183e+01
2.244304397733563405e+02 4.076017345620719379e-01 4.026063477590717099e+01
2.244126694671486177e+02 4.065339151388843719e-01 4.021630602320709613e+01
2.244011568269888244e+02 4.182473650504195395e-01 4.001802403204272451e+01
2.244430975718301795e+02 4.052096562354141618e-01 4.012105028927458505e+01
2.244451260216874573e+02 3.999451843650612681e-01 4.019377733997633584e+01
2.244489983935219755e+02 3.939900897673863089e-01 4.032407708923550871e+01
2.244580484005774679e+02 3.858762903383373133e-01 4.041022447273871876e+01
2.244428194231875580e+02 3.882900778273470355e-01 4.027682167008585878e+01
2.244219677727485021e+02 3.698535716999359346e-01 4.026188712321035013e+01
2.244258089376621399e+02 3.757964548937879345e-01 4.025812465401022422e+01
2.244352646346890765e+02 3.648021209851617930e-01 4.020805382786804927e+01
2.244186761210068823e+02 3.872249720494534975e-01 4.013477319352632833e+01
2.243895844866325717e+02 3.622852149749801742e-01 4.017761486860529629e+01
2.243768154287016898e+02 3.690109848361500799e-01 4.028052579591216187e+01
2.243668156457933094e+02 3.532107851118564401e-01 4.040008222345240796e+01
2.243767489443919771e+02 3.730692413733215917e-01 4.020145152886775719e+01
2.243527562495251004e+02 3.510547939257763761e-01 4.027308362369338113e+01
2.243710435051613672e+02 3.642200440695995689e-01 4.036379264493579200e+01
2.244099639627904992e+02 3.380333669825349996e-01 4.063100801068090817e+01
2.244205281839200268e+02 3.574684945781366752e-01 4.051848942221064220e+01
2.244093723881163953e+02 3.670069577865338051e-01 4.026943512759559951e+01
2.243520764813789583e+02 3.385706687507462620e-01 4.021655567857413871e+01
2.242646455436517101e+02 3.657356149662965294e-01 4.017978442801784666e+01
2.241736678715251685e+02 3.577167931225373465e-01 3.995514615693553395e+01
2.240969517622412468e+02 3.493207745829127187e-01 3.988816525014382108e+01
2.240931784384599439e+02 3.634832893722795832e-01 3.982267820508645428e+01
2.240954986051863216e+02 3.601590738871340847e-01 3.992276694128756986e+01
2.241051103368176598e+02 3.545662509362076387e-01 3.998146444581935555e+01
2.240860293399329066e+02 3.347905608562093405e-01 4.001766990133185686e+01
2.240684489888957671e+02 3.525418715468863762e-01 3.995727772531397193e+01
2.240595292368143987e+02 3.448636121875237603e-01 3.987085219316812612e+01
2.240696782702139558e+02 3.647844822907508333e-01 3.968657803901136560e+01
2.240610149576128549e+02 3.633666026246377134e-01 3.982181662270561162e+01
2.240905814799135953e+02 3.509937369066614687e-01 3.982739994789800875e+01
2.241616409955821894e+02 3.671114331303526601e-01 3.986007359406037409e+01
2.242637324020102767e+02 3.660639660468700818e-01 3.991114032802544642e+01
2.243334717292433140e+02 3.781613967675057086e-01 4.001647318375720630e+01
2.244382360762859889e+02 3.659120019104062926e-01 4.031841642515223612e+01
2.244664227099547418e+02 3.814557621544172883e-01 4.029255402867780589e+01
2.245699143573545200e+02 3.893185493937716402e-01 4.022430313588850481e+01
2.246105688343265285e+02 3.818682362391047080e-01 4.029716179838700896e+01
2.246351626016260070e+02 3.907025084937097437e-01 4.039401858304297122e+01
2.246832660349300284e+02 3.786905575998349982e-01 4.055213455338825668e+01
2.247073971257069047e+02 3.830283196022881698e-01 4.078208342831091926e+01
2.248007994399036136e+02 3.715278908463316987e-01 4.084900599172880931e+01
2.248272384860030115e+02 3.935816861506398756e-01 4.087234876854776644e+01
2.248532026441759797e+02 3.765128572514029326e-01 4.110285936804628193e+01
2.248610952815135704e+02 4.059545518686161758e-01 4.085243739620306513e+01
2.255865354347802452e+02 2.792910873033964125e-01 4.075170688288992693e+01
2.254729571678226705e+02 2.943735278474279848e-01 4.077870358309724708e+01
2.254837411942210110e+02 3.337905825653716962e-01 4.072355688343265001e+01
2.254819339064552253e+02 3.590342679127725978e-01 4.058017193656582577e+01
2.254810316193949689e+02 3.687531885332204218e-01 4.052084486632583094e+01
2.254900002170916196e+02 3.716282957222095673e-01 4.059822174823884211e+01
2.254836340052319201e+02 3.768602038490344586e-01 4.067840046891790706e+01
2.255339300639334965e+02 3.879780086185374288e-01 4.071112024705026755e+01
2.256240583650829876e+02 3.880756998491213250e-01 4.087120632387899377e+01
2.257029738838776893e+02 3.949710725411659795e-01 4.091133842413190536e+01
2.258051806202307716e+02 3.933442421874152051e-01 4.115851080573555976e+01
2.258385028276183846e+02 4.017633267120387930e-01 4.117864334017171757e+01
2.258755400154134918e+02 4.068473411703409370e-01 4.119184115405906965e+01
2.259652069968630315e+02 4.135201949482779082e-01 4.131510170742561883e+01
2.259558422069534345e+02 4.292118488608117066e-01 4.119217900289817180e+01
2.258983726269171939e+02 4.015258827488141224e-01 4.114470513530235252e+01
2.258538159280124091e+02 4.213083569420473795e-01 4.082155746958003562e+01
2.257923043733107420e+02 4.249744917342364592e-01 4.058633191138319773e+01
2.256725172859205202e+02 3.938123460006295873e-01 4.031618445189792510e+01
2.256439941602353372e+02 4.059355563515582022e-01 4.005542213466193147e+01
2.255974062978280017e+02 3.984608203892452960e-01 3.991881587373951135e+01
2.255692603688386555e+02 3.851151128333712981e-01 3.996742133142292630e+01
2.255289763044492872e+02 3.622743603938042289e-01 3.991282957222095717e+01
2.255122575357929691e+02 3.798682796574294196e-01 3.975145858434552082e+01
2.254664159258414884e+02 3.483696419073670225e-01 3.976950432555059933e+01
2.255064801849620721e+02 3.570953683502122167e-01 3.989352334277681678e+01
2.255122046197097347e+02 3.380130146428300120e-01 3.989607281253052662e+01
2.255245856263636028e+02 3.348950362000281955e-01 4.013323048617669286e+01
2.255169684240233607e+02 3.510073051331314420e-01 4.011483875519662945e+01
2.254841360296113066e+02 3.385950915583922360e-01 4.010295570245422425e+01
2.254930191474811920e+02 3.537820074462426634e-01 4.006634591379291521e+01
2.255051993443832998e+02 3.295871460049714097e-01 4.020125343276129826e+01
2.255470518957525883e+02 3.428745101870244172e-01 4.033239034159367264e+01
2.255100106374895574e+02 3.358380279396919743e-01 4.025353316617278665e+01
2.255243495392230386e+02 3.448731099460527472e-01 4.040185966111997828e+01
2.255317795000379988e+02 3.333591129636263029e-01 4.041662460516460698e+01
2.255535605739902394e+02 3.369356974611134592e-01 4.059559493959425680e+01
2.255761991598554062e+02 3.238559271440511478e-01 4.071220434834521740e+01
2.255883291543195810e+02 3.396425586418748144e-01 4.072564231984108574e+01
2.256153353522854275e+02 3.219346662759017264e-01 4.086711414677564846e+01
2.255822315933439768e+02 3.278748358244596983e-01 4.096627752993151006e+01
2.255899627687865632e+02 3.488391025432283632e-01 4.111113734301562062e+01
2.255827119085610093e+02 3.452082451398612584e-01 4.087405158096974844e+01
2.255834893679377444e+02 3.559040780661478220e-01 4.088924256732553886e+01
2.255665345121408620e+02 3.429925537573133010e-01 4.092220114624377203e+01
2.255592809382700068e+02 3.554631107058733863e-01 4.090939274045611285e+01
2.255380792275880140e+02 3.366249850749508665e-01 4.085847661380485363e+01
2.255333344187914406e+02 3.506762404072638617e-01 4.076208928978475399e+01
2.255257131459832749e+02 3.362491452017323801e-01 4.081172457585724089e+01
2.255346369685325669e+02 3.456668511945466538e-01 4.093781003397484142e+01
2.255812709629098833e+02 3.236198400034734912e-01 4.117239110141435532e+01
2.256163543260933295e+02 3.403413223050788528e-01 4.117785502621381255e+01
2.256577672669249921e+02 3.344866325832817622e-01 4.142444804454719787e+01
2.257050457520596467e+02 3.195900767418889399e-01 4.157191295711354684e+01
2.257333314337816148e+02 3.487685477655844690e-01 4.133959914031716920e+01
2.256429521204424304e+02 3.481281274762013100e-01 4.125128219740141589e+01
2.255359666547266215e+02 3.567738013828736232e-01 4.090023283076622818e+01
2.255028859617701755e+02 3.764735093946400268e-01 4.083672267630553421e+01
2.253923035592171686e+02 3.591156772715924927e-01 4.052451778523125370e+01
2.253323713460765987e+02 3.802142694324139316e-01 4.020077718801220357e+01
2.250428905206942716e+02 2.780957265513910315e-01 4.009110385663269227e+01
2.249103370890184124e+02 2.973571808481769718e-01 4.006371096421244715e+01
2.249010876290338388e+02 3.372531939605110107e-01 3.996147844822907302e+01
2.248837867834619715e+02 3.742985226915019337e-01 4.003014859921629665e+01
2.248800826576356542e+02 3.807122233438622882e-01 4.013592513595362732e+01
2.249191767885636182e+02 3.893199062164186541e-01 4.015119210437764963e+01
2.248988705808286284e+02 3.855221596274707729e-01 4.022094771348247377e+01
2.248659459224765840e+02 3.917052004298414158e-01 4.012486160409000746e+01
2.248288056161603095e+02 3.962858336861072028e-01 3.998734627199409175e+01
2.247634026941070431e+02 3.591021090451225195e-01 4.013272710497465567e+01
2.247163915030338615e+02 3.753256374352795799e-01 3.998755250903644054e+01
2.246624971506724364e+02 3.572663280037339795e-01 4.000959273611427847e+01
2.246279443051439841e+02 3.414104985509134327e-01 4.013996846744168323e+01
2.245705072888512461e+02 3.422639399958752326e-01 3.997167497042126882e+01
2.245236833393033464e+02 3.351935371823678289e-01 3.989423431784384633e+01
2.244995603894623741e+02 3.291719582749899620e-01 3.997610771000901053e+01
2.244564080019972323e+02 3.192617256613153320e-01 4.019187371780260065e+01
2.243918843010192461e+02 3.091493264732380064e-01 4.016840611330011512e+01
2.243077395877430149e+02 3.181423469775418456e-01 3.997646726801046668e+01
2.241570793578429743e+02 3.316210231528216590e-01 3.960160023662987072e+01
2.239956907312731289e+02 3.378664777969542232e-01 3.931003261801643589e+01
2.236972453786620747e+02 3.220459257329555958e-01 3.886926064020320126e+01
2.235863766865305422e+02 3.599881142336123219e-01 3.860740201026843721e+01
2.235090974958481240e+02 3.671941993118195691e-01 3.852974969335808453e+01
2.234075596730600068e+02 3.492122287711528772e-01 3.833644452766289845e+01
2.233999709639953437e+02 3.617085653500059506e-01 3.846603330185504888e+01
2.234575694421830860e+02 3.472787564991804965e-01 3.860143334744429211e+01
2.234695040541860749e+02 3.638360632604991096e-01 3.869301073518078482e+01
2.234923705862559302e+02 3.725753579298142770e-01 3.856925087108013628e+01
2.234672463013014578e+02 3.647641299510458457e-01 3.838208939833056377e+01
2.234272295309735341e+02 3.724858076351124092e-01 3.826982589251793598e+01
2.233924541665309960e+02 3.719227262366081588e-01 3.811564742149424490e+01
2.232905812085490709e+02 3.370333886916973554e-01 3.816730708695605045e+01
2.232312052926937724e+02 3.439206204478600370e-01 3.827490040921770742e+01
2.230630108437266017e+02 3.197026930215897678e-01 3.832322636143584305e+01
2.230109197086630388e+02 3.323347118651426846e-01 3.829794739869961973e+01
2.228682403095726556e+02 3.102157890737786139e-01 3.842427844171632501e+01
2.228030653337241063e+02 3.372776167681569848e-01 3.831372317561626772e+01
2.227602453678074710e+02 3.351813257785448141e-01 3.823193390645521816e+01
2.226381611796758762e+02 3.093542066929347301e-01 3.817387410856752439e+01
2.225928907920587960e+02 3.249902308769416215e-01 3.821917298946020480e+01
2.225285977509307713e+02 3.207148827162503713e-01 3.820309057062533498e+01
2.225021329252010673e+02 3.560763945423165988e-01 3.789294126586125344e+01
2.224578570885842339e+02 3.280281567835705014e-01 3.810557437016292681e+01
2.224853191789594860e+02 3.498838559814169691e-01 3.798553762740564821e+01
2.224912607053306886e+02 3.391554593116024585e-01 3.803337240982556722e+01
2.225514588557100524e+02 3.329629207507028288e-01 3.809198036406264976e+01
2.225252260466529890e+02 3.321569680983859074e-01 3.787928484591922285e+01
2.224891969780846068e+02 3.322546593289698036e-01 3.793515608887731361e+01
2.224886271125728570e+02 3.463316942915757868e-01 3.796164533741465874e+01
2.224866692174932439e+02 3.347430720635644064e-01 3.806888045849751023e+01
2.224983446763706638e+02 3.480005861473834949e-01 3.805620366450660441e+01
2.224874127563037973e+02 3.154639790723675064e-01 3.832368903795847359e+01
2.224280639769014556e+02 3.405936913174205105e-01 3.802300085751191006e+01
2.222114201048552502e+02 3.251014903339954354e-01 3.783992884822038860e+01
2.221027209721362965e+02 3.379967327710660108e-01 3.765757052764119095e+01
2.219917070999815394e+02 3.481959686085512318e-01 3.733929114157630380e+01
2.217770251934828991e+02 3.280240863156295150e-01 3.731171100763076964e+01
2.217195678248504862e+02 3.479951588567954945e-01 3.715593555635155809e+01
2.215080988743799253e+02 3.372138461037481050e-01 3.694816259077143172e+01
2.211934476320731164e+02 2.794416946172131877e-01 3.623203295450844763e+01
2.211589761959034774e+02 2.803005633527630436e-01 3.644215186644523641e+01
2.211904490540232473e+02 3.216633017465020949e-01 3.645545958296698785e+01
2.212031163502556126e+02 3.410020949341669438e-01 3.661351720993845760e+01
2.212216844681798023e+02 3.622553648767462553e-01 3.652371590304687743e+01
2.212498249698785457e+02 3.638821952304970297e-01 3.663789931290501301e+01
2.212889801578256197e+02 3.624819542587949250e-01 3.669375834445927609e+01
2.213312492537475578e+02 3.660368295939301353e-01 3.662580323900701984e+01
2.213530140458280471e+02 3.742863112876789744e-01 3.664203355151041563e+01
2.213949425792655745e+02 3.628062348714274910e-01 3.686638417619155916e+01
2.214233666568975423e+02 3.624100426585040169e-01 3.700674069491028462e+01
2.214655122819586097e+02 3.724478166009964619e-01 3.696188685184581857e+01
2.215131177613511682e+02 3.646582977845799767e-01 3.715043228369533068e+01
2.215446815265883060e+02 3.705265557328470405e-01 3.709898563938910598e+01
2.215881364855036963e+02 3.616040900061870955e-01 3.725578142129885606e+01
2.216192728516070076e+02 3.646270908636990438e-01 3.718906238127802055e+01
2.216275942449010472e+02 3.806240298718073789e-01 3.717496906444365123e+01
2.216352711474377770e+02 3.864434422047825501e-01 3.708140935881989009e+01
2.216519559955279135e+02 3.822929217276151426e-01 3.713393060666254542e+01
2.216564226556818369e+02 3.757421819879079861e-01 3.714205526067276963e+01
2.216827667241959432e+02 4.006453048509123205e-01 3.702354901386129882e+01
2.216788536476820184e+02 3.805005590109305502e-01 3.709227072410911319e+01
2.216814492494057163e+02 3.733311081441922363e-01 3.707029698134097373e+01
2.216787898770176071e+02 3.869359688256428509e-01 3.711378314717726568e+01
2.216827341604524122e+02 3.677722057594407512e-01 3.709763695767798453e+01
2.216347270615563332e+02 4.112176669163220555e-01 3.696151779608583610e+01
2.216574687659426672e+02 3.971433455990100447e-01 3.714805513041779506e+01
2.216561553616203639e+02 4.229121213107992494e-01 3.693386439371737140e+01
2.216420674720765760e+02 4.044226991001552141e-01 3.701820991674536288e+01
2.216009462481140133e+02 4.221807939040672086e-01 3.690195192505996857e+01
2.216349902851498541e+02 4.106464445819358322e-01 3.687038001888696925e+01
2.216510889858564894e+02 4.241142661760395893e-01 3.687925770946628035e+01
2.217190535890672720e+02 3.884990285149847455e-01 3.708006746122200781e+01
2.217307114092502616e+02 4.030414536455110830e-01 3.716142526078131425e+01
2.217691963268097197e+02 3.872656767288634172e-01 3.729381858738480560e+01
2.217970993845452483e+02 3.831911383199279042e-01 3.770944050061328312e+01
2.218472041312535907e+02 3.831395790593419837e-01 3.774475316682406145e+01
2.218173635307781524e+02 3.848749552248526551e-01 3.755343710312937588e+01
2.217938416533698103e+02 3.940837105300292187e-01 3.753428148099905570e+01
2.217760360697732551e+02 3.904230030284281394e-01 3.755257552074853322e+01
2.217026224668121301e+02 3.654099775310169496e-01 3.730130146428300009e+01
2.216773557154797061e+02 3.749592953205900803e-01 3.719235946031022166e+01
2.215828353794218799e+02 3.653000748966100941e-01 3.716180381429982305e+01
2.215436191344556960e+02 3.795277171730328525e-01 3.703093962681949591e+01
2.215191013492244281e+02 3.859007131459832873e-01 3.698455121734127715e+01
2.214506374352795603e+02 3.575417630010745973e-01 3.685321214193450601e+01
2.214154360285258463e+02 3.633435366396387534e-01 3.679322429906542169e+01
2.213655008846483554e+02 3.651603221639693198e-01 3.669663209482562394e+01
2.212868987918851076e+02 3.079865294647606278e-01 3.672798962302039882e+01
2.212584068731208049e+02 3.273972342527163848e-01 3.665545524113451847e+01
2.212119316269931630e+02 3.082918145603351645e-01 3.667309393554549501e+01
2.211638119118173904e+02 3.216144561312102024e-01 3.665392881565664851e+01
2.211138523451322726e+02 3.173268965666959929e-01 3.663881516819173356e+01
2.210801312318864120e+02 2.945024259988928139e-01 3.663935246995994532e+01
2.210121123557697445e+02 3.058156132295635210e-01 3.657141228955680390e+01
2.210461753883226379e+02 3.355829452820562886e-01 3.661348057572698877e+01
2.209962795923019314e+02 3.255098939507419242e-01 3.666718090244987849e+01
2.209959770208516545e+02 3.383508634819325511e-01 3.668478838993997471e+01
2.209554392306272916e+02 3.397958796009856175e-01 3.646434948495012662e+01
2.209480608290729151e+02 3.633299684131687801e-01 3.626147736277096101e+01
2.210785654585517932e+02 2.756005297035614143e-01 3.613692375742181895e+01
2.209252146493427631e+02 2.820142303559217134e-01 3.633449477351916101e+01
2.209140561398938303e+02 3.226062934861658182e-01 3.631636219566468071e+01
2.208992219978942160e+02 3.458866564633603646e-01 3.630667855243305553e+01
2.208548064085447322e+02 3.515527478372246772e-01 3.624970149901766092e+01
2.208112401901722706e+02 3.585105343710313086e-01 3.610554587688734074e+01
2.207767524721308519e+02 3.659527065898162124e-01 3.601212049670563431e+01
2.207298416859335362e+02 3.727910927306870015e-01 3.594221156664170280e+01
2.207009969932810236e+02 3.659920544465791736e-01 3.599058636447512782e+01
2.206648648061914457e+02 3.653652023836660434e-01 3.593439898184028891e+01
2.206385953629229277e+02 3.571754208863850977e-01 3.616237367981156581e+01
2.206107506485612362e+02 3.608768330673960967e-01 3.610106429168430253e+01
2.205844622097756371e+02 3.550221433455990061e-01 3.620442839775527233e+01
2.205687176397798623e+02 3.632906205564058189e-01 3.601019652219218870e+01
2.205519269595232572e+02 3.559854874249677170e-01 3.614957884225037077e+01
2.205284729232472500e+02 3.419654390135356548e-01 3.637509904805322947e+01
2.205108450834174505e+02 3.446315955148870347e-01 3.643704749964722822e+01
2.204728988244488619e+02 3.165847145787879513e-01 3.678528960022577365e+01
2.204190397494762692e+02 3.160229900029307148e-01 3.671030751028471428e+01
2.203704926351666700e+02 3.143825914227099672e-01 3.670608779185255344e+01
2.202996379997177883e+02 3.256360784569127254e-01 3.644943393359167061e+01
2.202436704223517552e+02 3.222752287602982935e-01 3.638583829930421842e+01
2.202086983186253804e+02 3.305952652316910267e-01 3.606761997025844835e+01
2.201862958199007778e+02 3.289684348779402523e-01 3.611116854993650094e+01
2.201645947984846998e+02 3.366304123655388669e-01 3.598462041529627697e+01
2.201325900658873138e+02 3.203417564883259128e-01 3.613387904740195467e+01
2.200762330804215878e+02 3.210554452006469384e-01 3.609476863460223228e+01
2.200257619915985572e+02 3.357620458714600242e-01 3.618437320220998998e+01
2.198635674123763977e+02 3.221558283673624512e-01 3.606465666959740446e+01
2.197978402097105004e+02 3.420821257611775246e-01 3.580373017682112646e+01
2.197357994941765185e+02 3.474524297979962317e-01 3.576037426595895141e+01
2.196731197151758010e+02 3.275559825024151328e-01 3.589525736211967910e+01
2.196274354966513727e+02 3.537942188500656782e-01 3.600753579298142881e+01
2.196201683545540391e+02 3.462692804498138655e-01 3.600914362781811917e+01
2.196239172555276866e+02 3.596611199756857280e-01 3.601929401804031272e+01
2.196260841012949641e+02 3.531022393000965987e-01 3.628063841219186259e+01
2.195859723533817487e+02 3.430441130178992215e-01 3.622277128312003924e+01
2.195828733704560136e+02 3.520968337186709540e-01 3.633240662346543104e+01
2.195544330109522662e+02 3.465189358168614953e-01 3.630086728103596272e+01
2.195264526143258763e+02 3.494008271190855996e-01 3.626591281600399697e+01
2.194887912881131342e+02 3.429898401120192730e-01 3.613077599400827467e+01
2.194953108209319623e+02 3.527263994268781122e-01 3.620936723219034548e+01
2.194866542924441148e+02 3.444837018463642320e-01 3.641041171426400780e+01
2.194610903969520450e+02 3.312899584269540787e-01 3.647497340627612061e+01
2.194479360013893938e+02 3.405095683133066431e-01 3.653887839612708888e+01
2.194183654086207014e+02 3.528552975783429413e-01 3.640000217091623824e+01
2.193143296753394793e+02 3.317499213042864881e-01 3.628694085338717201e+01
2.192912148447252036e+02 3.366765443355367871e-01 3.649950340291120199e+01
2.191491500862939290e+02 3.312573946834261318e-01 3.633170921662487984e+01
2.191738334038881248e+02 3.416072378347281280e-01 3.644770262789410253e+01
2.190177390992868425e+02 3.363142726887883294e-01 3.626075146265481663e+01
2.189730860659741438e+02 3.498010897999500601e-01 3.647450937293084650e+01
2.189792419703235851e+02 3.422463013014642730e-01 3.673227853940755949e+01
2.188513315857457542e+02 3.303320416381733682e-01 3.685412799722122656e+01
2.188107517340193340e+02 3.450250740825165363e-01 3.692438834435073147e+01
2.186706896458150027e+02 3.391880230551304054e-01 3.685373994594418434e+01
2.186311464065909149e+02 3.546015283250295580e-01 3.679382944196598260e+01
2.185224038555472248e+02 3.363495500776102487e-01 3.701305534750941462e+01
2.185023934351493153e+02 3.619256569735256890e-01 3.684466280243577074e+01
2.184740195599552806e+02 3.618008292900018463e-01 3.694565382569713563e+01
2.183787556850869009e+02 2.868825100133511330e-01 3.689364817046034517e+01
2.182479484841577460e+02 2.999446416360024847e-01 3.692632453026799766e+01
2.182568831612882150e+02 3.359492873967457882e-01 3.687863628469395394e+01
2.182695463870526567e+02 3.712022534110521188e-01 3.663132957764824482e+01
2.182812381278018279e+02 3.748629609126531981e-01 3.666436278181206632e+01
2.182855202600757707e+02 3.912330261486860472e-01 3.643014262919665214e+01
2.182913396724087534e+02 3.961610060025834157e-01 3.632394547743875535e+01
2.183105577083808271e+02 3.938421960988635062e-01 3.632512048585105191e+01
2.183258138222236653e+02 3.943754273991337822e-01 3.641575352502523799e+01
2.183243375991837354e+02 3.963713135128680842e-01 3.627691257720320550e+01
2.183126350038533872e+02 4.001921260868149255e-01 3.622430313588850481e+01
2.182926530767310282e+02 3.943550750594288501e-01 3.618926047738447949e+01
2.182485047814430175e+02 3.851978790148382070e-01 3.616008472000607554e+01
2.182094432142585845e+02 3.795372149315618393e-01 3.620125343276129826e+01
2.181691279429483075e+02 3.914962497422037058e-01 3.592806940419203698e+01
2.181402628979560916e+02 3.958150162275988482e-01 3.580383329534230086e+01
2.181109216082147384e+02 3.911366917407491650e-01 3.571388952207279033e+01
2.180784935469514778e+02 3.964703615660989944e-01 3.560551059949851549e+01
2.180539771185428890e+02 3.622635058126282281e-01 3.579694877723142810e+01
2.180399950611655697e+02 3.623924039640930572e-01 3.567033958557209417e+01
2.179869867139926498e+02 3.803987973124057231e-01 3.551742567325539568e+01
2.179901643926318968e+02 3.717463392924983956e-01 3.569711105322001288e+01
2.179652680538821414e+02 3.689431437038002137e-01 3.561263934568584943e+01
2.179635665982827959e+02 3.720543380333669603e-01 3.561348600301757017e+01
2.179552967642493400e+02 3.503858803608062567e-01 3.568896876051537248e+01
2.179330353750800384e+02 3.637437993205032138e-01 3.568755766496249748e+01
2.179098920511902122e+02 3.554142650905814937e-01 3.553835601940799194e+01
2.179273095835097251e+02 3.695306479099503827e-01 3.558137001096312702e+01
2.179547445374320205e+02 3.435773443181694975e-01 3.588098901516384842e+01
2.180066606423741007e+02 3.543722252976869158e-01 3.593171247299923010e+01
2.180260618494035327e+02 3.487373408447034806e-01 3.593697965851487908e+01
2.180501535923236531e+02 3.645022631801752011e-01 3.596028173065442246e+01
2.180647923518621099e+02 3.535594885321349801e-01 3.604730562158759000e+01
2.180846318126065171e+02 3.602079195024259772e-01 3.620162655898921855e+01
2.181476290881066404e+02 3.647003592866369104e-01 3.624051580969748443e+01
2.181608323292845739e+02 3.634819325496325693e-01 3.618205710595156432e+01
2.181748157434845439e+02 3.628048780487804770e-01 3.637443556177884574e+01
2.181739365224092921e+02 3.762089289784753543e-01 3.622736955507071599e+01
2.181885101544606869e+02 3.484374830397168887e-01 3.643165141598011303e+01
2.181744181944489753e+02 3.487631204749964686e-01 3.664206068796335813e+01
2.181928465596404862e+02 3.499516971137668908e-01 3.654404653358950128e+01
2.182038476776623668e+02 3.674289296297502116e-01 3.644083439165499527e+01
2.181798590532634421e+02 3.777204294072313284e-01 3.656650059157467325e+01
2.181910976152485091e+02 3.704247940343222134e-01 3.653360849696614565e+01
2.181961449954953594e+02 3.861585094489128900e-01 3.651894667144268425e+01
2.182004284845919244e+02 3.907934156110586255e-01 3.645967387410856730e+01
2.182170468483723482e+02 3.732103509286094356e-01 3.657805936370445465e+01
2.182506960500179218e+02 3.802319081268249468e-01 3.650865652848784748e+01
2.182572752830332092e+02 3.786864871318940118e-01 3.640908745536053459e+01
2.182503052850955783e+02 3.927635220944999950e-01 3.636054983880946878e+01
2.182265011885766341e+02 3.935287700674069411e-01 3.629332741758658898e+01
2.181988355748043489e+02 3.841626233351785880e-01 3.618378841164913950e+01
2.181647779695420581e+02 3.888260227729112839e-01 3.586740450682210479e+01
2.180049958209862382e+02 3.641725552769546348e-01 3.572497611992141486e+01
2.179191184451897811e+02 3.772319732543119586e-01 3.556390363302831759e+01
2.178749226611091103e+02 3.741926905250360647e-01 3.565107813127530534e+01
2.178021006328220892e+02 3.513831450063499284e-01 3.564511896620968656e+01
2.177605058777557190e+02 3.627370369164305552e-01 3.563351406210991001e+01
2.177207333355042636e+02 3.720339856936620282e-01 3.546944842445753920e+01
2.176678348909657359e+02 3.376941613207854465e-01 3.569899025258610692e+01
2.175672495576758081e+02 2.852204022707783837e-01 3.574520498876550789e+01
2.175675019266881520e+02 2.982092654704918133e-01 3.597391508461146259e+01
2.175884621229389779e+02 3.318801762783982756e-01 3.612278295179480381e+01
2.176024645326560005e+02 3.501443659296405997e-01 3.618303537508005263e+01
2.176105322001150455e+02 3.467007500515592588e-01 3.632579211306131839e+01
2.176197206030805376e+02 3.414525600529703664e-01 3.650052101989644626e+01
2.176292862027418664e+02 3.291651741617549476e-01 3.684968304622966428e+01
2.176486060004124852e+02 3.364621663573110766e-01 3.681996048932452226e+01
2.176625758463859768e+02 3.261421733042430549e-01 3.710405608562093960e+01
2.176595134976716963e+02 3.373834489346228538e-01 3.695227919068242528e+01
2.176689013535662696e+02 3.286984271711875794e-01 3.710878732619102038e+01
2.176658227229802378e+02 3.290986898520520398e-01 3.722731935263277592e+01
2.176736230963778382e+02 3.211327840915258469e-01 3.741970866304123433e+01
2.176962236912088713e+02 3.208641332074201880e-01 3.748125685195437029e+01
2.177152422742518354e+02 3.180500830375460053e-01 3.763242181987907742e+01
2.177382906205563984e+02 3.157095639714741497e-01 3.782442714947843854e+01
2.177521180001519667e+02 3.121153407795760337e-01 3.785503978204000930e+01
2.177562712342744362e+02 3.213444484244575294e-01 3.779839243652783409e+01
2.177590649321045930e+02 3.141302224103683094e-01 3.789715420018018932e+01
2.177602806451963033e+02 3.148520520585713078e-01 3.795385853224353667e+01
2.177609658406330482e+02 3.235981308411214896e-01 3.789571732499701540e+01
2.177540284064389482e+02 3.146946606315195183e-01 3.789710128409695500e+01
2.177574869473661465e+02 3.047532210969639554e-01 3.802301578256103198e+01
2.177722179708445935e+02 3.080625115329925223e-01 3.799303678617560820e+01
2.177847509416349112e+02 3.098413060232070859e-01 3.805616567347249202e+01
2.178780040053404434e+02 3.107680158911068635e-01 3.819379769231603916e+01
2.178918042484830835e+02 3.121044861984000329e-01 3.834188674330000879e+01
2.179366228141587101e+02 3.001047467083482467e-01 3.857678530723892152e+01
2.179612097973449636e+02 2.952676739717998156e-01 3.873423372084187832e+01
2.179884073073040440e+02 3.136119161592150206e-01 3.873772618233525122e+01
2.180004870993302859e+02 3.062158759104279815e-01 3.882919095379205032e+01
2.179861509112420777e+02 3.164870233482041106e-01 3.880646688810012535e+01
2.179433268748575472e+02 3.039676207843520217e-01 3.875127269964288246e+01
2.179272987289285481e+02 3.119240287863492833e-01 3.882987750605143162e+01
2.179117983870092417e+02 3.178044981384393064e-01 3.867568818044655643e+01
2.178893063379899502e+02 3.009066288927241817e-01 3.873037627405646788e+01
2.178375218448446162e+02 3.057070674178036795e-01 3.863270539581230167e+01
2.178315938866998920e+02 3.232562115340779640e-01 3.858595742833262676e+01
2.178800813008130035e+02 3.364445276629001169e-01 3.856543819944207740e+01
2.178780243576801467e+02 3.323428528010246574e-01 3.849854819976771125e+01
2.179205702454220841e+02 3.291692446296959895e-01 3.873271814994518536e+01
2.179197073062185837e+02 3.458527358971854038e-01 3.880161353349181041e+01
2.178594711648051145e+02 3.380957808242969209e-01 3.871555298663800926e+01
2.178547955539635552e+02 3.640884322728407674e-01 3.866225020895068809e+01
2.178163526979061544e+02 3.596421244586277544e-01 3.845273915355976158e+01
2.179421640778490428e+02 3.747232081800123682e-01 3.857241091102499553e+01
2.179249188620057112e+02 3.826375546799526961e-01 3.850342190671572951e+01
2.178555445200646830e+02 3.782170264960326711e-01 3.849665000488456457e+01
2.178568728494361153e+02 3.935721883921108888e-01 3.848916848480901365e+01
2.178758547982675964e+02 3.814150574750073130e-01 3.840585143334744345e+01
2.178980985487424960e+02 3.919494285063011008e-01 3.846931409901549159e+01
2.179100087379378579e+02 3.971528433575390316e-01 3.839883801708511157e+01
2.179280626200788049e+02 3.941610494209080717e-01 3.839503484320557192e+01
2.179283394118988042e+02 3.818682362391047080e-01 3.826720858163187700e+01
2.179219189271331913e+02 4.018121723273307411e-01 3.818220635644273386e+01
2.179177168473954396e+02 4.008678237650200038e-01 3.822751066462600278e+01
2.179147386216852738e+02 3.771315683784341455e-01 3.821420973221748341e+01
2.179367449281969584e+02 3.841409141728266419e-01 3.831550875421972080e+01
2.179369091037372357e+02 3.962736222822842436e-01 3.812010187024433350e+01
2.179625611927013722e+02 3.742103292194470798e-01 3.780532580025399625e+01
2.184636859986757429e+02 2.800224147101283978e-01 3.751999685217145952e+01
2.184216950513964548e+02 2.876233351786121606e-01 3.786330961607346524e+01
2.184405413179632376e+02 3.356833501579341572e-01 3.780227837658883772e+01
2.184483891801534696e+02 3.563531863623042306e-01 3.779771266838169197e+01
2.184562655356193090e+02 3.831802837387519589e-01 3.757761296905358961e+01
2.184688812725910907e+02 3.828967078055293127e-01 3.763993726052080291e+01
2.184798199767711822e+02 3.763921000358201319e-01 3.775217770034843312e+01
2.184888157109207896e+02 3.703338869169733316e-01 3.777221254355400504e+01
2.184855946139568346e+02 3.784246203610233672e-01 3.768553328557317883e+01
2.184712367167062723e+02 3.852290859357191954e-01 3.755805979788770088e+01
2.184409320828855812e+02 3.852914997774810613e-01 3.747169939322890997e+01
2.184059152040118477e+02 3.804272905879926836e-01 3.728317702736440253e+01
2.183693149131090649e+02 3.883212847482279684e-01 3.709357734431817022e+01
2.183217840589620948e+02 3.835737623063814050e-01 3.704199773139253438e+01
2.182783277432240254e+02 3.866700315868312199e-01 3.712724825512607651e+01
2.182481370825056786e+02 3.886089311493916010e-01 3.700842858228315180e+01
2.182221715675100597e+02 3.736201113680028829e-01 3.720181380051450759e+01
2.182027649331900534e+02 3.966114711213867827e-01 3.674852920425065150e+01
2.181836920772412043e+02 3.876252347303179580e-01 3.690677000227946536e+01
2.181780151312861733e+02 3.836131101631443663e-01 3.690614043657125620e+01
2.181696733856524020e+02 3.811464065909017096e-01 3.686971517578994195e+01
2.181550821149066053e+02 3.930118206389006663e-01 3.670181787098244541e+01
2.181444391980635373e+02 3.848939507419106287e-01 3.670361023369913056e+01
2.181257733889087831e+02 3.839414612437179186e-01 3.668559976988287730e+01
2.181121563168235014e+02 3.712538126716380393e-01 3.662966339943773164e+01
2.180952218133663223e+02 3.750719116002909082e-01 3.627366570060894446e+01
2.180910780770024076e+02 3.677504965970888051e-01 3.640233183540112805e+01
2.180846684468179717e+02 3.572703984716749659e-01 3.643444375698763338e+01
2.181327053958123088e+02 3.747191377120713818e-01 3.649086451311776358e+01
2.181243555092426618e+02 3.684424761470578846e-01 3.639952728298978712e+01
2.181276607292107599e+02 3.804218632974046832e-01 3.636913716934232355e+01
2.181221805225395372e+02 3.586584280395541113e-01 3.637945444875009571e+01
2.181223731913554218e+02 3.722592182530636840e-01 3.642217265296818596e+01
2.181063423317811214e+02 3.556856296199811251e-01 3.644399714524514877e+01
2.181243487251294368e+02 3.784232635383763532e-01 3.629821469276107848e+01
2.181389264276487836e+02 3.745427507679616186e-01 3.639025882748813956e+01
2.181821412289556861e+02 3.654615367916028701e-01 3.627537529714415854e+01
2.181974746816894140e+02 3.746879307911904489e-01 3.639826136746013674e+01
2.182230345067135602e+02 3.683977009997069230e-01 3.618173146851628985e+01
2.182363435800579623e+02 3.809849446959089336e-01 3.620846358830744549e+01
2.182402756520889682e+02 3.698644262811119354e-01 3.629761090668316825e+01
2.182541952956245268e+02 4.048677369283706362e-01 3.608598456478556926e+01
2.182728475365528027e+02 3.902140523407904293e-01 3.602055043581143678e+01
2.183291502491126437e+02 4.003291651741617274e-01 3.605311146569409431e+01
2.182695721666829627e+02 3.802617582250588657e-01 3.604592844660088957e+01
2.182406379237357044e+02 4.087753861517253173e-01 3.567240195599552521e+01
2.181990635210090375e+02 4.062354141565447940e-01 3.548653760569648341e+01
2.181451840936967415e+02 3.931434324356594678e-01 3.514792894591162309e+01
2.181577075667285328e+02 4.067930682644609885e-01 3.518669201211370989e+01
2.181677371997351429e+02 4.030346695322761241e-01 3.520956532829680441e+01
2.181418340985813131e+02 3.946915670758843753e-01 3.506167573024195150e+01
2.181575040433314996e+02 4.160588101208114731e-01 3.492834483918937849e+01
2.181906362955485292e+02 3.796471175659686947e-01 3.515644707848947803e+01
2.181943580600692485e+02 4.149055108708630257e-01 3.491897733563450146e+01
2.182184430188761155e+02 3.927472402227359938e-01 3.506323336264070178e+01
2.181619856285345236e+02 3.981623194069056626e-01 3.499494854928522614e+01
2.181973498540058927e+02 3.916373592974914941e-01 3.516457037567705157e+01
2.181540631410987032e+02 3.806389549209243661e-01 3.511204098689852060e+01
2.181254626765226305e+02 3.767340193428636574e-01 3.514837805420777528e+01
2.181389182867129080e+02 3.904704918210730735e-01 3.511375465390167960e+01
2.186879525003527647e+02 2.789071064942958977e-01 3.522323803011060761e+01
2.185759495044883636e+02 2.901049637999718045e-01 3.511112377478914937e+01
2.185841894884235899e+02 3.353102239300096432e-01 3.488752890032237985e+01
2.185305068003951021e+02 3.834258686378586023e-01 3.486748727300356876e+01
2.185407548818478745e+02 3.867012385077121528e-01 3.517668680191474806e+01
2.185559920001736600e+02 3.902927480543163519e-01 3.526958573490941973e+01
2.185707867943165468e+02 3.915817295689645872e-01 3.529725813279494417e+01
2.185816196663301696e+02 3.931325778544834670e-01 3.528051901179892980e+01
2.186425898487956943e+02 3.922818500548156395e-01 3.549690237389690139e+01
2.186249308020450144e+02 3.947526240949992826e-01 3.550847878472109187e+01
2.186043722252976806e+02 4.073642905988472673e-01 3.528459762067580385e+01
2.185869587634461197e+02 4.028528552975783605e-01 3.525222518914107894e+01
2.185777418672050487e+02 3.936630955094597706e-01 3.526465775505552358e+01
2.185702820562918589e+02 4.017850358743907946e-01 3.517375877864252942e+01
2.185654287016835440e+02 4.059423404647931610e-01 3.510434508884474525e+01
2.185595536596220541e+02 4.141402628979560796e-01 3.499522669792786189e+01
2.185619335265448910e+02 4.087061881967284371e-01 3.504263136756868136e+01
2.185573691751603747e+02 4.057890195056823579e-01 3.503683502122070337e+01
2.185595333072823507e+02 4.108445406883975415e-01 3.498646976456413427e+01
2.185604749421993631e+02 4.139815146482572761e-01 3.490153266686204603e+01
2.185662943545323174e+02 4.093968109240505027e-01 3.494031879904913751e+01
2.185744176517198980e+02 4.164400772846179599e-01 3.484996526534023786e+01
2.185729672083102741e+02 4.218130949667306950e-01 3.466743462828486599e+01
2.185817865555157482e+02 4.067686454568150700e-01 3.467641408056270080e+01
2.186106122526512365e+02 3.919738513139470748e-01 3.485380643025388991e+01
2.186729650373940217e+02 3.852412973395421547e-01 3.494166205346966336e+01
2.186926158997904963e+02 3.938150596459235597e-01 3.488925749237465368e+01
2.187116643329317185e+02 4.003888653706296763e-01 3.481518447360708279e+01
2.187280303276997984e+02 4.001012189694660437e-01 3.486182660892029617e+01
2.187480285366939086e+02 3.973210893657668219e-01 3.481339618135834257e+01
2.187503432761296835e+02 4.052232244618841350e-01 3.469361452125869505e+01
2.187925567423230859e+02 3.703691643057952509e-01 3.494206367297317684e+01
2.187554422156371174e+02 3.710326505801773700e-01 3.470873630965949275e+01
2.187413516124480282e+02 3.890566826229009956e-01 3.455432446514051037e+01
2.186881641646857020e+02 3.724980190389353685e-01 3.433877147850250111e+01
2.186803855004504555e+02 3.832535521616898255e-01 3.425023337349528418e+01
2.186386727018137890e+02 3.662688462665668054e-01 3.419174889011907226e+01
2.186287366895698199e+02 3.778262615736971974e-01 3.409547825284661116e+01
2.186299591867747836e+02 3.520289925863210323e-01 3.436354298956874942e+01
2.186343987104757502e+02 3.613897120279613850e-01 3.446262360654313994e+01
2.186160395432392249e+02 3.559095053567358224e-01 3.443610993519815366e+01
2.185472920533611330e+02 3.358068210188109859e-01 3.460497872502089223e+01
2.185336315629511432e+02 3.432367818337729304e-01 3.467957412050756005e+01
2.185179100589403731e+02 3.408867650091721435e-01 3.475440153266686139e+01
2.184287817360817030e+02 3.191274002192625581e-01 3.497238865913358552e+01
2.183916102228445482e+02 3.321474703398569206e-01 3.492928104681580947e+01
2.184009817968673701e+02 3.440508754219718246e-01 3.494069328209970848e+01
2.183737096616627014e+02 3.335056498095020916e-01 3.494534311331097598e+01
2.183846510794880942e+02 3.584155567857414404e-01 3.483644588448554913e+01
2.184181279646574865e+02 3.485256765117717981e-01 3.497118787109099713e+01
2.184469577322608984e+02 3.603354608312438478e-01 3.496935751734019249e+01
2.184833897771554518e+02 3.592215094380583063e-01 3.513922221498583554e+01
2.185268908680408515e+02 3.481973254311982457e-01 3.506359563428745219e+01
2.185516094630238797e+02 3.610708587059168195e-01 3.512917630010745995e+01
2.185632035125424579e+02 3.605389842282935575e-01 3.508767245215843644e+01
2.185840293833512362e+02 3.530194731186297452e-01 3.516459208483940557e+01
2.185796943349940875e+02 3.623286332996841219e-01 3.535306017779804222e+01
2.185471156664169996e+02 3.347864903882683540e-01 3.556363091167627033e+01
2.185259315944294372e+02 3.480847091514973624e-01 3.553189482996298665e+01
2.185051206486697595e+02 3.476600236629869833e-01 3.552750822234524009e+01
2.185158978909548750e+02 2.837401087629033980e-01 3.544106912197293013e+01
2.184080535565035177e+02 2.775258610396517667e-01 3.556468516287299053e+01
2.183897038870255187e+02 3.246266024075460943e-01 3.548384974003278103e+01
2.183840635752819423e+02 3.591495978377674536e-01 3.539432658178384372e+01
2.183716079433825143e+02 3.539950286018214154e-01 3.548387959013101778e+01
2.183546449466497279e+02 3.580166509275239384e-01 3.548327037676251194e+01
2.183577371454622380e+02 3.695130092155394230e-01 3.531630113864556364e+01
2.183450684924072220e+02 3.720082060633690402e-01 3.531403660164772873e+01
2.183309453254746302e+02 3.733473900159562375e-01 3.526663328882955284e+01
2.183324039098201297e+02 3.684953922302908191e-01 3.533812698774517713e+01
2.183484252716359038e+02 3.640355161896078329e-01 3.541523386195143530e+01
2.183654235457574941e+02 3.562731338261312941e-01 3.553209971018268476e+01
2.183747069263082494e+02 3.742143996873880663e-01 3.535334782419920430e+01
2.183842263939995973e+02 3.668631345859519888e-01 3.545727772531397193e+01
2.184146042962432261e+02 3.589392903274827296e-01 3.566888914216244899e+01
2.184372795163198759e+02 3.463534034539277329e-01 3.578086907204185252e+01
2.184504013481389961e+02 3.534265199127291646e-01 3.568108426411367162e+01
2.184531516276444449e+02 3.570315976858032814e-01 3.554773573436668954e+01
2.184256990350277476e+02 3.595132263071629253e-01 3.557846776732120020e+01
2.184438302560595559e+02 3.605254160018235843e-01 3.551967392838147219e+01
2.184931399046967897e+02 3.601929944533090455e-01 3.567395144745839985e+01
2.184864222757715027e+02 3.585458117598532279e-01 3.588024954682123280e+01
2.185171529519033413e+02 3.592771391665852687e-01 3.584458139307695035e+01
2.185246371856241865e+02 3.631413700652360577e-01 3.585195301051808769e+01
2.185330508428582164e+02 3.770555863102021954e-01 3.592169369457379702e+01
2.186003831667155168e+02 3.685252423285247381e-01 3.575800932408522925e+01
2.186146691523657637e+02 3.844787630119291810e-01 3.582427789898726900e+01
2.186710790539146956e+02 3.747286354706003686e-01 3.610145641342928968e+01
2.186908086120247106e+02 3.790284064389375374e-01 3.621978898694193560e+01
2.187115910645087808e+02 4.028080801502273989e-01 3.605995256548025907e+01
2.187213181260651140e+02 4.066193949656452533e-01 3.601627644447339094e+01
2.187642669901331942e+02 3.707952066169526995e-01 3.630781421298858902e+01
2.188183675795369538e+02 3.740393695659253170e-01 3.633199686302604192e+01
2.188516640072942891e+02 3.830351037155231286e-01 3.632179491354325762e+01
2.188616705743158946e+02 3.856863351677575769e-01 3.625495104583889372e+01
2.188489720711626205e+02 3.697287440164121475e-01 3.635044151008933255e+01
2.188103379031120141e+02 3.880906248982383122e-01 3.629217683198194067e+01
2.187322039141619712e+02 3.686161494458736199e-01 3.600444902145950721e+01
2.187090565198041929e+02 3.694383839699545424e-01 3.611386998382667457e+01
2.187014650970942284e+02 3.652023836660262535e-01 3.603416343742876649e+01
2.186502843900267976e+02 3.493533383264406655e-01 3.590359910775342911e+01
2.186402289773899099e+02 3.661955778436288833e-01 3.583761682242990787e+01
2.186189865620285104e+02 3.478906835129766395e-01 3.585030040053404576e+01
2.186096651904436214e+02 3.607737145462242556e-01 3.589884480119834365e+01
2.185947699914248687e+02 3.598185114027375175e-01 3.587697146330609144e+01
2.185267117674514452e+02 3.427008368882086820e-01 3.570548400577463610e+01
2.185030677760048547e+02 3.666799635286072667e-01 3.544254805865815428e+01
2.184903462068666045e+02 3.579420256819390578e-01 3.560476706068796204e+01
2.184478939398873365e+02 3.306196880393370008e-01 3.566932468223213704e+01
2.184381275304742474e+02 3.550981254138309007e-01 3.539569968630260632e+01
2.184321710790539157e+02 3.326861289307151970e-01 3.553482285323520529e+01
2.184120738220065903e+02 3.561143855764325461e-01 3.541927040932625914e+01
2.183927445265774452e+02 3.455216711713178790e-01 3.537249259174834748e+01
2.183923863253986326e+02 3.527508222345240863e-01 3.553737639345686006e+01
2.183967702193710920e+02 3.545825328079715844e-01 3.548619161592149851e+01
2.183975124013589948e+02 3.256564307966177130e-01 3.558435773443181915e+01
2.183950823319982248e+02 3.419980027570636016e-01 3.560684842662845995e+01
2.183948082538235269e+02 3.281489139991533577e-01 3.564421260868149233e+01
2.184065691925277122e+02 3.329995549621717621e-01 3.582509741986605434e+01
2.184181469601745391e+02 3.438039337002181672e-01 3.573934215810783144e+01
2.185968920620447875e+02 2.821770490735615033e-01 3.550923317811282232e+01
2.184368901082201830e+02 2.970125478958394183e-01 3.575398227446893884e+01
2.184414965211067283e+02 3.339004851997785517e-01 3.567280086185374444e+01
2.184475750865652799e+02 3.685021763435257780e-01 3.557044894547743752e+01
2.184560213075428408e+02 3.770610136007901958e-01 3.560292178188804257e+01
2.184618719267967037e+02 3.663746784330326745e-01 3.583893836768807972e+01
2.184424123763934631e+02 3.791763001074603401e-01 3.568911394053860420e+01
2.184448926481921660e+02 3.933659513497671512e-01 3.550870266045784973e+01
2.184469251685173674e+02 3.840703593951827477e-01 3.568351161982914732e+01
2.184602518805561999e+02 3.750325637435279469e-01 3.580961878710910185e+01
2.184616249850749625e+02 3.817678313632268394e-01 3.563252358157760824e+01
2.184829935849425340e+02 3.809062489823830111e-01 3.571423279820248098e+01
2.185079048487414184e+02 3.925410031803923117e-01 3.558079336133815218e+01
2.185272137918308317e+02 3.980320644327938751e-01 3.559437244238930731e+01
2.185471767234361380e+02 3.906550197010648096e-01 3.571228033041344929e+01
2.185704598000586145e+02 3.766051211913988284e-01 3.610116605338283335e+01
2.185643608822603596e+02 3.701276498746295940e-01 3.614788552758691509e+01
2.185335935719170379e+02 3.739281101088714476e-01 3.601373511565556385e+01
2.185027407817469225e+02 3.757136887123210256e-01 3.596559097767212876e+01
2.184496428842793136e+02 3.514034973460549161e-01 3.607150591031945197e+01
2.184206272319732420e+02 3.562432837278973752e-01 3.585238040965189299e+01
2.184040455024043013e+02 3.477007283423969031e-01 3.588674330000976909e+01
2.184013956277746900e+02 3.421377554897044315e-01 3.597128013503098742e+01
2.183951813800514401e+02 3.420590597761785090e-01 3.603068047369391991e+01
2.183885478741302677e+02 3.420889098744124834e-01 3.602702519348290622e+01
2.183885125967414638e+02 3.358054641961639719e-01 3.605711544932538715e+01
2.183853227066983607e+02 3.503763826022772698e-01 3.584593550207865320e+01
2.183559922715382129e+02 3.187420625875150848e-01 3.609760575075710420e+01
2.183509638868084153e+02 3.382368903795847093e-01 3.588232684229379288e+01
2.183782210969639834e+02 3.386127302528031957e-01 3.606297013904718796e+01
2.183617560541426599e+02 3.492013741899768764e-01 3.596077832774322758e+01
2.183558769416132179e+02 3.710665711463523309e-01 3.587382906205564126e+01
2.183562324291467291e+02 3.667301659665461733e-01 3.594145174595938386e+01
2.183007546647562549e+02 3.672009834250545279e-01 3.600375839873218808e+01
2.183006135552009823e+02 3.908137679507636131e-01 3.584617158921923163e+01
2.182968945043255644e+02 3.659296406048172523e-01 3.606940012157130582e+01
2.183672172652968300e+02 3.805222681732825518e-01 3.603710909939540130e+01
2.183583327906042655e+02 3.875383980809100626e-01 3.609130059591650763e+01
2.183278069946921107e+02 3.672226925874065295e-01 3.619118173825263085e+01
2.183405543434606670e+02 3.676880827553268838e-01 3.633393033529801386e+01
2.183363753297078915e+02 3.816742106005839852e-01 3.614652327764932949e+01
2.183600966600453717e+02 3.830568128778751302e-01 3.618967430829181353e+01
2.183634045936587427e+02 3.564712299325930589e-01 3.636926199702584483e+01
2.183757747457314338e+02 3.639920978649038852e-01 3.645943507332269462e+01
2.183747313491159048e+02 3.677111487403258439e-01 3.640666959740358521e+01
2.183837162286843068e+02 3.551171209308888743e-01 3.659262349799733016e+01
2.183778995299966255e+02 3.517657689928034292e-01 3.641378206171914655e+01
2.183562812747620114e+02 3.710095845951784099e-01 3.633968326332128385e+01
2.183402761948180171e+02 3.460386205998241538e-01 3.648255940169548239e+01
2.183093840567911741e+02 3.493044927111487175e-01 3.656152105246019346e+01
2.183119864426281254e+02 3.510466529898944033e-01 3.653646325181542664e+01
2.183457251945683595e+02 3.656121441054197008e-01 3.655428376046110372e+01
2.183776742974372382e+02 3.700204608855167110e-01 3.640152045545822546e+01
