2.550000000000000000e+02 0.000000000000000000e+00 1.000000000000000000e+00
2.522437572663095011e+02 1.361167895197343967e+02 8.227727637745256839e-01
2.522230783982357138e+02 1.358426246209533303e+02 7.512830654537173691e-01
2.522335874294344080e+02 1.360820179065837294e+02 7.216640897486605866e-01
2.522055337815972109e+02 1.364729555451679914e+02 5.660530006112689527e-01
2.520737190320376726e+02 1.371730694089868621e+02 4.263708604509007238e-01
2.519349322210636046e+02 1.377106792276437375e+02 3.169729004111083159e-01
2.518137247851569498e+02 1.378605899344384227e+02 2.880442990183740282e-01
2.517989524528663594e+02 1.383024498699555238e+02 2.852780075030263984e-01
2.518464312682032187e+02 1.387915608931717770e+02 2.787649970635120433e-01
2.518397420684860890e+02 1.395299246101662334e+02 2.741732887466589719e-01
2.518419222609758776e+02 1.400594704733139224e+02 2.706387160955497362e-01
2.518590773434971766e+02 1.406046816008054350e+02 2.871561612311675504e-01
2.518779343904689938e+02 1.413097599271271463e+02 2.708616494672371755e-01
2.518892836167943017e+02 1.417244939052892789e+02 2.768149293445039683e-01
2.518905660829647672e+02 1.419631908237747666e+02 2.802236525115961441e-01
2.518650414104730828e+02 1.420785097023959338e+02 2.615571776155717898e-01
2.518245442450828762e+02 1.421758440904677911e+02 2.743602651229130052e-01
2.518486821761173644e+02 1.423482482950391272e+02 2.606882168925964693e-01
2.518729052053743658e+02 1.427347835988158238e+02 2.515455515203816050e-01
2.518715496266465266e+02 1.428278331115985225e+02 2.527537065669459571e-01
2.518008497836587480e+02 1.425319837474380620e+02 2.444392506562151623e-01
2.516860882384667946e+02 1.412633538288207262e+02 2.478132153943883031e-01
2.515899464240767998e+02 1.394093608044778421e+02 2.426617765152877249e-01
2.515702431891457707e+02 1.382525619359246321e+02 2.480085817362434608e-01
2.515927019284935113e+02 1.380367876020279709e+02 2.454220751980631110e-01
2.516483453789267912e+02 1.384295974015078059e+02 2.537197511775916015e-01
2.517320604556949775e+02 1.389932257020603288e+02 2.679838912660458261e-01
2.517414224587393505e+02 1.392873611161051315e+02 2.589011542195533977e-01
2.517653818033631694e+02 1.395504356789280109e+02 2.650545947047331374e-01
2.517641484784197985e+02 1.399278570829288242e+02 2.624093584073448060e-01
2.517583929620174388e+02 1.399531887862116832e+02 2.673606366785324928e-01
2.517391284024306799e+02 1.397072045833183438e+02 2.510193808205386512e-01
2.517402346793235210e+02 1.398090323972528779e+02 2.484148957846415706e-01
2.517459877985928927e+02 1.401589143384512113e+02 2.596023156305058976e-01
2.517886447808421053e+02 1.406067599151414811e+02 2.589598839787614071e-01
2.518341735284599565e+02 1.410977407021202623e+02 2.574389030719259619e-01
2.518441396090275930e+02 1.413712056380568924e+02 2.654968657485647365e-01
2.518379346301823034e+02 1.417392782232450088e+02 2.599031558256325591e-01
2.518622151906320141e+02 1.421658324643726132e+02 2.621828293361140316e-01
2.518605216161470821e+02 1.421422242997375065e+02 2.571979912025217918e-01
2.518318662879196381e+02 1.421005681205278393e+02 2.536813970491292314e-01
2.517978305946088540e+02 1.421353840806395681e+02 2.506945692951230154e-01
2.518023360061366702e+02 1.422475794949240822e+02 2.567041817985689089e-01
2.518101374755792108e+02 1.425411012429134701e+02 2.638680138554289067e-01
2.518598791844953553e+02 1.429661668644301358e+02 2.641784425826711469e-01
2.518826531468363896e+02 1.434744992988385945e+02 2.723107163832056976e-01
2.519522287344336178e+02 1.442675296345570644e+02 2.712415950523174302e-01
2.519245082880874520e+02 1.449528064434935857e+02 2.687977179293564722e-01
2.518900782663934024e+02 1.453760178826123877e+02 2.581244831181906396e-01
2.517371411791497451e+02 1.385767478096196896e+02 2.519830282981553871e-01
2.517478503709563427e+02 1.388182301966847660e+02 2.629223448755288461e-01
2.517364663862020961e+02 1.387840758452890384e+02 2.630302158618292308e-01
2.517567605144247409e+02 1.387788512938525400e+02 2.590126209053971174e-01
2.517615224191866616e+02 1.388888964798101426e+02 2.576546450445267311e-01
2.517303872568408281e+02 1.389737238263037398e+02 2.645212326058034580e-01
2.517312825860271062e+02 1.388897930075629574e+02 2.770258770510469204e-01
2.517270180863687017e+02 1.387501048745700132e+02 2.623506286481368521e-01
2.516811693214914953e+02 1.381055613486270488e+02 2.508276101782268563e-01
2.515734421631728424e+02 1.362175937578655862e+02 2.435259429722052560e-01
2.516643030935001661e+02 1.337951410113504380e+02 2.584409046780051233e-01
2.516133112797094782e+02 1.330743518751573049e+02 2.636594632819148076e-01
2.516148070907194949e+02 1.329861194011961629e+02 2.601188977982333284e-01
2.516553018589766566e+02 1.331770726211451006e+02 2.696391116224994833e-01
2.516695468220008820e+02 1.333433054067335490e+02 2.728836311771121736e-01
2.516436517924562111e+02 1.332386897270864097e+02 2.646494792228494819e-01
2.516385351120060534e+02 1.332414140687737358e+02 2.615332062852828154e-01
2.517021610154255598e+02 1.331974374647921024e+02 2.685520117938944851e-01
2.516692064291107727e+02 1.330860870399002920e+02 2.739072069804514009e-01
2.516735428427600709e+02 1.329452770486498139e+02 2.846104059544784515e-01
2.517001234523509936e+02 1.329273045437656435e+02 2.664173648316613408e-01
2.516625184279601513e+02 1.329755804058346200e+02 2.726714849040547395e-01
2.516750074910407022e+02 1.331098642024139167e+02 2.714956911533805695e-01
2.516462418946939579e+02 1.328151474836095929e+02 2.824457948293840337e-01
2.515776671101362751e+02 1.324441659774909112e+02 2.673750194767058330e-01
2.515680534081238875e+02 1.322290160967482961e+02 2.632231850706555076e-01
2.515534656550765362e+02 1.321810938118010768e+02 2.763846439658168563e-01
2.516336964989872058e+02 1.322255618280536567e+02 2.666990279625567895e-01
2.516674900818620984e+02 1.323846379729843079e+02 2.716287320364843549e-01
2.516843790826171983e+02 1.325361487660757689e+02 2.759927127155921700e-01
2.517091019141107324e+02 1.327884290388695092e+02 2.651360972277156391e-01
2.517196373137727221e+02 1.329812508240144666e+02 2.918629319334076211e-01
2.517031762012632896e+02 1.329432706483046331e+02 2.795764265937938364e-01
2.516789759447700590e+02 1.326818752771685013e+02 2.687749451655819799e-01
2.515734469574389038e+02 1.316838888689127884e+02 2.720805916124315327e-01
2.515083504129061680e+02 1.301036424436373977e+02 2.669459326645332031e-01
2.514330624573010766e+02 1.289734133975765076e+02 2.587621205038773686e-01
2.514873790946028578e+02 1.281590270037035566e+02 2.709827046851965293e-01
2.515113048793642747e+02 1.276080291970802989e+02 2.740630206273297342e-01
2.515445830786379418e+02 1.273626766387400693e+02 2.784965181642755083e-01
2.515659175625951320e+02 1.272286145769659527e+02 2.819399997602867192e-01
2.515687605623674017e+02 1.269400860570757317e+02 2.688816175853678825e-01
2.515095525751201535e+02 1.258078937590641573e+02 2.703894142605444140e-01
2.514801721141514861e+02 1.238456665827670093e+02 2.795176968345858270e-01
2.515500317620126225e+02 1.224066088957606695e+02 2.775088993563697981e-01
2.515584241247468071e+02 1.222584049476825783e+02 2.903767094554912109e-01
2.516105330025289675e+02 1.224088442223101225e+02 2.962928337708101156e-01
2.517897954046959796e+02 1.306267244375726762e+02 2.879472151307037042e-01
2.517530940994570585e+02 1.307475231622978811e+02 2.938933036088837714e-01
2.517494420672875322e+02 1.306938633394460112e+02 2.883775005093907606e-01
2.517061714189829047e+02 1.304896863351431762e+02 2.987163352630254343e-01
2.516725264583558044e+02 1.303326441575875378e+02 2.800007191399086492e-01
2.516501516186640686e+02 1.302374528064434855e+02 2.638656167223999982e-01
2.517066580369877613e+02 1.304482674721033675e+02 2.793139405271295450e-01
2.517316793115433882e+02 1.308170220416382108e+02 2.781788980379465981e-01
2.517950079704673101e+02 1.312902700370356968e+02 2.989272829695683864e-01
2.518077175697865471e+02 1.317887466589958478e+02 2.924670094566897971e-01
2.518707118286529294e+02 1.324045749283856424e+02 2.890654776886843469e-01
2.518824925389234579e+02 1.327657881174115744e+02 2.982644756870782565e-01
2.518612695216521047e+02 1.330075018278139396e+02 2.860954298658803796e-01
2.518509534596622359e+02 1.331130991334364069e+02 2.790634401256097963e-01
2.517191542914674187e+02 1.325500389534117289e+02 2.824002493018349935e-01
2.516455838816775099e+02 1.318566706219361606e+02 2.609339230280584565e-01
2.516130823535052059e+02 1.312723634533098505e+02 2.726990519338870489e-01
2.515575479726247465e+02 1.305091390696726705e+02 2.643114834657749324e-01
2.515597389522131664e+02 1.300288686730670236e+02 2.795608452291060142e-01
2.515674816918964893e+02 1.298891589658768169e+02 2.718504668416573677e-01
2.516279301954861864e+02 1.301027447173180747e+02 2.703690386297987747e-01
2.516082856903143750e+02 1.301450289453813127e+02 2.584169333477161490e-01
2.516261802883751102e+02 1.305340776431388008e+02 2.678005105893351279e-01
2.516727649730921712e+02 1.314086632387664224e+02 2.619670873635132624e-01
2.517135761629091633e+02 1.319055625471935684e+02 2.728213057183608292e-01
2.517720506274495733e+02 1.323104143444440410e+02 2.674121750386537766e-01
2.518413493461819712e+02 1.325203696379130633e+02 2.726702863375403130e-01
2.517316709215778019e+02 1.320233936212290189e+02 2.656742535927031357e-01
2.515629511104718858e+02 1.307012908561360689e+02 2.564261143672167953e-01
2.514944170771757115e+02 1.299680066640298151e+02 2.576534464780123046e-01
2.515481607996835862e+02 1.302786223676482962e+02 2.545096065106133287e-01
2.517054271091774353e+02 1.308855297064710612e+02 2.764709407548571751e-01
2.517954334615799610e+02 1.315860175230424431e+02 2.798844581880071680e-01
2.518233612599331082e+02 1.323075965145685871e+02 2.938801193772248577e-01
2.519044418875025428e+02 1.330921673678280683e+02 2.995289633598216539e-01
2.518777006699986885e+02 1.335719056009013173e+02 2.943271846871142183e-01
2.518697877338702824e+02 1.338571164886795373e+02 2.920654896743494766e-01
2.518273440964606209e+02 1.340201814629702994e+02 2.864813682835328779e-01
2.518591324775568410e+02 1.344181223256984765e+02 2.941941438040103773e-01
2.519016384404252449e+02 1.350302446274255885e+02 2.869368235590233907e-01
2.519148814018433882e+02 1.357515611328850582e+02 2.834310165042608909e-01
2.519428199872951950e+02 1.367146213129097703e+02 2.857778097395514694e-01
2.519610633682116259e+02 1.375425503098294371e+02 2.930507113492263338e-01
2.519437416849447970e+02 1.383815109129481016e+02 2.993743482794577471e-01
2.519390468999077086e+02 1.390237891481787642e+02 2.959056967866431909e-01
2.519345978210060650e+02 1.394955017798712618e+02 2.885261227571824239e-01
2.519700693970011969e+02 1.403407968070188190e+02 3.000527369266357547e-01
2.519810063164455300e+02 1.420188666355039402e+02 2.913020028046456322e-01
2.520017211415147358e+02 1.437246892716311208e+02 2.917502666810494749e-01
2.520010882983951319e+02 1.453589191327172614e+02 2.890151378950774896e-01
2.520443385710690052e+02 1.471333021706039688e+02 2.889887694317596067e-01
2.520325446765668289e+02 1.487033583833734838e+02 2.731089616818285215e-01
2.518262653865976404e+02 1.433922368846859285e+02 2.601824218234990993e-01
2.519258614696822463e+02 1.441403701173396712e+02 2.682943199932880107e-01
2.518463761341435543e+02 1.442889767837666284e+02 2.544532738844342279e-01
2.518340464804094267e+02 1.446472163292701794e+02 2.419114738772428219e-01
2.517761617105941241e+02 1.445331751225534163e+02 2.578548056524396781e-01
2.516259118094758662e+02 1.424200999604473168e+02 2.318003667613534324e-01
2.515559982261215453e+02 1.399091966008653571e+02 2.418719211822659976e-01
2.515289441827574137e+02 1.385370632723262929e+02 2.317560198003188188e-01
2.515969160883583129e+02 1.383373401411911345e+02 2.291347548332194617e-01
2.516584828545060191e+02 1.385811609315258863e+02 2.455011805880167319e-01
2.516935445207531927e+02 1.387919959728165225e+02 2.527908621288938451e-01
2.517998034350916328e+02 1.391424628144739017e+02 2.539330960171634621e-01
2.518025313724785121e+02 1.397249769275946107e+02 2.584373089784617328e-01
2.519206417125118378e+02 1.407899895724713133e+02 2.748648616254958932e-01
2.519724952956264303e+02 1.417781669123727966e+02 2.738185130583821736e-01
2.519645020555415726e+02 1.425193232893459481e+02 2.760178826123955709e-01
2.519442271043831454e+02 1.433506094710726018e+02 2.734421631728452540e-01
2.519767226397228796e+02 1.446091882108997595e+02 2.832056859995445430e-01
2.519957199189769028e+02 1.465504884158546304e+02 2.661333045677369835e-01
2.520022832692100110e+02 1.483464252753706489e+02 2.677070224012081390e-01
2.519360372993899375e+02 1.497570301918904931e+02 2.476094590869320211e-01
2.519270504476645840e+02 1.509142006160631979e+02 2.466482087423441660e-01
2.518326549446861691e+02 1.441758368990687131e+02 2.334603813838649067e-01
2.518742128414416470e+02 1.447044035333740908e+02 2.454544364939532375e-01
2.518278930399242483e+02 1.447473457744537484e+02 2.399901717545815105e-01
2.518241415267340244e+02 1.449046576294751389e+02 2.485275610369997445e-01
2.518465415363225475e+02 1.451640729687293856e+02 2.426234223868253548e-01
2.518297004782280339e+02 1.453607325638536452e+02 2.296429470353457403e-01
2.519003020387616516e+02 1.459374072609159327e+02 2.287943619431160314e-01
2.519073819711624935e+02 1.464769335874294427e+02 2.403101890139393293e-01
2.518028957366989005e+02 1.398370668680258291e+02 2.480085817362434608e-01
2.517328227439981845e+02 1.403050124051634384e+02 2.230760011026811929e-01
2.517826411611712274e+02 1.405810087135785693e+02 2.283329138350532750e-01
2.517539007347212703e+02 1.402538719691249298e+02 2.344599858569151318e-01
2.515971498088286467e+02 1.391962017427157150e+02 2.076120959332638238e-01
2.514907135066460455e+02 1.384027674900818567e+02 2.097803027579015489e-01
2.515209137871106293e+02 1.383004278882456504e+02 2.199956851605479879e-01
2.516128366473697326e+02 1.385621528651732604e+02 2.304328023683674398e-01
2.516722579794565604e+02 1.389448359761724987e+02 2.441491975597185893e-01
2.516925545048122501e+02 1.391394963623506271e+02 2.489734277803746787e-01
2.516786679131758433e+02 1.389748432874282287e+02 2.565735380484939765e-01
2.516333117591360633e+02 1.386032517109536855e+02 2.492467009456689753e-01
2.516008689607229769e+02 1.379973367852049080e+02 2.436565867222801607e-01
2.515559095321994789e+02 1.368580813347236642e+02 2.331895053515994909e-01
2.515719487492958422e+02 1.362220320496685986e+02 2.446693754269893273e-01
2.515277552047750760e+02 1.359762084546881908e+02 2.410544988194119886e-01
2.515844881521699961e+02 1.359869883619191455e+02 2.388767034626586572e-01
2.516053012596934195e+02 1.360611556578332397e+02 2.387544496781849046e-01
2.517282034686514862e+02 1.366361235961789760e+02 2.484304771493293928e-01
2.517648184771013860e+02 1.371043088466194320e+02 2.620821497489003171e-01
2.518011578152529637e+02 1.373649742907482789e+02 2.624584996344372367e-01
2.518225162705404330e+02 1.376145673774166198e+02 2.717342058897558310e-01
2.518590629606989921e+02 1.381134395263265162e+02 2.641928253808444871e-01
2.518858497237304164e+02 1.385461100523773439e+02 2.699279661524816576e-01
2.519098773866455758e+02 1.388449714141886204e+02 2.739012141478791573e-01
2.518939903874965580e+02 1.390294367935948685e+02 2.730046863950714719e-01
2.518740666163268713e+02 1.394175314324068324e+02 2.556901945273453158e-01
2.519025085997147357e+02 1.400792647993000344e+02 2.633778001510193589e-01
2.519223856267903727e+02 1.406780818141502891e+02 2.575251998609662807e-01
2.519625855476849665e+02 1.412196984406649563e+02 2.621672479714261539e-01
2.519366545611448771e+02 1.416718996080687418e+02 2.520213824266177571e-01
2.518676650725732031e+02 1.412990459410544872e+02 2.470461328251411237e-01
2.517052665012644752e+02 1.398775772176476835e+02 2.257799671592775059e-01
2.515771445351359716e+02 1.375774921194251590e+02 2.320940155573933683e-01
2.515774621552623103e+02 1.364848429278582955e+02 2.398391523737609943e-01
2.515653758105306110e+02 1.361988901274076227e+02 2.366821281747030492e-01
2.516346146009372831e+02 1.364282777797753852e+02 2.415219397600469886e-01
2.517407153044958363e+02 1.367425119557009907e+02 2.448251890738676606e-01
2.517424484316757116e+02 1.369697745496386290e+02 2.459530401639639097e-01
2.517616938141982246e+02 1.372953879160523911e+02 2.459542387304783362e-01
2.517619826687281943e+02 1.374525595387916042e+02 2.521388419450337204e-01
2.517552647034147242e+02 1.372707837426438005e+02 2.391008354008605785e-01
2.517142030131962258e+02 1.371313041602243743e+02 2.542063691824577587e-01
2.517565795308810550e+02 1.372467860438915181e+02 2.482159337432430779e-01
2.517873790946028691e+02 1.376894634017714907e+02 2.475639135593829809e-01
2.517883846919084760e+02 1.378477113372406677e+02 2.448359761724976935e-01
2.517957366989081152e+02 1.382584049476825783e+02 2.553510002037562843e-01
2.518359426126352787e+02 1.386141203121067065e+02 2.467392997974422464e-01
2.518328790766243515e+02 1.389509570553617834e+02 2.500509390768640983e-01
2.518460201598887807e+02 1.393169788932436859e+02 2.454879963563577905e-01
2.518705032780794113e+02 1.395196049524768398e+02 2.491100643630218270e-01
2.518327184687114197e+02 1.398148286649167460e+02 2.467692639603034643e-01
2.518592391499766165e+02 1.400435511128690109e+02 2.519290928050051948e-01
2.518677094195342363e+02 1.402842172761377526e+02 2.539558687809380100e-01
2.518683182913235896e+02 1.406332853906727678e+02 2.501731928613378231e-01
2.519033008521807915e+02 1.408378998717533932e+02 2.585871297927678225e-01
2.519078050651420995e+02 1.409906679611185041e+02 2.521628132753226947e-01
2.518552539163160873e+02 1.409960710989656434e+02 2.442810398763079482e-01
2.518471899608068725e+02 1.408139872712236240e+02 2.456450085697505781e-01
2.517293876523677625e+02 1.398033440005753221e+02 2.214291707118286601e-01
2.515997530952980128e+02 1.374400249301835117e+02 2.322258578739827273e-01
2.516779188091043125e+02 1.350236860714585418e+02 2.332925820718420862e-01
2.516654057746934541e+02 1.346144918677262012e+02 2.384452195174571187e-01
2.516440053695779966e+02 1.346770858053767768e+02 2.462095333980559297e-01
2.516591180947586679e+02 1.347453669411383999e+02 2.448060120096364756e-01
2.516696522958541493e+02 1.347645188354727850e+02 2.419018853451272155e-01
2.517078482135366073e+02 1.349456330229046159e+02 2.505675212445914735e-01
2.517423956947490922e+02 1.350181786583246435e+02 2.606654441288219215e-01
2.517187623602171698e+02 1.347487516929751905e+02 2.446777653925904517e-01
2.516535699303632896e+02 1.343672743398894909e+02 2.439286613210600030e-01
2.516307815852240708e+02 1.342555199980822920e+02 2.471204439490369553e-01
2.516716766746970677e+02 1.342975033859503924e+02 2.511212589742667922e-01
2.517103280476549969e+02 1.344249505591312754e+02 2.394975609171431097e-01
2.517403701173396655e+02 1.346752591900087452e+02 2.527620965325470537e-01
2.517820083180516235e+02 1.350300216940539144e+02 2.694497381132165970e-01
2.517731137559478896e+02 1.351179509306869022e+02 2.702671604760706336e-01
2.517459458487648760e+02 1.351039360924334574e+02 2.676566826076012817e-01
2.517586973979121012e+02 1.351517864633897830e+02 2.638464396581688409e-01
2.517873395419078690e+02 1.352757446094470879e+02 2.543813598935673048e-01
2.517742979396641658e+02 1.353473829300156979e+02 2.534129181498927519e-01
2.518113791904881680e+02 1.354828017690841762e+02 2.628552251507197401e-01
2.517483441803602773e+02 1.354815324871453868e+02 2.617789124207448026e-01
2.517247671784545560e+02 1.352521208634473169e+02 2.536418443541524348e-01
2.516828113576162878e+02 1.350559694605252048e+02 2.561480469358646817e-01
2.516685244447640741e+02 1.348678856088118607e+02 2.528184291587261545e-01
2.515756103699974915e+02 1.339492011554181090e+02 2.325207052365370897e-01
2.515474057027794856e+02 1.314178142941042609e+02 2.336917047211534981e-01
2.516111370800522593e+02 1.292694844965421339e+02 2.516270540433641623e-01
2.515537976580010309e+02 1.284564201215346486e+02 2.579458967075377585e-01
2.515409586134982476e+02 1.279983124183476519e+02 2.522970527249409622e-01
2.515779607589323064e+02 1.278599403113875752e+02 2.648340584660745511e-01
2.516906236141574595e+02 1.281527860678628485e+02 2.790370716622919134e-01
2.516889995565303764e+02 1.280855488835352958e+02 2.846583486150564002e-01
2.516959943907087052e+02 1.281521076792156464e+02 2.943211918545419747e-01
2.516746886723478838e+02 1.281157767310296833e+02 2.822396413888988986e-01
2.516237136384883684e+02 1.275663814078362321e+02 2.734529502714753146e-01
2.515983555667421854e+02 1.272253412918149849e+02 2.685220476310332671e-01
2.515834549878345570e+02 1.273372874042645009e+02 2.617453525583402496e-01
2.516772224419594295e+02 1.276707789483777447e+02 2.804202174199657005e-01
2.516845420876631465e+02 1.282030779188091003e+02 2.809104311243752483e-01
2.516946591876116202e+02 1.283865017439142662e+02 2.772056620282142281e-01
2.517059904354392188e+02 1.283322881833327358e+02 2.695228506705979465e-01
2.516870506873779050e+02 1.282237448012177481e+02 2.757673822108757666e-01
2.516836659355410859e+02 1.281844078482135387e+02 2.841381707477856344e-01
2.516679515299701677e+02 1.283464648280656206e+02 2.664605132261814724e-01
2.517373689067874807e+02 1.284447544736495104e+02 2.851533565855237096e-01
2.517445579087411431e+02 1.287715400381144093e+02 2.837102825021274310e-01
2.518036736063667718e+02 1.292686095429865816e+02 2.908561360612706981e-01
2.518019848261479297e+02 1.294634688912061051e+02 2.719655292270444780e-01
2.518032912636486742e+02 1.296828628959763989e+02 2.766303501012788435e-01
2.518022341279829277e+02 1.297838792803806598e+02 2.857274699459446676e-01
2.516817985689115744e+02 1.290305790274831281e+02 2.665995469418575570e-01
2.515534033296177654e+02 1.269958961082545272e+02 2.555044167176057646e-01
2.515141454820035278e+02 1.254791401483825410e+02 2.607685208490645445e-01
2.516102968849256172e+02 1.259514844246281484e+02 2.732695695947646719e-01
2.517774238011338355e+02 1.274845780446585906e+02 2.859216377212853155e-01
2.517917586566466639e+02 1.369258410940515205e+02 2.557237543897498688e-01
2.518119988493761525e+02 1.371738664557189509e+02 2.548811621300924313e-01
2.517142006160631809e+02 1.368131039277024570e+02 2.515779128162717315e-01
2.516920834681720578e+02 1.366874510085937118e+02 2.551004998022365355e-01
2.517240336557477178e+02 1.367625471935565145e+02 2.530509510625292280e-01
2.517124207447892275e+02 1.369835628588208465e+02 2.350832404444284651e-01
2.516921002481032588e+02 1.368967542818788843e+02 2.428223844282238475e-01
2.516279673510481416e+02 1.362732036484364642e+02 2.356633466374216390e-01
2.515793570889216539e+02 1.359473493701532902e+02 2.262246353361379858e-01
2.515609746742895538e+02 1.357521304519794398e+02 2.208322845876331819e-01
2.515666151283065517e+02 1.358860930327328447e+02 2.429194683158941992e-01
2.516217503865377125e+02 1.360103304447880248e+02 2.485419438351731403e-01
2.516914002852588226e+02 1.363465667062193631e+02 2.461627893039924353e-01
2.518030875073412176e+02 1.372926539858329420e+02 2.563482075437776286e-01
2.518281423417592464e+02 1.377520285738256973e+02 2.447089281219661239e-01
2.517030347704145754e+02 1.366233025301739019e+02 2.211151462850430849e-01
2.516001126652523681e+02 1.353312945716922684e+02 2.418851054139249390e-01
2.515722411995253651e+02 1.350128953771289559e+02 2.351120060407752288e-01
2.516498232114391271e+02 1.354553438088046562e+02 2.524145122433569255e-01
2.516478240024930244e+02 1.352487217288123418e+02 2.594141406877374934e-01
2.515117111934126797e+02 1.334909556170819656e+02 2.438315774333896790e-01
2.515304639650977379e+02 1.325209761125693717e+02 2.394568096556518311e-01
2.516132070044227191e+02 1.328774285953998913e+02 2.534788393081874314e-01
2.517734817158678311e+02 1.339130008509822289e+02 2.621828293361140316e-01
2.517684693107044041e+02 1.342499190967602658e+02 2.653518392003164084e-01
2.516944578284371801e+02 1.339489590449821890e+02 2.608560162046192898e-01
2.516712379993527691e+02 1.334901561732168318e+02 2.605671616746371155e-01
2.515894957630673616e+02 1.327888773027459024e+02 2.452135246245490396e-01
2.515326609375187275e+02 1.316798544940251361e+02 2.399757889564081426e-01
2.514640765644289502e+02 1.304286637181930359e+02 2.507389162561576290e-01
2.513944410485059962e+02 1.294483058262318309e+02 2.293325183081035001e-01
2.514446933467572762e+02 1.288818584972373174e+02 2.456593913679239738e-01
2.516453705368379303e+02 1.300627066029029208e+02 2.784977167307899903e-01
2.516918964917958021e+02 1.300592235686119409e+02 2.834058466074574900e-01
2.515592379514101253e+02 1.289071326693274955e+02 2.647765272733810238e-01
2.515719451535962889e+02 1.286439274627545331e+02 2.663406565747366006e-01
2.517383589227284233e+02 1.304917011254539432e+02 2.900590893291623007e-01
2.518961082545275758e+02 1.333780782184507245e+02 2.963923147915093481e-01
2.519336605419917703e+02 1.355058609902556555e+02 2.907183009121090955e-01
2.518664820874234351e+02 1.436869212421943303e+02 2.409634077643138805e-01
2.517422962137283946e+02 1.428401471839679857e+02 2.295039133196696834e-01
2.516396210132681404e+02 1.411455659031798007e+02 2.306185801781069911e-01
2.516030012105521791e+02 1.402253137247851669e+02 2.326309733558663828e-01
2.515991705919720118e+02 1.396690422254983162e+02 2.368187647573501975e-01
2.516476849687773552e+02 1.396391763450912720e+02 2.384452195174571187e-01
2.517796591276832885e+02 1.404484736255438406e+02 2.378806946891517671e-01
2.518890618819891358e+02 1.415191482986348319e+02 2.426006496230508347e-01
2.519899056728153255e+02 1.425854805652439552e+02 2.606678412618508300e-01
2.519471635923435713e+02 1.434197140220296660e+02 2.709970874833698695e-01
2.519401819423968902e+02 1.438911989260843995e+02 2.518463917155082665e-01
2.519279637553485998e+02 1.445637445615044498e+02 2.474740210707993271e-01
2.519319441947430960e+02 1.452203169009864325e+02 2.431483945201538821e-01
2.519392182949192716e+02 1.459127515491472309e+02 2.510445507173420521e-01
2.519022616950127542e+02 1.463591696331187961e+02 2.382234847122841059e-01
2.519059017415171411e+02 1.465655903539366989e+02 2.438112018026440397e-01
2.518579183296777160e+02 1.464499838193520418e+02 2.283317152685388207e-01
2.517977131350904187e+02 1.462355818441144493e+02 2.222957343017750720e-01
2.517328503110280167e+02 1.455982728656526888e+02 2.250991813790706453e-01
2.516949372550429587e+02 1.451166229189888952e+02 2.194575287955605192e-01
2.517173348674984652e+02 1.450678472546833859e+02 2.312358419330480808e-01
2.517165246365347002e+02 1.448582035885081325e+02 2.257116488679539179e-01
2.516498435870698529e+02 1.438448647417688449e+02 2.220632123979720263e-01
2.516027003703570415e+02 1.427364615919360347e+02 2.154219553414116750e-01
2.515774765380604663e+02 1.420448983016312354e+02 2.201634844725708084e-01
2.516069492886507817e+02 1.420331044071290876e+02 2.253736531108793961e-01
2.517374132537485139e+02 1.426716994474608384e+02 2.140040511548188251e-01
2.518240672156101425e+02 1.434234943008162304e+02 2.203492622823103597e-01
2.518885776611172957e+02 1.437876775376649618e+02 2.174810926132345612e-01
2.519036352522383311e+02 1.438336725276569155e+02 2.219481500125849438e-01
2.519206477053444075e+02 1.438598528160320313e+02 2.165438135989356805e-01
2.519317656083324266e+02 1.442383900854577803e+02 2.403185789795404814e-01
2.519687042297412347e+02 1.445893531336521391e+02 2.394580082221662853e-01
2.519836923040044212e+02 1.450263576762192486e+02 2.429985737058477924e-01
2.519948293840566578e+02 1.454505986839739649e+02 2.357124878645140420e-01
2.520386801385542981e+02 1.459339422051226620e+02 2.385914446322198734e-01
2.520068605947286926e+02 1.459111406757517955e+02 2.400548943463617635e-01
2.519405343209521391e+02 1.457246329390049482e+02 2.306317644097659325e-01
2.519276341495571216e+02 1.455494804214159785e+02 2.341639399278462874e-01
2.519165605935301357e+02 1.454555775292749900e+02 2.297675979528484014e-01
2.519438100032361376e+02 1.455612635288195236e+02 2.316637301787062564e-01
2.519711337240660214e+02 1.459625280164922856e+02 2.386777414212601645e-01
2.518767526038857625e+02 1.459389534117195808e+02 2.287739863123703921e-01
2.517563601932089341e+02 1.452824062421344138e+02 2.152385746647010045e-01
2.517041698129037570e+02 1.443348962640681634e+02 2.131470760969879918e-01
2.516395550921098447e+02 1.436924346481607984e+02 1.989560485659151723e-01
2.516584924430381136e+02 1.432294032337324552e+02 2.205638056883966747e-01
2.516744561504440583e+02 1.430565231982548937e+02 2.287608020807114784e-01
2.516933539486773839e+02 1.431092757062553176e+02 2.296129828724845223e-01
2.517007239341747322e+02 1.432186748648616117e+02 2.235254635455994621e-01
2.517225126748408854e+02 1.431893866935145638e+02 2.135629786775017080e-01
2.517028945381323979e+02 1.430734565459710268e+02 2.210168638308583067e-01
2.517190512147471679e+02 1.430918305706375122e+02 2.348483214075965109e-01
2.518459134874689767e+02 1.437945429266597159e+02 2.350964246760874066e-01
2.519082521304519844e+02 1.445610813467093294e+02 2.400692771445351315e-01
2.519264307887766279e+02 1.452614409166636733e+02 2.435019716419162816e-01
2.519601932089221350e+02 1.460811417544616688e+02 2.550477628756007697e-01
2.519605288075461829e+02 1.469196828593002806e+02 2.397792240480385584e-01
2.519768604748720406e+02 1.473189505351599564e+02 2.445794829384056734e-01
2.519851341795212818e+02 1.477316781129768799e+02 2.542662975081801946e-01
2.519548595879328445e+02 1.482512770726211500e+02 2.370069397001186573e-01
2.517892596454640284e+02 1.409734361703402783e+02 2.483693502570925304e-01
2.517942540721297462e+02 1.410481128570229998e+02 2.482135366102141971e-01
2.517978845301020101e+02 1.413374611964090946e+02 2.381935205494228880e-01
2.518286589239269802e+02 1.416706986444212646e+02 2.481332326537461219e-01
2.518446370141311093e+02 1.420247743698536453e+02 2.488355926312130761e-01
2.518666127311735181e+02 1.427134527105581583e+02 2.496062709000035906e-01
2.519294439849939522e+02 1.433504980043867647e+02 2.574197260076948046e-01
2.519166732587825095e+02 1.438359845624632953e+02 2.566706219361643559e-01
2.519287224479522536e+02 1.442256565148082927e+02 2.485059868397396787e-01
2.519450565124111563e+02 1.446670981506118778e+02 2.552059736555080116e-01
2.518439394484196896e+02 1.443369781741037627e+02 2.362770126928193937e-01
2.518102753107283718e+02 1.443119616938141974e+02 2.272110555775292695e-01
2.518075689475387549e+02 1.443985569259166084e+02 2.434564261143672137e-01
2.518048517972504783e+02 1.444812052784869252e+02 2.282010715184639160e-01
2.518102237723682606e+02 1.444996404300456732e+02 2.259285894070691414e-01
2.517571572399410229e+02 1.443981254419714162e+02 2.234931022497093356e-01
2.518127731233444706e+02 1.445130931406038428e+02 2.384416238179137837e-01
2.518708436709695206e+02 1.450800115062385487e+02 2.469310704397540412e-01
2.518822672084187388e+02 1.456805364783718630e+02 2.418970910790694262e-01
2.518624596982009507e+02 1.456445111646470707e+02 2.349250296645212233e-01
2.517284527704864843e+02 1.445361200004794284e+02 2.327232629774789452e-01
2.515995277647932937e+02 1.419573933575443903e+02 2.153224743207124148e-01
2.517182613594141287e+02 1.324467297112653341e+02 2.676339098438267894e-01
2.517436865508851440e+02 1.323123452350988316e+02 2.708316853043759576e-01
2.517063200412306969e+02 1.326764985077846859e+02 2.601021178670310241e-01
2.516702132249829162e+02 1.333823642923063915e+02 2.350412906164227600e-01
2.517437728476741938e+02 1.337515539414859802e+02 2.534500737118406399e-01
2.517383625184279481e+02 1.336619790730286468e+02 2.500641233085230120e-01
2.517469898001989748e+02 1.337952932292977550e+02 2.470317500269677558e-01
2.517893147795236928e+02 1.340840183140963404e+02 2.534848321407596750e-01
2.517784461783706718e+02 1.341221914590150277e+02 2.537245454436494185e-01
2.517527632950990721e+02 1.340128797957642632e+02 2.557800870159289697e-01
2.517785672335886318e+02 1.341689990771037913e+02 2.635887478575623666e-01
2.518383649155609874e+02 1.347374911605719490e+02 2.738520729207867266e-01
2.518767729795164882e+02 1.354286097826998798e+02 2.775868061798089648e-01
2.518970323493102228e+02 1.358863938729279823e+02 2.884973571608356324e-01
2.519248678580417788e+02 1.363882288782616001e+02 2.789759447700549955e-01
2.519551220739994903e+02 1.367120839475986713e+02 2.901154219553414015e-01
2.519323241403281770e+02 1.370184351515587480e+02 2.719343664976687780e-01
2.519638656167223871e+02 1.376019704433497566e+02 2.765056991837762101e-01
2.519786247647813298e+02 1.382849927486725790e+02 2.867138901873359513e-01
2.519609507029592521e+02 1.388251387340740450e+02 2.871142114031618453e-01
2.519149653014993930e+02 1.392455023791545443e+02 2.733115194227703770e-01
2.518828017690841818e+02 1.395504944086872001e+02 2.779847302626059502e-01
2.519305298862560392e+02 1.402155981446190367e+02 2.786727074418994810e-01
2.519706435103616116e+02 1.406094183356705400e+02 2.911509834238251160e-01
2.519506394352354448e+02 1.410799371951146384e+02 2.810554576726235210e-01
2.519671041434444305e+02 1.414591576474536510e+02 2.762551987822564059e-01
2.519531899847781915e+02 1.417960027806743142e+02 2.842915872616350592e-01
2.519608272506082756e+02 1.419832008917334747e+02 2.649635036496350571e-01
2.519432418827082927e+02 1.422450217539822290e+02 2.706243332973763405e-01
2.519194862943919020e+02 1.427043975405415210e+02 2.755852001006796059e-01
2.518755264703414696e+02 1.426279313940527231e+02 2.618484292785828171e-01
2.518673882037083729e+02 1.428004206968465724e+02 2.529586614409166656e-01
2.518154327424400378e+02 1.427722567808900465e+02 2.425527069624728860e-01
2.517956276293552946e+02 1.426799815420756659e+02 2.322785948006184653e-01
2.517645607853007732e+02 1.423706459074946338e+02 2.378747018565795235e-01
2.516708592523341963e+02 1.410767885608811980e+02 2.283532894657989143e-01
2.516121270959932019e+02 1.381382150947466698e+02 2.221471120539834365e-01
2.515514976088597905e+02 1.362847482411036424e+02 2.301595292030731155e-01
2.516270852060935113e+02 1.365289969196840616e+02 2.410556973859264429e-01
2.517425922596574424e+02 1.375271822899811696e+02 2.513262138482375008e-01
2.517785132980954756e+02 1.378479462562774813e+02 2.552527177495715338e-01
2.517642048110459996e+02 1.383317464312682148e+02 2.528400033559862203e-01
2.518005908932916270e+02 1.387163076959955959e+02 2.388982776599187507e-01
2.518062433329737644e+02 1.388824817518248267e+02 2.457217168266752905e-01
2.517688013136288987e+02 1.389336929032876640e+02 2.422578595999184958e-01
2.517915177447772521e+02 1.389723586590437776e+02 2.594417077175698028e-01
2.517996488200112708e+02 1.392953219948940955e+02 2.432538683734253859e-01
2.518368595160188477e+02 1.395373221626934139e+02 2.502762695815804461e-01
2.518080807354404271e+02 1.397200508192202051e+02 2.472786547289441694e-01
2.518579339110423803e+02 1.403303189385494818e+02 2.459889971593973712e-01
2.519171323097575339e+02 1.407380209269713305e+02 2.625591792216508957e-01
2.518273285150959566e+02 1.407063488068270374e+02 2.452770486498148106e-01
2.517936440017738846e+02 1.404054343005765020e+02 2.318435151558735641e-01
2.517518991286421510e+02 1.400174918797118551e+02 2.328802751908717050e-01
2.517299114259345743e+02 1.397731077631153198e+02 2.261575156113288521e-01
2.516993503769491554e+02 1.396358227559838383e+02 2.274591588460201652e-01
2.517272769767358227e+02 1.397280943990986657e+02 2.292749871154099728e-01
2.517704133855908424e+02 1.401476681888461542e+02 2.395718720410389135e-01
2.518653170807714048e+02 1.407709000035956990e+02 2.466194431459973746e-01
2.518853031773998339e+02 1.413270084978366015e+02 2.451116464708208986e-01
2.519059652655424202e+02 1.418562846835185098e+02 2.536694113839847442e-01
2.519640849543945365e+02 1.423282154543166484e+02 2.539067275538455792e-01
2.519491783826543383e+02 1.429236764829264246e+02 2.577469346661392935e-01
2.517562631093212531e+02 1.436472187264032243e+02 2.033440005753119340e-01
2.517956204379562166e+02 1.442459302674001833e+02 2.193916076372658397e-01
2.518696834585835234e+02 1.448472331092013974e+02 2.129924610166241128e-01
2.519461735764026287e+02 1.454275118957726534e+02 2.248774465738976047e-01
2.520277887646375063e+02 1.460995781045869251e+02 2.449162801289657687e-01
2.519677190080663536e+02 1.460440401280069125e+02 2.348015773135330164e-01
2.518194275646326901e+02 1.450691764649479296e+02 2.165018637709299754e-01
2.516289345942253135e+02 1.429449186772619953e+02 2.061054978246017744e-01
2.515719187851329934e+02 1.405384512123500258e+02 2.129109584936416111e-01
2.515416346050124048e+02 1.403166444931861463e+02 2.110735560269917099e-01
2.516059197200148674e+02 1.403461136480769085e+02 2.321359653853990734e-01
2.516742104443086134e+02 1.403733187108218488e+02 2.275250800043148447e-01
2.516623769971114655e+02 1.403450229525487600e+02 2.298143420469118958e-01
2.516732791581268884e+02 1.401876343892704426e+02 2.222657701389138540e-01
2.516891781429410457e+02 1.401087615212206288e+02 2.313101530569438846e-01
2.517037179533278106e+02 1.401053875564824409e+02 2.288087447412894271e-01
2.516955736938621442e+02 1.401703258902352900e+02 2.389210504236932708e-01
2.517054331020100051e+02 1.401069684657149992e+02 2.335538695719918956e-01
2.517084594824589772e+02 1.404139956611892046e+02 2.428056044970215710e-01
2.517796447448851040e+02 1.409153488427840273e+02 2.389929644145601939e-01
2.518543382114990550e+02 1.414311483465774870e+02 2.356249925089592967e-01
2.518414524229022220e+02 1.417079812544197068e+02 2.338139585056272785e-01
2.518145398103867763e+02 1.416345930267400206e+02 2.373401411911353898e-01
2.517228506705979783e+02 1.409097215729987056e+02 2.213212997255282755e-01
2.516512626898229712e+02 1.401050076108973599e+02 2.089125406014406827e-01
2.516130859492047591e+02 1.395847782052665025e+02 2.182457780494528599e-01
2.515815816283724757e+02 1.392448455647046046e+02 2.188174942768448816e-01
2.516271427372861922e+02 1.391633418431555924e+02 2.261742955425311286e-01
2.516852720146704598e+02 1.392929704073927724e+02 2.418227799551736223e-01
2.516950403317632095e+02 1.396464408567353530e+02 2.329018493881317986e-01
2.517021226612970963e+02 1.396728812340440697e+02 2.372274759387772158e-01
2.516626838301391444e+02 1.394874593985593094e+02 2.337768029436793626e-01
2.516938022125537771e+02 1.395979828125561824e+02 2.376625555835221171e-01
2.517455802859779794e+02 1.400611748348974572e+02 2.227835508731557113e-01
2.517859551975836894e+02 1.403403353589107496e+02 2.315330864286313517e-01
2.517975693071086880e+02 1.403778996320400836e+02 2.422626538659762852e-01
2.517307636067263559e+02 1.399950463245957906e+02 2.360672635527908680e-01
2.516599654812843880e+02 1.393230939796004009e+02 2.274100176189277622e-01
2.515493413877003093e+02 1.373369577984730370e+02 2.164611125094387245e-01
2.515955904737933508e+02 1.347298083492143519e+02 2.105797466230388548e-01
2.515663502451068609e+02 1.333725384440209609e+02 2.270971917586566413e-01
2.515743314995265791e+02 1.330497225318518986e+02 2.321671281147747179e-01
2.516323325302937803e+02 1.331831541476394136e+02 2.538851533565855134e-01
2.516893111838241452e+02 1.335031366485683009e+02 2.595040331763211472e-01
2.518527501108673903e+02 1.342359498040343624e+02 2.791401483825344809e-01
2.518415147483609644e+02 1.344277204463461715e+02 2.760862009037191589e-01
2.518085877290760379e+02 1.346325518679659012e+02 2.739671353061738368e-01
2.517722196253281197e+02 1.346936499946064600e+02 2.503865377009097393e-01
2.517388874905612965e+02 1.346562031809955329e+02 2.562415351239917261e-01
2.517623458343820744e+02 1.347284755432502834e+02 2.612215789915261488e-01
2.517976687881293856e+02 1.348037323361259894e+02 2.554780482542878817e-01
2.518088981578032701e+02 1.351542974602375580e+02 2.729555451679790967e-01
2.518534644565100109e+02 1.355515767142497623e+02 2.613438327759999291e-01
2.518219613342442358e+02 1.356968669471312410e+02 2.582898852971845516e-01
2.517408878980739075e+02 1.355200819819496019e+02 2.615439933839128206e-01
2.517391571680270488e+02 1.353168913978881278e+02 2.490501360372993911e-01
2.517839931441995418e+02 1.352536718085170264e+02 2.573454148837989730e-01
2.517969604353193631e+02 1.355687126197068437e+02 2.566526434384476252e-01
2.518749271870842392e+02 1.359741193532535135e+02 2.587777018685651909e-01
2.518460417340860431e+02 1.361210995649203426e+02 2.552371363848836561e-01
2.517153500413505469e+02 1.362620090371915182e+02 2.315330864286313517e-01
2.517286697110256171e+02 1.363706530988937118e+02 2.337252645835580511e-01
2.517506310452698699e+02 1.364920331283784662e+02 2.317751968645500038e-01
2.517918173864058531e+02 1.368882132968969074e+02 2.458403749116057080e-01
2.518702731533086308e+02 1.372151750506394308e+02 2.663706207375978186e-01
2.518977778576822004e+02 1.374288890486977550e+02 2.602471444152793523e-01
2.518234966979492526e+02 1.372588987570865129e+02 2.423022065609531095e-01
2.517929224647321860e+02 1.371072069804513660e+02 2.355087315570577600e-01
2.516431088418251818e+02 1.358194191746671038e+02 2.258854410125489820e-01
2.515479989932041178e+02 1.335228698476622071e+02 2.356537581053060604e-01
2.515116236980571216e+02 1.321368055805257029e+02 2.385698704349597798e-01
2.515401747509978065e+02 1.316638092840962315e+02 2.400548943463617635e-01
2.515637529514700361e+02 1.317122972924382509e+02 2.563709803075521765e-01
2.516191542914673960e+02 1.318774861265926006e+02 2.591684345522755062e-01
2.516264667457720634e+02 1.319416609734757344e+02 2.583318351251902567e-01
2.516034674529263100e+02 1.317431951386142259e+02 2.536022916591756382e-01
2.516388826962952407e+02 1.318465115721596987e+02 2.659175625951362143e-01
2.516670933563458163e+02 1.319119377224839127e+02 2.582527297352366635e-01
2.516413637289801386e+02 1.316922009276904930e+02 2.530964965900782682e-01
2.516468795320796232e+02 1.317267484089029494e+02 2.478647537545096147e-01
2.516763187228075083e+02 1.318850346985005899e+02 2.612000047942660830e-01
2.516684669135713648e+02 1.320277420205434282e+02 2.640382103004806358e-01
2.517233348914697899e+02 1.323092421463929043e+02 2.632950990615224307e-01
2.517308463078158525e+02 1.325580202078314471e+02 2.641664569175266597e-01
2.517648352570325869e+02 1.327572483309961342e+02 2.571284743446837773e-01
2.518267591960015750e+02 1.330954250716143576e+02 2.696295230903839046e-01
2.518251950667002177e+02 1.335420349262282400e+02 2.755228746419282615e-01
2.518220080783383139e+02 1.339312154663022909e+02 2.793259261922740322e-01
2.518256493234092090e+02 1.340998178178898002e+02 2.701029568635911482e-01
2.518028154327424488e+02 1.341975153716155376e+02 2.707897354763702524e-01
2.518559526805940152e+02 1.347425359270312697e+02 2.657857202785468553e-01
2.518933970970718974e+02 1.354328095597665254e+02 2.708496638020926883e-01
2.518605779487732548e+02 1.358514388791005842e+02 2.655939496362350605e-01
2.518660637877098907e+02 1.365468711421140426e+02 2.743578679898840966e-01
2.518659007826639424e+02 1.369821641316984824e+02 2.720146704541368532e-01
2.518252166408974801e+02 1.369687545695348376e+02 2.586746251483226233e-01
2.516751752903527404e+02 1.357401987223281026e+02 2.368187647573501975e-01
2.515963180036676192e+02 1.334040463605527691e+02 2.259525607373581157e-01
2.515318962520825039e+02 1.316269581580429815e+02 2.285534500737118335e-01
2.515502702767490177e+02 1.311616554600697668e+02 2.375462946316205803e-01
2.516006256517205486e+02 1.313034123188666342e+02 2.469993887310776293e-01
2.516466098546138710e+02 1.313540361727374091e+02 2.553809643666175022e-01
2.516663094938453469e+02 1.316261059772511999e+02 2.600254096101063395e-01
2.517482446993395797e+02 1.320241163568372258e+02 2.640849543945441025e-01
2.517264679443385660e+02 1.323007850610669607e+02 2.562355422914194825e-01
2.517394616039217112e+02 1.322419666079369165e+02 2.514376805340812204e-01
2.516990315582563369e+02 1.320106948090084131e+02 2.550082101806239732e-01
2.516794589670753908e+02 1.320424208646458908e+02 2.563446118442342936e-01
2.517367408579339099e+02 1.325462107319645781e+02 2.658036987762635861e-01
2.517606594512962488e+02 1.329991262450109559e+02 2.681361092133807689e-01
2.517719271750985683e+02 1.333795692351947082e+02 2.709910946507976259e-01
2.517679143744082069e+02 1.336337995757074566e+02 2.794481799767478125e-01
2.517790946028549968e+02 1.338130140352138824e+02 2.791880910431124296e-01
2.518318219409586050e+02 1.341943883115793597e+02 2.724221830690494173e-01
2.518450001797849893e+02 1.346042824781561364e+02 2.758021406397948017e-01
2.518454472450948742e+02 1.348291886903263617e+02 2.744010163844042283e-01
2.518011901765488574e+02 1.348528723646518870e+02 2.663178838109621083e-01
2.518771301523377986e+02 1.353103316433545444e+02 2.673019069193244834e-01
2.518447185166540692e+02 1.355490525331703395e+02 2.651325015281723041e-01
2.518529370872436459e+02 1.361075605575731515e+02 2.684800978030275620e-01
2.517051993815396713e+02 1.370071350664605063e+02 2.232282190500161911e-01
2.517367983891265908e+02 1.374237663754149992e+02 2.307923723227020552e-01
2.517383337528316076e+02 1.373379945585080293e+02 2.433485551280668291e-01
2.516047451248307141e+02 1.361144223508683524e+02 2.272278355087315460e-01
2.514511967686646869e+02 1.342885297184567150e+02 2.070679467357041115e-01
2.514453621468723270e+02 1.333793570889216369e+02 2.191027531072836931e-01
2.514455862788105378e+02 1.333688708304867419e+02 2.211511032804765464e-01
2.515386357915932649e+02 1.339372346673378615e+02 2.402155022592978861e-01
2.516876475735020904e+02 1.343983459782100738e+02 2.563709803075521765e-01
2.517350257092517438e+02 1.349055769299917245e+02 2.562475279565639696e-01
2.517972852468447797e+02 1.354883715076768169e+02 2.655723754389749947e-01
2.517765704217755456e+02 1.356543226301343452e+02 2.572219625328107662e-01
2.517755001018781513e+02 1.356521304519794455e+02 2.609674828904630095e-01
2.517741073675883570e+02 1.356545875133340644e+02 2.457504824230220541e-01
2.517666355039372945e+02 1.355472271163688163e+02 2.378770989896084320e-01
2.518261742955425291e+02 1.359854841609435141e+02 2.541092852947874348e-01
2.518799204151834488e+02 1.369477532870686787e+02 2.617369625927390975e-01
2.519328563038605751e+02 1.378357891961214250e+02 2.714477484928026207e-01
2.519811837042896627e+02 1.386827945776850868e+02 2.880670717821485760e-01
2.519761557177615430e+02 1.395000347584289102e+02 2.928469550417700518e-01
2.519338271427373002e+02 1.397194671173276674e+02 2.671053420109548715e-01
2.519058106504620582e+02 1.400011350424891816e+02 2.727266189637194138e-01
2.518822204643246607e+02 1.404929811944913922e+02 2.678544460824853202e-01
2.519378303548955387e+02 1.413162309877386633e+02 2.635000539354931393e-01
2.519573022664892790e+02 1.420571368643102801e+02 2.507544976208454512e-01
2.519268430956576026e+02 1.429231107595315962e+02 2.531827933791185870e-01
2.519579015497465093e+02 1.434139249457648759e+02 2.544652595495787151e-01
2.518954670214423572e+02 1.435603406326034133e+02 2.474752196373137814e-01
2.518027315330864155e+02 1.429122493497776532e+02 2.288075461747749728e-01
2.516919456330228968e+02 1.413777797753886318e+02 2.294595663586350698e-01
2.516136372898014031e+02 1.401534560665444076e+02 2.182289981182505834e-01
2.516008713578559934e+02 1.396377344695743830e+02 2.212733570649503267e-01
2.516719187851329878e+02 1.400664305490633126e+02 2.349430081622379540e-01
2.517872124938573393e+02 1.406747174379442242e+02 2.443301811034003235e-01
2.518452458859204341e+02 1.415706315246964664e+02 2.357256720961729834e-01
2.518787014730382339e+02 1.420713207004422713e+02 2.466637901070319883e-01
2.518268347056919936e+02 1.420886747450049654e+02 2.446010571356657393e-01
2.518205662028214249e+02 1.420352222741601054e+02 2.406565747366150032e-01
2.517744142006160644e+02 1.419982956384164652e+02 2.328203468651492691e-01
2.517809667637505413e+02 1.420332770007071588e+02 2.331092013951314157e-01
2.517924789951218258e+02 1.418576462550789188e+02 2.349250296645212233e-01
2.517323457145254224e+02 1.416217983291982705e+02 2.373557225558232397e-01
2.516911162249949143e+02 1.411394939652176106e+02 2.314503853391343957e-01
2.516442894298419048e+02 1.406673414596143061e+02 2.312813874605971209e-01
2.516377644337372601e+02 1.403739563482075425e+02 2.195845768460920611e-01
2.516451931489937976e+02 1.397031869883619208e+02 2.300288854529982108e-01
2.515705188594440926e+02 1.392986504141047419e+02 2.256864789711505170e-01
2.515975597185765764e+02 1.391157635467980356e+02 2.327184687114211281e-01
2.515769156089317278e+02 1.387431543873527175e+02 2.274016276533266101e-01
2.515239785216880648e+02 1.380149485215682148e+02 2.196492994378723140e-01
2.515386861313868678e+02 1.362974182877278793e+02 2.237040499562523155e-01
2.515313892584468931e+02 1.337009636474776073e+02 2.297831793175362236e-01
2.515676458955089743e+02 1.313674756990639310e+02 2.379981542075677581e-01
2.515526722040439722e+02 1.298515707214171755e+02 2.431711672839284299e-01
2.515826855081322719e+02 1.296436062469286696e+02 2.404576126952165105e-01
2.516514568575983049e+02 1.299818549015377585e+02 2.538563877602387775e-01
2.517141299006388238e+02 1.304826363669051830e+02 2.733726463150072394e-01
2.517733486749847316e+02 1.381148861961094667e+02 2.503529778385051308e-01
2.517347608260520531e+02 1.379613546198746405e+02 2.339865520837078883e-01
2.516821593374324380e+02 1.375184447400908425e+02 2.343005765104934635e-01
2.517070032241439321e+02 1.370295482602807056e+02 2.274483717473901323e-01
2.517020903000012026e+02 1.367276413409562110e+02 2.346901106276892968e-01
2.516272266369422255e+02 1.363521592175757746e+02 2.289190128606186925e-01
2.515547061714189852e+02 1.357908549374947427e+02 2.303980439394484325e-01
2.514423058022605062e+02 1.350317907782292366e+02 2.099385135378087908e-01
2.514094327184687074e+02 1.343575036256636963e+02 2.153572327496314498e-01
2.513737406062349464e+02 1.338060395766663078e+02 2.133400453058142410e-01
2.514777270384620067e+02 1.333027614972492927e+02 2.262833650953459674e-01
2.514951398127839184e+02 1.330162429734038199e+02 2.291910874593985625e-01
2.516008246137619437e+02 1.331845217120324207e+02 2.463509642467608673e-01
2.515879939592247752e+02 1.329154675008689708e+02 2.543561899967638484e-01
2.515244986995553234e+02 1.318980595208131206e+02 2.515155873575203871e-01
2.515149940670957562e+02 1.299259417736387263e+02 2.417724401615667651e-01
2.515017187443817193e+02 1.282834094423070042e+02 2.392458619491088789e-01
2.514882564452914266e+02 1.273323349274267997e+02 2.537904666019440980e-01
2.515542123620150221e+02 1.271010679227643720e+02 2.629319334076444803e-01
2.516782292378315447e+02 1.277467404983639625e+02 2.823127539462802482e-01
2.516583114594944561e+02 1.276412498651612708e+02 2.835077247611856310e-01
2.517874126544652711e+02 1.352105449881941297e+02 2.626526674097778846e-01
2.516808013615715538e+02 1.344153032972564858e+02 2.516450325410808930e-01
2.515884050675392132e+02 1.330061738161159326e+02 2.427025277767789757e-01
2.515417101147028234e+02 1.321641233085230169e+02 2.528519890211307075e-01
2.515994270852060879e+02 1.320396509774309948e+02 2.553869571991897458e-01
2.516574197260077028e+02 1.323565687437824465e+02 2.727853487229273677e-01
2.516997039540709409e+02 1.328787781812951607e+02 2.723574604772691643e-01
2.518167032229453639e+02 1.336992185346325925e+02 2.905421116344851784e-01
2.518765392590461829e+02 1.341731748828401294e+02 2.901549746503181981e-01
2.518615847446453984e+02 1.342892860139273523e+02 2.868313497057519146e-01
2.518622283748636619e+02 1.344621396809415899e+02 2.816535423633334534e-01
2.518881557657042265e+02 1.348567952728536739e+02 2.852168806107894805e-01
2.518355398942864269e+02 1.349194287631992211e+02 2.821365646686562756e-01
2.517595220116740506e+02 1.344101914110723612e+02 2.743842364532019795e-01
2.516064506849807572e+02 1.327676662711397171e+02 2.566814090347943611e-01
2.515234727266189623e+02 1.306735680126568582e+02 2.575443769251974380e-01
2.515105162225977722e+02 1.294390325171095242e+02 2.585068258362998028e-01
2.515431447988206060e+02 1.290300288854529924e+02 2.696714729183896098e-01
2.515842879915620927e+02 1.294884614001653915e+02 2.761497249289849298e-01
2.516742511955700934e+02 1.301402754305850067e+02 2.845396905301259549e-01
2.516849184375487027e+02 1.303850646626634671e+02 2.751561132885069205e-01
2.516683242841561423e+02 1.302610346026152683e+02 2.596694353553150592e-01
2.516482351108074624e+02 1.298299617657281999e+02 2.683830139153572381e-01
2.516164970695048737e+02 1.293412846235901839e+02 2.760178826123955709e-01
2.515829408027998397e+02 1.288616578572027720e+02 2.793894502175398031e-01
2.515975717042417159e+02 1.288306904941689766e+02 2.817470305514604423e-01
2.516469586374695950e+02 1.293083791785025198e+02 2.763402970047822982e-01
2.517042225498304049e+02 1.300183320748384972e+02 2.856855201179389625e-01
2.517991909676027547e+02 1.306216353241523223e+02 2.954478443781237695e-01
2.517978905229345798e+02 1.310102980834921311e+02 2.930051658216772936e-01
2.517613606127071932e+02 1.309338702911317966e+02 2.896383924825908229e-01
2.517363501252501976e+02 1.309332614193424718e+02 2.787709898960842869e-01
2.517602495415483190e+02 1.310534428823127655e+02 2.798940467201227467e-01
2.517403257703786323e+02 1.309147711337240594e+02 2.714944925868660874e-01
2.517862752148430445e+02 1.310551951865568867e+02 2.751069720614145453e-01
2.517623278558843651e+02 1.311933155945489204e+02 2.757182409837833914e-01
2.516992832572243515e+02 1.306584349118454327e+02 2.731640957414931958e-01
2.515727230232641887e+02 1.291461292294415841e+02 2.581963971090575627e-01
2.515443445639015749e+02 1.267811872999892131e+02 2.666762551987822416e-01
2.514945549123248725e+02 1.246583318351251961e+02 2.550681385063464091e-01
2.515086896072297407e+02 1.239171347068905646e+02 2.606702383948797386e-01
2.515784329941390070e+02 1.240427025277767825e+02 2.852024978126160848e-01
2.516511584145362121e+02 1.323959488451811524e+02 2.459542387304783362e-01
2.517403281675116489e+02 1.328892033128378500e+02 2.730813946519962121e-01
2.517683590425850753e+02 1.329655555955077659e+02 2.671508875385039672e-01
2.517328371267963405e+02 1.328106049165198499e+02 2.646926276173696135e-01
2.516412738364915640e+02 1.323749859168434568e+02 2.570577589203312807e-01
2.516481763810482732e+02 1.321676147327795832e+02 2.479354691788620835e-01
2.516502798652811350e+02 1.322767298311219690e+02 2.551568324284156364e-01
2.516386537700909685e+02 1.320408579339110418e+02 2.624992508959284598e-01
2.516736111610513831e+02 1.322978821329689652e+02 2.723514676446969207e-01
2.517608692004362752e+02 1.331101854182397801e+02 2.791269641508755672e-01
2.517540661369002635e+02 1.332683278798556898e+02 2.632735248642623649e-01
2.517736375295147013e+02 1.335962424939772006e+02 2.714777126556638387e-01
2.518528124363261611e+02 1.344811573358263388e+02 2.854506010811069805e-01
2.518946603861781171e+02 1.355864681840518813e+02 2.888725084798580700e-01
2.519202605683602485e+02 1.363725636139177482e+02 3.045641412870207509e-01
2.518788740666163335e+02 1.369918617333669033e+02 2.896935265422554417e-01
2.518508455886759521e+02 1.376502546953843193e+02 2.763127299749499333e-01
2.518810710390373231e+02 1.382412870207232061e+02 2.834801577313533216e-01
2.519192142197931332e+02 1.387717330073232347e+02 2.895484999940071691e-01
2.519285055074131208e+02 1.394540217899392189e+02 2.892680354296261469e-01
2.519042321383625165e+02 1.397232677717449860e+02 2.938777222441959491e-01
2.518958289885297290e+02 1.399836947011374377e+02 2.909664041805999912e-01
2.519142988985173872e+02 1.405672323900614913e+02 2.835616602543358233e-01
2.518714261742955500e+02 1.403875828509103201e+02 2.839559886375894182e-01
2.518178502510996850e+02 1.400917742380113395e+02 2.709311663250751900e-01
2.517854314240168776e+02 1.399973823307324494e+02 2.492371124135533966e-01
2.517445411288099422e+02 1.396303177399829849e+02 2.443481596011170542e-01
2.517310860211187560e+02 1.392360468879220434e+02 2.435930626970143620e-01
2.517068150492011682e+02 1.389067802907722466e+02 2.430537077655124389e-01
2.516392842160775842e+02 1.384480721057614971e+02 2.367001066724197800e-01
2.515459830043268141e+02 1.372950307432311092e+02 2.382882073040643311e-01
2.515117459518415899e+02 1.363303501012788672e+02 2.373497297232509962e-01
2.515596418683254853e+02 1.362372250788057499e+02 2.364603933695300364e-01
2.515081766207615601e+02 1.350383589227284062e+02 2.389558088526122781e-01
2.515344276245610331e+02 1.318692208119089457e+02 2.479678304747522100e-01
2.516403449474428555e+02 1.265230748025361720e+02 2.810878189685136475e-01
2.515574269174067865e+02 1.237335898265674246e+02 2.629966559994246778e-01
2.516395251279469676e+02 1.246764493665575912e+02 2.786571260772116587e-01
2.517937806383565373e+02 1.270573106564548738e+02 2.956731748828401174e-01
2.518576858077738905e+02 1.304779955173612223e+02 3.147723322905804921e-01
2.518047283448995017e+02 1.395014298898517495e+02 2.894873731017703067e-01
2.518532331331727221e+02 1.399555811249745432e+02 2.939208706387160808e-01
2.518243512758740508e+02 1.401786391475795028e+02 2.837630194287631968e-01
2.517349789651576657e+02 1.397255834022509191e+02 2.647993000371555716e-01
2.516648484412642404e+02 1.386355926312130578e+02 2.532079632759219878e-01
2.515892200927690396e+02 1.374845133220668174e+02 2.436745652199968915e-01
2.515667241978593722e+02 1.359722052425299239e+02 2.500569319094363419e-01
2.515206572938765248e+02 1.348178382654345455e+02 2.467956324236213472e-01
2.515614373209641315e+02 1.345217599750698128e+02 2.674445363345439031e-01
2.516235686119401294e+02 1.350343581077031843e+02 2.738976184483357668e-01
2.516722435966584044e+02 1.356382486546091002e+02 2.688768233193101209e-01
2.518306617285726361e+02 1.366549135234259893e+02 2.832500329605791567e-01
2.518950043747677796e+02 1.379021574197259952e+02 2.891278031474356913e-01
2.519210468279937061e+02 1.388122613354427983e+02 2.959260724173888302e-01
2.519152170004674360e+02 1.389396941258255254e+02 2.815061186820562722e-01
2.517742859539990263e+02 1.381232881473757459e+02 2.664904773890426903e-01
2.515995301619263387e+02 1.363862644277444076e+02 2.548428080016300612e-01
2.515596358754929156e+02 1.355875648724125995e+02 2.420421176273177266e-01
2.516596910095525743e+02 1.358268502870566863e+02 2.556266705020794894e-01
2.516906008413936888e+02 1.362310093128618291e+02 2.700010787098630072e-01
2.516740090851341733e+02 1.362449450457253022e+02 2.537628995721117331e-01
2.517498160200400434e+02 1.366205302458259894e+02 2.646950247503985221e-01
2.518211786703103030e+02 1.372374120551820056e+02 2.697505783083432029e-01
2.519314491867726247e+02 1.380590629606990092e+02 2.757769707429914008e-01
2.520382510517421224e+02 1.389671520861050169e+02 2.795848165593949886e-01
2.520416837462394994e+02 1.393399697961238246e+02 2.985269617537425479e-01
2.519875265182841417e+02 1.392492526937782316e+02 2.983699495403497326e-01
2.518541116824278276e+02 1.382445866743374836e+02 2.861745352558340283e-01
2.516334424028861463e+02 1.362680126568623962e+02 2.403413517433150015e-01
2.515067491280428555e+02 1.351032924622151938e+02 2.471240396485802904e-01
2.514976148526362465e+02 1.345004746323397171e+02 2.503445878729040341e-01
2.515491735883882995e+02 1.344291719103951550e+02 2.660625891433844870e-01
2.515736183524504668e+02 1.345022652907123017e+02 2.619682859300276889e-01
2.515877063032613137e+02 1.344517792719906879e+02 2.651996212529814101e-01
2.515776850886339844e+02 1.339491891697529695e+02 2.691776635144367269e-01
2.515592331571440639e+02 1.336299689571272893e+02 2.624525068018649931e-01
2.515399230520297635e+02 1.333067131710474200e+02 2.609758728560641616e-01
2.515924981721860547e+02 1.332119401196169406e+02 2.792480193688348655e-01
2.516446525954957849e+02 1.334293480996727794e+02 2.743494780242829445e-01
2.517460932724461600e+02 1.343389042704924918e+02 2.831301763091342849e-01
2.518629918617333772e+02 1.357562990663166715e+02 2.940479186892476782e-01
2.518019488691524828e+02 1.357570781345510795e+02 2.890678748217132554e-01
2.516164766938741195e+02 1.331828341303800585e+02 2.691009552575120423e-01
2.514438135989356624e+02 1.313300912109117462e+02 2.477628756007814737e-01
2.515085481763810549e+02 1.314873083791785007e+02 2.601500605276089728e-01
2.516398331595411832e+02 1.320086033104407193e+02 2.866287919648101146e-01
2.516373856867186873e+02 1.318894214519434627e+02 2.741121618544221095e-01
2.516009240947826413e+02 1.312090407872184983e+02 2.636666546810015332e-01
2.515581688300792393e+02 1.306187827358479296e+02 2.643570289933239725e-01
2.516137907063152568e+02 1.305898385530905159e+02 2.605563745760071104e-01
2.516112785109009735e+02 1.308739539510745260e+02 2.765045006172617281e-01
2.516441827574221293e+02 1.310197955245526487e+02 2.944877926000503132e-01
2.515734469574389038e+02 1.300273944362542409e+02 2.737010535399662103e-01
2.515102501408315732e+02 1.285279469754173931e+02 2.687761437320964064e-01
2.515325195066700132e+02 1.284309949300636333e+02 2.810974075006292261e-01
2.516865101338798922e+02 1.294207280093008876e+02 2.963359821653302473e-01
2.518458008222166313e+02 1.312726894634017754e+02 3.025469538432035144e-01
2.518311651265086937e+02 1.315681361092133841e+02 3.198746299425886397e-01
2.517011326453561537e+02 1.307739359725767940e+02 2.882696295230903760e-01
2.515604640849543898e+02 1.287217467908381536e+02 2.724545443649395438e-01
2.514623170687857225e+02 1.270247000587297634e+02 2.728596598468231993e-01
2.515062445315402897e+02 1.265337240660170437e+02 2.831038078458164020e-01
2.515813934534297118e+02 1.269932820346865157e+02 2.879484136972181307e-01
2.516528196277252505e+02 1.274459889971594038e+02 2.878237627797154419e-01
2.517661572758980242e+02 1.357896335982165397e+02 2.905564944326585186e-01
2.517922896216125537e+02 1.358990483381875265e+02 2.842700130643749934e-01
2.517437860319058416e+02 1.360147807222561767e+02 2.797334388071865963e-01
2.516727997315211098e+02 1.357136468783335204e+02 2.854925509091126856e-01
2.516358766914769944e+02 1.353308211379190595e+02 2.832332530293768524e-01
2.516869787733870396e+02 1.354700418299713647e+02 2.821389618016851841e-01
2.517172869248379072e+02 1.357945477209257774e+02 2.801397528555847338e-01
2.517537521124734781e+02 1.361442091258854532e+02 2.698452650629846739e-01
2.517657293876523568e+02 1.362776719044023253e+02 2.635743650593889709e-01
2.517978677501708091e+02 1.366673786151762613e+02 2.822935768820490909e-01
2.518804441887502605e+02 1.380100511787901780e+02 3.036987762635887655e-01
2.519686419042824923e+02 1.398739323768772636e+02 2.992185346325794137e-01
2.519421368043819598e+02 1.406397109057567150e+02 2.773111358814857597e-01
2.517533242242278106e+02 1.396500856975057729e+02 2.677645535939016663e-01
2.517143168770150794e+02 1.391803447077295459e+02 2.473613558184411532e-01
2.517789867318686845e+02 1.397455862788105492e+02 2.506130667721405136e-01
2.517374827706063627e+02 1.405485719079980242e+02 2.368511260532403240e-01
2.517679023887430674e+02 1.410699507389162477e+02 2.492071482506921787e-01
2.518348794841369624e+02 1.416648951853583185e+02 2.574616758357005097e-01
2.519051298646818395e+02 1.421680677909220663e+02 2.614828664916759582e-01
2.519839092445435256e+02 1.428064171251183723e+02 2.688049093284431978e-01
2.520694880922416701e+02 1.434045653398535478e+02 2.737897474620353822e-01
2.520577469346661417e+02 1.432513585751441383e+02 2.829240228686490943e-01
2.518416729591408796e+02 1.419482902448671382e+02 2.559287092637205774e-01
2.516709839032517095e+02 1.399302662016228567e+02 2.341615427948174066e-01
2.515481572039840330e+02 1.387903767094555008e+02 2.447352965852840068e-01
2.515661980271595155e+02 1.386987319166277075e+02 2.431531887862116992e-01
2.516367720206632725e+02 1.392711205398343566e+02 2.534476765788117314e-01
2.517056584325147242e+02 1.398515647285846057e+02 2.492359138470389424e-01
2.517654177603586163e+02 1.403157120084379130e+02 2.613114714801098026e-01
2.518187311974878071e+02 1.407183260820059161e+02 2.718324883439406370e-01
2.518074514880203196e+02 1.409056955880766679e+02 2.654321431567844836e-01
2.517819963323864556e+02 1.408140807594117518e+02 2.641880311147867255e-01
2.517568611940119752e+02 1.407048422087183610e+02 2.589874510085937165e-01
2.517016767945537197e+02 1.402043819591768283e+02 2.528723646518763468e-01
2.516826064027423229e+02 1.400315474692268083e+02 2.607673222825500625e-01
2.517372274759387665e+02 1.403465978689487486e+02 2.709539390888497379e-01
2.518200903719151995e+02 1.409031773998298149e+02 2.824661704601296730e-01
2.518375271175673902e+02 1.415031270600362063e+02 2.670909592127815313e-01
2.518718708424723900e+02 1.417413301691177310e+02 2.629007706782687803e-01
2.518507305262905618e+02 1.417363968693442757e+02 2.700406314048398038e-01
2.518309421931370196e+02 1.420164958709383711e+02 2.595208131075233959e-01
2.518881509714381650e+02 1.423372550429686214e+02 2.748217132309757615e-01
2.519418922968130232e+02 1.428138062876799381e+02 2.795788237268227450e-01
2.519351299845384915e+02 1.431025972936368191e+02 2.796842975800942210e-01
2.518764409765919936e+02 1.431589922452746464e+02 2.641796411491855734e-01
2.518960878788968500e+02 1.433504296860954241e+02 2.671197248091282672e-01
2.518810183021106752e+02 1.437302374360264992e+02 2.777234427624560853e-01
2.519833591025133899e+02 1.445099409106708492e+02 2.670921577792959578e-01
2.520101386741457077e+02 1.451497153404528149e+02 2.747210336437620470e-01
2.518846631428811236e+02 1.448646135222274154e+02 2.609219373629139693e-01
2.517294775448563655e+02 1.433015725192669549e+02 2.561672240000958944e-01
2.516042848752891530e+02 1.416820322893819082e+02 2.442378914817877888e-01
2.515659918737190424e+02 1.413231778792564057e+02 2.347452446873539156e-01
2.516422902208958021e+02 1.414368523246197640e+02 2.467093356345810284e-01
2.517034686514928126e+02 1.418669890810590459e+02 2.576198866156077516e-01
2.517052401328011797e+02 1.422239905073531929e+02 2.462203204966859627e-01
2.517678832116788215e+02 1.425108410341231888e+02 2.613642084067455129e-01
2.518226313329258232e+02 1.429530293768652598e+02 2.638224683278798666e-01
2.518342993779439780e+02 1.432494780242829506e+02 2.538935433221866655e-01
2.517818872628336635e+02 1.433263325063224443e+02 2.615236177531672368e-01
2.518020411587741023e+02 1.433211570961130406e+02 2.623050831205877564e-01
2.518012285306773208e+02 1.434048350173193001e+02 2.653566334663742254e-01
2.517852624261383312e+02 1.439294775448563541e+02 2.533146356957079459e-01
2.519340920259369909e+02 1.447685352318626997e+02 2.555020195845768560e-01
2.519507185406254166e+02 1.454009145062505297e+02 2.623745999784258265e-01
2.518773830498723498e+02 1.455866419761964607e+02 2.534488751453262134e-01
2.518697973224024054e+02 1.454987798592883053e+02 2.520345666582767263e-01
