2.189067742923816695e+02 5.736943586341302082e-01 5.263457706457312213e+01
2.188274187566373428e+02 7.583270559345031137e-01 5.063560909197713755e+01
2.187615187388993832e+02 8.136257564553543986e-01 4.966764110325572545e+01
2.184685392896057863e+02 6.634530991921160359e-01 4.870723478853804522e+01
2.180439821053819855e+02 4.025632519920662733e-01 4.826149109530819459e+01
2.177698578889050225e+02 3.208568591812429038e-01 4.753972268870782614e+01
2.173872913196820207e+02 2.681140390281434582e-01 4.713825020675102451e+01
2.172225228462762914e+02 2.745043158556728091e-01 4.712487416406931828e+01
2.171919789816561774e+02 2.862735748001022928e-01 4.700478694853914874e+01
2.171505469975604399e+02 2.984805239381981279e-01 4.689544157181459383e+01
2.171854942558921095e+02 2.941347210416105362e-01 4.698536271847075341e+01
2.172157248264788620e+02 2.994365314664694799e-01 4.695809001214014700e+01
2.172924565246937902e+02 3.085082366383550267e-01 4.694581625765670196e+01
2.172630218591697258e+02 3.179266385162763386e-01 4.679077717652967294e+01
2.173338090334648598e+02 3.163958746547430589e-01 4.683098017263422719e+01
2.174036240748035596e+02 3.247235064973957308e-01 4.681097081988588116e+01
2.175554783838635160e+02 3.455494970018221923e-01 4.690600372727754319e+01
2.176030034761815841e+02 3.449977769945427042e-01 4.698960716153302286e+01
2.176925168798678669e+02 3.528036360536930816e-01 4.696964733688553650e+01
2.177128418302821729e+02 3.441730765243712908e-01 4.713104098853482071e+01
2.177425967007373799e+02 3.461104315394946118e-01 4.723292720290626079e+01
2.177757010529904562e+02 3.711555251476052475e-01 4.706706104856748851e+01
2.177852254219679082e+02 3.754817471671078044e-01 4.690615922247792469e+01
2.177777409196561962e+02 3.743241717864901341e-01 4.695599831374093469e+01
2.177459784333916275e+02 3.816220798577276696e-01 4.659004899826536672e+01
2.176807959972080084e+02 3.870886000133610949e-01 4.623652893247361817e+01
2.176212447909107937e+02 3.743667889895576084e-01 4.630086708730998168e+01
2.176291623761509584e+02 3.587758035646410604e-01 4.625770853058187271e+01
2.175962688062806194e+02 3.725952955215078855e-01 4.604379090387632090e+01
2.175630849787029035e+02 3.955774861378908436e-01 4.598010813251416096e+01
2.176510756812417640e+02 3.912086469153207569e-01 4.602805018233252099e+01
2.176313462198540947e+02 3.950660797010806524e-01 4.595710060193919588e+01
2.176360652112315961e+02 3.905014317076598296e-01 4.595709253922510129e+01
2.176436360997657289e+02 4.041896166064266605e-01 4.599068756522159873e+01
2.176092313469109456e+02 3.799991706922646317e-01 4.609498337929080236e+01
2.176015878939499828e+02 3.737021909849642110e-01 4.606425061679762933e+01
2.176136312851735966e+02 3.861176188732011738e-01 4.608443159017454605e+01
2.176278504573862449e+02 3.734948640511221996e-01 4.605569838077664713e+01
2.176156273828199801e+02 4.061534633964298258e-01 4.580052960513433646e+01
2.175965245094990337e+02 3.930169985049424275e-01 4.586334505882325629e+01
2.175926601658154880e+02 4.046008150252132785e-01 4.602565901169554508e+01
2.175997691760136661e+02 4.009276728473129547e-01 4.588252855928513441e+01
2.176432905548759891e+02 4.035065895410472891e-01 4.593381318000354696e+01
2.177626705551984969e+02 4.257228223185140492e-01 4.597604106916195832e+01
2.177999744296781728e+02 4.178006298131523577e-01 4.596166985719781195e+01
2.178349193843772298e+02 4.181438710702907180e-01 4.586181429496172512e+01
2.178801788540349378e+02 4.150973169591128387e-01 4.611999967749143536e+01
2.179035169558877385e+02 4.010244254164391786e-01 4.624551079597416958e+01
2.179643052128901957e+02 4.007249531786674646e-01 4.639125702319988420e+01
2.180239151618186781e+02 3.975436365604922417e-01 4.642056038166585097e+01
2.179797890793992963e+02 4.355558780641193284e-01 4.631745209020103715e+01
2.180080235523396937e+02 4.337521337396941234e-01 4.611930052499786825e+01
2.180328267645249696e+02 4.489745379488915833e-01 4.618975367256626896e+01
2.180403331513463456e+02 4.328168589048069781e-01 4.621697800261232203e+01
2.180593289057514710e+02 4.484297288394068493e-01 4.608743783071525257e+01
2.180637253885652171e+02 4.686360421749056204e-01 4.599325726738494069e+01
2.180954291321985750e+02 4.494640598760185068e-01 4.592201397383534101e+01
2.180956928981310625e+02 4.676777310140360355e-01 4.579319714257412244e+01
2.181125681587294878e+02 4.737938755623742892e-01 4.554499224827630854e+01
2.181565514159277654e+02 4.934496207068926887e-01 4.528249101007378385e+01
2.194160314399777008e+02 2.668078793449390473e-01 4.546228377528525044e+01
2.193076558925770030e+02 2.923897193484405466e-01 4.522139752175205274e+01
2.193220259527248572e+02 3.286385300981117252e-01 4.531438825884537636e+01
2.193403905117980628e+02 3.528105469514877801e-01 4.548123576067100515e+01
2.193586110938338720e+02 3.690730412787925352e-01 4.541133894037507446e+01
2.193729304740645603e+02 3.895822823009603697e-01 4.523676851026383616e+01
2.194078454815398516e+02 3.917534560248054909e-01 4.518870091246887455e+01
2.194396782285986660e+02 4.018721622125930315e-01 4.500040428752099331e+01
2.194806667634192365e+02 4.039534942651066274e-01 4.506220268741778767e+01
2.195379822942798569e+02 3.959472191699090482e-01 4.526930386526513672e+01
2.195929354499109536e+02 3.864988700682105427e-01 4.550605625010078370e+01
2.196251989762656649e+02 3.874445112497897914e-01 4.559581383884246719e+01
2.196631144652001808e+02 3.892655328187017982e-01 4.560676761184711836e+01
2.197005139404326712e+02 3.890478395381677390e-01 4.562514714453221387e+01
2.197321727632303521e+02 3.933867315369606321e-01 4.565742909994770571e+01
2.197673768765966997e+02 4.053126374980707269e-01 4.556092532314206522e+01
2.198035865255922090e+02 4.005832797738754225e-01 4.560663630478902064e+01
2.198364939172581103e+02 3.978523233286569427e-01 4.546509535887140174e+01
2.198413580374893286e+02 3.988855025489694839e-01 4.542986936099535455e+01
2.198388539888550213e+02 4.074630785285316414e-01 4.509548902664612058e+01
2.198408270501754203e+02 4.041792502597345571e-01 4.511611229748189800e+01
2.198362888939568904e+02 4.092553046899656266e-01 4.500470632139820992e+01
2.198416909123997698e+02 4.059046710758194565e-01 4.506048993658099278e+01
2.199471373909517808e+02 3.968755831070014395e-01 4.500791758524016473e+01
2.199575924274989234e+02 3.876633563466229671e-01 4.519667724034029277e+01
2.199630428222263561e+02 4.172615797851632058e-01 4.500795789881063769e+01
2.199670661165592094e+02 4.007836958099226798e-01 4.500499888273819238e+01
2.199921169692487979e+02 3.995938695729295276e-01 4.486840498782530062e+01
2.199421649999884778e+02 4.222708288700451895e-01 4.469717597679781562e+01
2.198587089982192992e+02 4.237313319373319787e-01 4.441031382386886150e+01
2.198606037360313508e+02 4.213090622602782553e-01 4.448904046791385269e+01
2.198583761233088580e+02 4.035445994789182977e-01 4.458460551443571518e+01
2.198428553986781822e+02 4.195629087508091493e-01 4.430262245534984089e+01
2.198418740511913256e+02 4.164357274986926760e-01 4.393617325160045084e+01
2.198263775147029264e+02 4.418459468736249951e-01 4.387333476158554646e+01
2.198214143382700172e+02 4.254648154675106930e-01 4.383924675821302941e+01
2.198508651292222567e+02 4.212192205889467300e-01 4.384800171390265433e+01
2.198632736462127184e+02 4.363725158201968712e-01 4.395320170376666624e+01
2.198962674241010689e+02 4.102136158508351560e-01 4.406840176273966136e+01
2.198780687265749236e+02 4.292301029493408304e-01 4.396185414780567413e+01
2.198189229596150085e+02 4.270301338180176320e-01 4.369110936035033887e+01
2.197845170549439331e+02 4.354015346800369501e-01 4.369037104610259803e+01
2.197126540842254201e+02 3.994648661474278772e-01 4.367885749037657206e+01
2.196753087443589720e+02 4.004369991038869148e-01 4.371016846465190753e+01
2.196057378880757085e+02 3.806004188004063482e-01 4.355328647744628512e+01
2.195943302994492115e+02 3.962731831825606066e-01 4.337627419678090490e+01
2.195409747130249798e+02 3.835594348728509906e-01 4.347623342248391509e+01
2.195472889699767620e+02 4.004853753884500267e-01 4.352284627629308744e+01
2.195678281582227100e+02 3.825055229591542982e-01 4.362606514212261288e+01
2.195509494421753800e+02 3.736791546589817714e-01 4.370789362746114648e+01
2.195057452597000349e+02 3.938393953425156080e-01 4.368746270994731873e+01
2.194884058171330423e+02 3.778003533772405498e-01 4.379301976286406273e+01
2.194825937520876664e+02 3.873684913740477187e-01 4.382341158773269285e+01
2.194654685473523159e+02 3.640050495626553362e-01 4.400079014598119898e+01
2.194651126361158902e+02 3.722543578969677025e-01 4.412587739606585302e+01
2.193717878722958119e+02 3.776310363812696025e-01 4.390440615807066393e+01
2.193794727906435753e+02 3.759908499713197627e-01 4.369945311762117512e+01
2.193796904839240938e+02 3.930711338710011771e-01 4.362693361161215222e+01
2.193448653181201564e+02 3.849427662480966461e-01 4.347725853899013515e+01
2.193512106741119965e+02 3.937564645689788367e-01 4.344283766070716979e+01
2.198042407572501133e+02 2.888167851885638515e-01 4.367973402258020599e+01
2.197185640536562232e+02 2.955491514569324463e-01 4.383819169448302944e+01
2.196643964367411002e+02 3.263590856421491049e-01 4.387041375545096855e+01
2.196192302642036225e+02 3.471286371479185284e-01 4.363390210022183879e+01
2.195270884157227442e+02 3.486870446006307134e-01 4.344607311269140126e+01
2.193862074605445400e+02 3.357233521540116672e-01 4.327372914348636357e+01
2.192300027413227781e+02 3.431180127943754266e-01 4.285823444990405306e+01
2.191413059753925836e+02 3.501544585657122566e-01 4.260611683563811880e+01
2.189983367772640577e+02 3.653319419392440093e-01 4.221574325553966389e+01
2.189329723541051749e+02 3.540556603708387984e-01 4.215796469452679673e+01
2.188766047680587405e+02 3.544046607094727408e-01 4.217624747464276425e+01
2.188320905235465830e+02 3.533726333054593716e-01 4.205531367413274069e+01
2.187689825085176949e+02 3.562556295021619412e-01 4.174299062191169440e+01
2.187199934576834153e+02 3.578889050143170825e-01 4.159186541256907788e+01
2.186804481486856560e+02 3.656486914215025807e-01 4.140974021935189597e+01
2.186431569441852787e+02 3.677979806356643788e-01 4.117972020078461526e+01
2.186038085957746659e+02 3.660080581068286820e-01 4.103462014250271039e+01
2.185688993473808921e+02 3.715287136285208014e-01 4.073733750751560478e+01
2.184961713626217090e+02 3.475836045860717927e-01 4.055765531666885693e+01
2.184583768143986333e+02 3.651511067802818422e-01 4.028192431645462079e+01
2.184237831636708052e+02 3.439127660407697018e-01 4.017953245472786250e+01
2.184644860480491673e+02 3.817718159766135266e-01 3.976299421557854430e+01
2.183918962812458915e+02 3.584164368793150146e-01 3.970865037076966786e+01
2.183940720622349261e+02 3.771000490673743211e-01 3.980548471885315820e+01
2.182908923581595957e+02 3.686341992688270119e-01 3.942723861256816065e+01
2.182477234350847937e+02 3.821749516813062741e-01 3.940161415536159240e+01
2.181658926461136616e+02 3.697134511411044322e-01 3.919001859031506996e+01
2.181357461581167456e+02 3.880238748482481848e-01 3.900490673743426129e+01
2.181196069081334485e+02 3.956799977885127051e-01 3.899528561588769549e+01
2.181365489740772148e+02 3.751834267456352068e-01 3.899766642017797835e+01
2.181523288573751813e+02 3.873777059044407056e-01 3.896935362372926193e+01
2.181839588847653886e+02 3.553929190941195193e-01 3.924862415543069716e+01
2.182343819468920572e+02 3.592376819005890232e-01 3.954707703577771838e+01
2.182900054596092616e+02 3.392813127019997932e-01 3.960629882261338253e+01
2.182795366012665284e+02 3.382308562372004501e-01 3.957023315065526958e+01
2.182948246590047745e+02 3.521505562120908484e-01 3.959993964482592332e+01
2.183268532148344718e+02 3.350057705996585811e-01 3.970384844861862916e+01
2.183574281784946720e+02 3.564180356003381900e-01 3.969121417563355436e+01
2.183900579824324950e+02 3.463004812288497658e-01 3.969307320714033693e+01
2.184047159966551135e+02 3.651038823120178467e-01 3.971291209107641862e+01
2.184350847851977733e+02 3.476780535225997837e-01 3.983042730081064775e+01
2.184546599032013603e+02 3.371251125900432410e-01 4.002701469947960788e+01
2.184373446487766444e+02 3.634613922694697186e-01 3.992247124490609167e+01
2.183473279013676631e+02 3.592480482472811265e-01 3.980737830484891759e+01
2.180928674927493205e+02 3.283816750634074855e-01 3.993250586850404460e+01
2.180057498669652034e+02 3.325282137402469917e-01 4.002577073787655593e+01
2.177183475121919685e+02 3.331202473179957213e-01 3.987907771765296872e+01
2.176400090302397814e+02 3.553065328716853433e-01 3.991362759936143334e+01
2.174211501116110128e+02 3.449551597914751744e-01 3.990816338283839571e+01
2.173074566283572437e+02 3.855267371117515052e-01 3.981612404600814870e+01
2.172626705551984969e+02 3.832438372068915355e-01 3.993028977394452994e+01
2.171259914258794765e+02 3.619594238154145160e-01 3.998131984326083455e+01
2.170549715846919128e+02 3.691548202360301900e-01 4.021077316820895220e+01
2.169735577532210584e+02 3.725112129316719423e-01 4.027195189093681904e+01
2.168057473329693607e+02 3.377447897589709314e-01 4.039138372299278501e+01
2.167811364741060061e+02 3.633392997417627668e-01 4.052853394517815389e+01
2.166197439742730353e+02 3.591835465345302736e-01 4.043877981188536097e+01
2.165469987122693851e+02 3.818178886285784057e-01 4.049716998735305395e+01
2.164787639628930833e+02 3.902560948359468096e-01 4.048001944265912755e+01
2.163610828916117725e+02 3.659873254134444753e-01 4.043246209948467396e+01
2.162517536403153997e+02 2.943247707309656347e-01 4.051021545875691032e+01
2.161564281715837694e+02 2.985968573844094975e-01 4.061593606958813041e+01
2.161522413193364685e+02 3.227573560747943326e-01 4.092109021716344586e+01
2.161550045266380664e+02 3.440959048323301017e-01 4.090421380474870716e+01
2.161523023656003204e+02 3.461829959663393352e-01 4.099804882318928634e+01
2.161484449328145558e+02 3.531906463301980881e-01 4.094789643789291489e+01
2.162071898677023682e+02 3.677357825555118143e-01 4.100200646399306947e+01
2.161875940170054093e+02 3.767452896472447410e-01 4.105252167142366915e+01
2.161879649018537464e+02 3.748056309995231317e-01 4.098174601529151317e+01
2.161545230674250320e+02 3.890743313130475278e-01 4.083039735358686784e+01
2.161585740053490383e+02 3.947654556470097664e-01 4.089405363317415265e+01
2.161635993798620916e+02 3.946825248734729952e-01 4.091160155449127700e+01
2.161710124695632658e+02 3.953263901846822415e-01 4.099788065800961334e+01
2.161839508220512869e+02 3.853954300536516220e-01 4.099100201107125940e+01
2.161871609340769567e+02 3.748321227744029760e-01 4.105306072145165786e+01
2.161970930460242641e+02 3.715171954655295816e-01 4.099089489215543836e+01
2.162043195414849777e+02 3.762903222090915323e-01 4.096726768441154576e+01
2.162158342490272958e+02 3.705588843046599967e-01 4.104872874035066133e+01
2.162267488602777803e+02 3.658744474161305105e-01 4.107002812735402131e+01
2.162237437715533588e+02 3.705393034275749620e-01 4.093784223341787509e+01
2.161996777217995032e+02 3.752870902125561847e-01 4.078784925949729967e+01
2.160863263279865976e+02 3.524603947965546658e-01 4.059337198828833237e+01
2.160262475898244077e+02 3.598850026606956742e-01 4.065148342421164074e+01
2.159772758162346236e+02 3.589566387236032274e-01 4.050174615350947249e+01
2.158621057044854012e+02 3.314432027864739894e-01 4.048432838743414663e+01
2.157972192850906481e+02 3.583841860229395881e-01 4.037192609025171919e+01
2.157414759834783524e+02 3.382826879706609113e-01 4.051609317733133508e+01
2.156943044987640974e+02 3.343354135135695460e-01 4.042127450777130804e+01
2.156919144799434207e+02 3.441857465036616270e-01 4.057022969520637190e+01
2.156722299393914284e+02 3.533346233675883630e-01 4.047948730352893421e+01
2.156084722999698329e+02 3.370606108772923881e-01 4.034253058648182133e+01
2.155559068595268002e+02 3.475985781979603617e-01 4.041362414391253566e+01
2.155382587301916431e+02 3.610494889391080986e-01 4.026958375662582057e+01
2.154999170692264556e+02 3.377344234122788280e-01 4.048037420207926118e+01
2.154407770613480295e+02 3.448526481408533129e-01 4.046261895382829010e+01
2.154503958792620040e+02 3.708802410521150894e-01 4.028503076501335300e+01
2.154095824205189160e+02 3.497985473292835601e-01 4.025664770777038370e+01
2.154700401062435446e+02 3.347005392803912294e-01 4.033006678230902509e+01
2.154177315208352184e+02 3.382608034609775882e-01 4.029747614012536161e+01
2.153990732486057311e+02 3.369650101244652807e-01 4.029514256030333996e+01
2.154098680709610960e+02 3.598205009479448213e-01 4.013413361529796219e+01
2.153997470611407152e+02 3.392317846011375093e-01 4.020223014671835671e+01
2.154106582169422950e+02 3.460079198888727503e-01 4.035812848280453125e+01
2.154283766070716979e+02 3.393976461482111073e-01 4.050169316995970803e+01
2.154547439857911968e+02 3.342697599845195766e-01 4.059681707083900903e+01
2.154742350212049473e+02 3.490763585097340083e-01 4.061488100585813754e+01
2.155235707687452305e+02 3.337203436098383769e-01 4.076442016415685998e+01
2.155465391375660147e+02 3.590326585993453001e-01 4.063478669513956731e+01
2.156282121277041881e+02 3.380696019553233733e-01 4.090677544419795453e+01
2.156732550558976413e+02 3.365503562567813134e-01 4.100430664114242063e+01
2.157056372193311518e+02 3.650197997221819035e-01 4.089270370447157887e+01
2.157656353303524384e+02 3.452753647226310951e-01 4.102788547260174568e+01
2.157957495674929760e+02 3.630237020758033117e-01 4.087664162618032293e+01
2.157791403764596510e+02 3.595429132198563749e-01 4.132137978378104748e+01
2.158811417724610067e+02 3.555553251922957125e-01 4.150196615042260362e+01
2.159460293436720235e+02 3.499356134688790809e-01 4.167282082115287523e+01
2.159501390242272976e+02 3.707639076059037753e-01 4.159896520823686927e+01
2.159445181606875792e+02 3.744969442313584307e-01 4.150131422239729773e+01
2.158961222952473804e+02 3.527460452387369827e-01 4.150043538656106534e+01
2.158738242835126755e+02 3.628716623243192219e-01 4.160423591962165091e+01
2.160627613183228561e+02 3.021594251975940892e-01 4.193630340684224933e+01
2.159038717153078721e+02 3.056874385218050216e-01 4.160562501007839131e+01
2.159621927817976257e+02 3.559400318362024862e-01 4.144174919430449933e+01
2.159429562977859689e+02 3.905705406856071482e-01 4.156492097388371576e+01
2.159497485585019092e+02 4.020334164944701083e-01 4.167218847400465620e+01
2.159576269819878860e+02 4.171924708072158872e-01 4.148968894049026090e+01
2.159629414623920525e+02 4.077821316433884458e-01 4.161943989477006056e+01
2.159687443129070346e+02 4.039085734294408647e-01 4.165763527506525321e+01
2.159654466628426235e+02 4.071428735973757207e-01 4.170685814460823337e+01
2.159677779390320609e+02 4.103898437446008574e-01 4.165903358005238744e+01
2.159766711126775931e+02 4.056743078159950611e-01 4.171629843099583468e+01
2.159845299552864901e+02 4.056743078159950611e-01 4.174663151323321841e+01
2.159964213067586343e+02 4.044798743138054431e-01 4.178172620405116788e+01
2.161159729277096915e+02 3.868985503240059409e-01 4.192946852892325893e+01
2.161226154523067464e+02 3.923351232558621726e-01 4.204743985791193950e+01
2.161284758936366757e+02 3.777047526244134423e-01 4.202380689108655787e+01
2.161442949386888301e+02 3.813537066600322101e-01 4.188599898179439407e+01
2.161614558497294354e+02 3.885133967753751083e-01 4.182184857301479042e+01
2.161800761120210552e+02 3.757339949366155230e-01 4.204156213933752184e+01
2.162008825216483956e+02 3.932082000105966979e-01 4.206584242692301245e+01
2.162085305818745553e+02 4.099982262028993296e-01 4.191302059217179732e+01
2.162241561217884396e+02 4.078938578244032942e-01 4.206503270006473372e+01
2.162315507824288261e+02 4.116107690216702641e-01 4.193577587497725290e+01
2.162334892892602340e+02 3.919723011216387221e-01 4.199093750935850977e+01
2.162321739150466442e+02 4.030562293680905461e-01 4.194694849307873596e+01
2.162202445536366326e+02 3.953275420009813579e-01 4.172012130929262241e+01
2.162247919243855563e+02 4.094856679497900220e-01 4.165626922093449025e+01
2.161121362276173272e+02 4.001352232335169123e-01 4.140763239552450159e+01
2.159969522940725142e+02 4.237152065091442932e-01 4.078504919407413354e+01
2.157418860300808205e+02 3.861556288110721824e-01 4.021572482647887625e+01
2.156123516172652614e+02 4.028085888637792933e-01 3.978371999806494586e+01
2.154555537126494755e+02 4.010059963556532048e-01 3.953818846939739018e+01
2.153305966178066058e+02 4.068111505032285247e-01 3.902671292360923871e+01
2.152300292330976674e+02 4.059703246048694258e-01 3.873677542116163153e+01
2.151866737157824048e+02 4.047136930225272433e-01 3.860154412493060505e+01
2.150739949826881912e+02 3.674674093578163547e-01 3.839502576613060825e+01
2.149743674800793372e+02 3.748609181818809977e-01 3.819940013407141777e+01
2.148750336906267364e+02 3.757005922639410356e-01 3.803273577103735192e+01
2.146868718281858719e+02 3.458535765047904276e-01 3.784208368175776371e+01
2.146014323987495800e+02 3.691214175633556471e-01 3.758683543079081346e+01
2.145220964438823614e+02 3.813375812318444691e-01 3.726481408533116024e+01
2.144858729730912614e+02 3.821484599064264298e-01 3.717973632621280444e+01
2.143927555362050441e+02 3.574846174933252185e-01 3.714590172242609611e+01
2.143576516308567079e+02 3.742850100323199536e-01 3.698553433909932409e+01
2.142297470381043922e+02 3.462636231072778736e-01 3.675327173419765359e+01
2.141812901264003131e+02 3.662119295917732886e-01 3.651098026477953340e+01
2.141421180058834750e+02 3.466103198133136387e-01 3.651427215576241991e+01
2.141138374602911369e+02 3.728302660465287466e-01 3.631800035475941968e+01
2.141052495179648929e+02 3.467278050758240693e-01 3.639805273936470087e+01
2.141467333337940602e+02 3.778429705803080796e-01 3.634748454838434384e+01
2.141532203631907123e+02 3.635281976148188043e-01 3.641129517135571092e+01
2.141470512350926185e+02 3.863848402545974614e-01 3.634937122348230787e+01
2.140616682446550101e+02 3.612314759143693821e-01 3.646606864364416367e+01
2.140229672170044921e+02 3.586986318725999268e-01 3.654720719101951687e+01
2.140186801567391512e+02 3.779454822309299411e-01 3.645168130625182812e+01
2.140352547932835421e+02 3.595060550982844827e-01 3.653500945641181374e+01
2.140557790079175788e+02 3.748563109166845320e-01 3.658266470397169456e+01
2.140541388215076495e+02 3.911844587730392009e-01 3.622186400735319722e+01
2.140092202894744844e+02 3.640580331124149693e-01 3.651888172459150894e+01
2.139574185032377613e+02 3.735800984572572592e-01 3.653784292450765747e+01
2.133425616855219005e+02 3.047625300336099796e-01 3.632651342902622815e+01
2.131470040106243573e+02 3.066872150694430199e-01 3.633936193984293794e+01
2.131185852470761120e+02 3.603733727715234259e-01 3.608907340986000634e+01
2.131039848236684406e+02 3.856822323121329998e-01 3.600042156476548172e+01
2.130960096476133288e+02 3.864585564977413012e-01 3.608795038896836616e+01
2.130298458639428532e+02 4.188176836052771579e-01 3.599545032561847080e+01
2.130367521544723957e+02 4.337970545753598861e-01 3.590660958265087999e+01
2.130442320495188824e+02 4.383444253242938515e-01 3.590699889655998334e+01
2.130363202233602067e+02 4.385022241572735791e-01 3.590712674816919048e+01
2.130292722594258805e+02 4.310119627640826567e-01 3.603086522136757708e+01
2.130247433177377445e+02 4.230690375653367585e-01 3.616056204028132015e+01
2.130284049417526546e+02 4.223261160524030555e-01 3.617194083350034362e+01
2.130591653478369949e+02 3.946260858748160127e-01 3.623529764084985771e+01
2.130557398461634193e+02 3.953851328159374567e-01 3.632316394722838737e+01
2.130411486372861418e+02 3.894613415895525899e-01 3.635412361753248689e+01
2.130291236751233157e+02 3.895719159542682664e-01 3.640977477384087280e+01
2.130196246461044325e+02 3.858204502680276371e-01 3.642889377258999417e+01
2.130193885237631264e+02 3.918525122265300031e-01 3.634546195896309229e+01
2.130144552945539829e+02 3.983591225002706682e-01 3.615488934500814366e+01
2.130531263749807067e+02 3.901144214311547675e-01 3.629810042455948604e+01
2.130169547359230648e+02 3.987058192063064332e-01 3.611135068890132516e+01
2.130105587000140588e+02 4.117167361211895305e-01 3.595417153309053049e+01
2.130161000882291376e+02 4.117489869775649014e-01 3.598780802447379301e+01
2.130279499743145095e+02 4.042852173592538234e-01 3.599508750348424257e+01
2.130331895866592049e+02 4.099291172249520110e-01 3.597025434407517253e+01
2.130463030152247086e+02 3.988198490199195145e-01 3.588445439613727217e+01
2.131041783288066824e+02 3.862247377890195010e-01 3.594937652183728716e+01
2.131450689592418257e+02 3.899796589241574796e-01 3.617942533581204145e+01
2.131936237753313321e+02 3.799496425914024034e-01 3.611952052191099938e+01
2.132033047913254507e+02 3.972130652826442176e-01 3.595845168245806889e+01
2.132353644461952058e+02 3.940824285816303951e-01 3.610973353881735903e+01
2.132964498718028494e+02 3.768846594194384947e-01 3.611945371656565129e+01
2.133117644213159849e+02 3.908193330062175175e-01 3.605557283280004555e+01
2.133104778425098402e+02 3.898379855193654930e-01 3.596849552058641564e+01
2.132925682508748082e+02 3.887690999937801761e-01 3.600616221720030552e+01
2.132070873560517441e+02 3.989315752009343630e-01 3.599701564396897169e+01
2.131400343701983786e+02 3.672762078521620843e-01 3.590961812682419207e+01
2.130925922086538264e+02 3.831931572897301908e-01 3.575370366530982835e+01
2.130456902489535764e+02 3.951547695561130613e-01 3.571210581966703046e+01
2.131110062958278775e+02 4.007134350156762448e-01 3.584648822728560447e+01
2.131049984220116755e+02 4.143152336920089551e-01 3.569595620333704034e+01
2.131527711548340562e+02 4.031598928350115241e-01 3.568288884742349865e+01
2.131514776651301304e+02 4.133580743474384867e-01 3.574721548409686989e+01
2.131314901968914910e+02 3.924975293540383658e-01 3.575168798678636506e+01
2.131338675457328691e+02 4.063504239835797338e-01 3.567500581667231074e+01
2.131385013027042419e+02 4.131196483735202207e-01 3.563713179312458124e+01
2.131397717560821548e+02 4.070023520088827951e-01 3.564457483004950689e+01
2.131426489931973833e+02 3.861740578718581562e-01 3.570245244726409339e+01
2.131501116109993745e+02 3.954289018353041030e-01 3.567702840609356940e+01
2.131571330831588398e+02 4.079790922305383538e-01 3.546766736466734216e+01
2.131732642704280352e+02 3.908354584344052030e-01 3.544895726070440389e+01
2.131924984508070793e+02 3.954231427538084653e-01 3.554796393432804535e+01
2.132148943669272114e+02 4.017132115633141876e-01 3.549111834451746716e+01
2.132751090194127244e+02 3.853585719320796743e-01 3.560886046206262989e+01
2.132989723494979160e+02 4.097425229844942618e-01 3.561364049970398327e+01
2.133246831929269263e+02 4.028523578831459395e-01 3.560888810565380425e+01
2.132495870738567589e+02 4.108321412034637299e-01 3.555676841811852995e+01
2.133169164956219390e+02 4.091861957120183080e-01 3.556930939398337443e+01
2.132312144520694801e+02 4.213551349122431344e-01 3.554789597716639094e+01
2.132974461929015888e+02 4.355259308403421348e-01 3.540037595284003658e+01
2.146726204051168168e+02 2.941669718979859072e-01 3.544617562434202540e+01
2.145949177257617464e+02 3.135796838033895750e-01 3.563591893056160131e+01
2.146129966343927720e+02 3.598769399466018037e-01 3.572067302929990262e+01
2.146438077203942782e+02 3.768443458489692532e-01 3.587505557513643595e+01
2.146000893809448087e+02 3.706625477715810302e-01 3.614733573371849928e+01
2.147026309787904665e+02 3.988820471000720791e-01 3.610518501625212906e+01
2.147146375118925050e+02 4.093013773419305057e-01 3.622274053955682405e+01
2.147064285171286713e+02 4.071509363114695357e-01 3.630392285595154789e+01
2.146634577064573079e+02 4.127314862807160423e-01 3.623271296507462580e+01
2.146510146349778836e+02 4.066257080790698919e-01 3.617360175260368038e+01
2.146351368472944898e+02 4.107434513484313210e-01 3.609190227069065315e+01
2.146393133331951049e+02 4.112767422949248908e-01 3.616995049493546333e+01
2.146507520208616882e+02 4.043543263372011420e-01 3.627944445596260437e+01
2.146148499068180513e+02 4.303289356987032854e-01 3.628271906970100957e+01
2.146315339659108474e+02 4.397565521070175287e-01 3.622790528384209097e+01
2.146477480839535872e+02 4.499961990062129047e-01 3.613775953300759625e+01
2.146635210563537726e+02 4.466421099431693853e-01 3.614602611858639847e+01
2.146905841321179480e+02 4.611630580262015000e-01 3.581410030477059081e+01
2.147173477356443243e+02 4.519588939799169536e-01 3.583972245834456061e+01
2.147467720348217028e+02 4.614337348564951924e-01 3.560205322773481385e+01
2.148190853657131925e+02 4.594192081493306823e-01 3.556000732555165911e+01
2.148950038816209371e+02 4.605168890823940209e-01 3.550189934507725553e+01
2.148595797713414299e+02 4.504811136681433070e-01 3.554064874901231974e+01
2.149264703510966399e+02 4.644123318060249250e-01 3.544165704900056824e+01
2.149804421592409085e+02 4.607150014858430453e-01 3.549603890374731918e+01
2.150166875145416725e+02 4.692465048134403238e-01 3.548746823866554934e+01
2.151609121924362569e+02 4.199119090894431472e-01 3.579794377754280532e+01
2.152333165168153641e+02 4.463576113172862403e-01 3.577939838331064237e+01
2.154078454815398516e+02 4.614982365692460453e-01 3.565228969562102179e+01
2.154604385655740657e+02 4.708613512648094912e-01 3.578694853915138907e+01
2.155804313321677057e+02 4.526822346157656218e-01 3.574198854173145889e+01
2.156578068956938239e+02 4.539169816884244812e-01 3.575540029071843406e+01
2.156961669857197705e+02 4.864868911786996986e-01 3.560779503198593687e+01
2.158119153092511624e+02 4.482592600271367855e-01 3.564171487017878803e+01
2.158405298815702622e+02 4.544122626970469869e-01 3.570916638447167202e+01
2.158102094693121558e+02 4.500894961264417793e-01 3.541563982243599895e+01
2.157842164308898703e+02 4.577836290045773082e-01 3.542429802555650298e+01
2.157752368710219173e+02 4.403992656019276586e-01 3.544414727583927061e+01
2.157720693761993402e+02 4.347438475732382512e-01 3.543698643390762726e+01
2.158026938679603859e+02 4.544237808600382067e-01 3.551016708247234988e+01
2.158711612842290890e+02 4.362435123946952209e-01 3.548479256940269266e+01
2.159647647875935661e+02 4.325277530137273674e-01 3.562841830282172140e+01
2.160037249739113747e+02 4.427293899750516792e-01 3.574143106264268255e+01
2.160377542346526241e+02 4.465856709445124029e-01 3.568653780145912435e+01
2.161263876506863539e+02 4.388500726796084606e-01 3.545517937235226213e+01
2.161713234599640145e+02 4.602807667410739878e-01 3.543429924648177831e+01
2.162881660089795730e+02 4.441288467784850202e-01 3.557296641073308763e+01
2.163658099457033757e+02 4.682651573265882994e-01 3.546740590236744595e+01
2.165555831991467244e+02 4.179699468091233050e-01 3.568541132511857938e+01
2.166263853470537697e+02 4.316661944219840064e-01 3.574321407427372321e+01
2.167883422368733193e+02 4.103103684199614354e-01 3.591612588891423030e+01
2.168665217681762272e+02 4.189340170514884720e-01 3.602508079991338263e+01
2.169787547483626895e+02 3.943139436577539070e-01 3.623452822756204483e+01
2.170081041794806254e+02 4.051974558681584737e-01 3.624440044506182090e+01
2.171029067236124774e+02 4.042760028288608365e-01 3.622035397618504504e+01
2.171536142843650055e+02 4.240503850521887830e-01 3.635782209966896517e+01
2.172218870436791747e+02 4.018387595399184886e-01 3.642501560711085062e+01
2.172263123219003944e+02 4.128040507075607657e-01 3.639779012524850543e+01
2.171821608995224437e+02 4.007157386482744776e-01 3.621149535702849676e+01
2.171810079314070379e+02 3.887230273418152970e-01 3.618788657834539180e+01
2.175876923821173534e+02 3.011976585878271551e-01 3.598363960128727257e+01
2.173882139245376095e+02 3.060802078798056658e-01 3.607580333427782193e+01
2.174259232383545566e+02 3.625814046169404392e-01 3.614197057339718810e+01
2.174422064653752500e+02 3.993923017205832093e-01 3.606902835080638425e+01
2.174494536935293354e+02 4.208725238829109649e-01 3.593907467685793478e+01
2.174561791488999063e+02 4.293372218651591576e-01 3.584966263300598399e+01
2.174669659085411695e+02 4.360430963586479636e-01 3.575183196382375428e+01
2.175663895396650958e+02 4.323330960591756922e-01 3.569801910632877195e+01
2.175712640262429716e+02 4.317433661140251955e-01 3.582739226486246054e+01
2.175776658212334951e+02 4.287901091230761907e-01 3.591805978848045555e+01
2.176473368855347985e+02 4.387993927624471158e-01 3.585883339437959449e+01
2.176512737936452027e+02 4.543592791472873538e-01 3.562755213696478052e+01
2.176734404983218099e+02 4.487533892194601748e-01 3.566197071161514742e+01
2.176347648106298891e+02 4.699917299589723152e-01 3.544078051679693431e+01
2.176344561238617246e+02 4.834380334349235309e-01 3.538468936666229325e+01
2.176515214341495152e+02 4.838607500167013131e-01 3.526596935707917879e+01
2.176806589310683933e+02 4.967299935267924238e-01 3.506963650981231950e+01
2.177752645146130988e+02 4.955148273312185991e-01 3.509009046365213180e+01
2.178379452057950232e+02 4.820765865693611985e-01 3.507129627709935704e+01
2.178681009083223330e+02 4.694400099516928271e-01 3.534005648507130815e+01
2.179502968230602846e+02 4.788169464428457256e-01 3.538943369799837058e+01
2.179333363280557023e+02 4.802394395722615061e-01 3.545760855292711256e+01
2.178411691396162553e+02 4.799987099657450074e-01 3.534344628043962189e+01
2.177735966846119595e+02 4.514336657475172543e-01 3.530583947827329183e+01
2.177314010463099123e+02 4.630347595122749071e-01 3.511351149627848400e+01
2.176481869259635573e+02 4.475197939631004318e-01 3.479776985328164329e+01
2.175837186158854024e+02 4.491714985360414913e-01 3.500907631243708096e+01
2.175378291027120667e+02 4.291943966440680547e-01 3.517303275535191176e+01
2.175674998905774657e+02 4.457909176981181831e-01 3.533179796220660052e+01
2.176082903129945691e+02 4.202874012029569339e-01 3.561741960898140036e+01
2.176318288308834212e+02 4.354199637408229240e-01 3.535073151853157469e+01
2.176871056468945937e+02 4.575175594394801371e-01 3.533410389843744781e+01
2.176639633538126191e+02 4.446897813161574398e-01 3.523983003798689850e+01
2.176780109053967180e+02 4.504661400562546825e-01 3.534581902201581727e+01
2.176911819247771689e+02 4.511053981022674630e-01 3.540383255355369840e+01
2.176930985470989128e+02 4.377282036042635660e-01 3.532693269015911142e+01
2.177078049376061131e+02 4.490897195788038365e-01 3.544260038654955025e+01
2.177529561365317079e+02 4.353289702531922822e-01 3.537304795932706014e+01
2.177684664948156694e+02 4.487879437084338341e-01 3.541018251681075668e+01
2.177777201869628243e+02 4.594756471479876647e-01 3.535657583443331475e+01
2.178315100081318292e+02 4.581015303031349961e-01 3.539959156594033374e+01
2.178460159826029781e+02 4.412585205610727312e-01 3.540770841540024350e+01
2.178610356671435113e+02 4.529310269363759911e-01 3.539438190081940405e+01
2.178833002762055457e+02 4.474863912904258889e-01 3.523227757851356046e+01
2.178934731177593846e+02 4.399466017963726827e-01 3.547061255894419673e+01
2.179212030951607630e+02 4.454695609506630904e-01 3.536862037747323484e+01
2.179347392403080335e+02 4.290653932185663488e-01 3.547890563629788119e+01
2.179383766761806669e+02 4.271925399161938253e-01 3.564516225636205604e+01
2.179397807402492901e+02 4.213516794633457296e-01 3.578210975887877510e+01
2.179267168397846604e+02 4.342128602593429698e-01 3.564985475596468234e+01
2.179013446303476087e+02 4.139777515163661770e-01 3.571561425211415752e+01
2.179035860648656922e+02 4.315464055268753429e-01 3.573700117715625879e+01
2.179208782829643951e+02 4.117075215907965435e-01 3.583660449162284323e+01
2.179131035229453346e+02 4.194730670794776239e-01 3.603791548893450170e+01
2.179442497874898947e+02 4.026150837255267900e-01 3.596911865320424084e+01
2.179555237654257098e+02 4.169966620363651510e-01 3.599529483041808930e+01
2.179619624185377802e+02 4.020322646781709919e-01 3.606347659624461954e+01
2.179680889294328097e+02 4.174401113115271400e-01 3.603720021101274540e+01
2.179982020147570836e+02 3.779143831908536311e-01 3.626997191871862469e+01
2.179525451684761777e+02 3.804092172947520778e-01 3.616587076160397629e+01
2.179372052790044734e+02 2.912943420479754408e-01 3.570928156610158766e+01
2.176857015828259705e+02 2.820890261853917225e-01 3.597043863468303471e+01
2.175993003867799018e+02 3.321527216267332050e-01 3.572124778563316738e+01
2.175269559568483544e+02 3.572818978246797283e-01 3.563192558345254923e+01
2.174740530342296836e+02 3.644968751223804926e-01 3.568264696600068930e+01
2.174213758676056329e+02 3.632310290096453231e-01 3.587078924756448117e+01
2.173559930153859625e+02 3.636906037129949976e-01 3.592451226338813797e+01
2.172963957364367786e+02 3.659458600266760619e-01 3.584618414778263684e+01
2.172446354155868278e+02 3.783232779770420162e-01 3.576820848796467089e+01
2.171806335911098245e+02 3.667959004554281477e-01 3.589617182334824008e+01
2.171170959486013601e+02 3.804691117423064650e-01 3.561507451099639354e+01
2.170577658910335686e+02 3.741421848112288506e-01 3.578883866969824368e+01
2.170189243417945875e+02 3.821162090500510033e-01 3.565514159277765316e+01
2.169664844493281350e+02 3.858665229199925162e-01 3.561123090000621971e+01
2.169052665648461016e+02 3.817902450373995005e-01 3.566268829316950217e+01
2.168732230354045214e+02 3.828360942370023223e-01 3.575009041757947870e+01
2.168301877230204298e+02 3.804414681511275043e-01 3.584114495147397861e+01
2.167995977857483467e+02 3.871081808904461297e-01 3.583043651534104157e+01
2.167412053066480553e+02 3.698378473014096168e-01 3.577643591178929938e+01
2.166876711886974647e+02 3.665632335630055194e-01 3.576415409459175976e+01
2.166401587663586668e+02 3.657650248677138949e-01 3.557629170438865174e+01
2.165806950981001933e+02 3.670942208769008008e-01 3.544021151954517279e+01
2.165334026726745265e+02 3.656014669532385852e-01 3.536690417118754226e+01
2.164859754847418856e+02 3.709217064388835028e-01 3.517901298557695355e+01
2.165206647362225567e+02 3.804921480682889046e-01 3.511239538628463208e+01
2.164188372644823630e+02 3.739567423870701623e-01 3.516706404328986224e+01
2.163825228002036454e+02 3.797181275152788360e-01 3.505649428583934224e+01
2.163583807305740550e+02 4.076715572786727138e-01 3.503292466891040391e+01
2.163624316684980613e+02 3.832680253491730915e-01 3.520111749217340957e+01
2.163671771516504236e+02 3.866762497782753605e-01 3.530470493921865227e+01
2.163538252971110012e+02 3.657558103373209080e-01 3.525248043640016249e+01
2.163573176041299462e+02 3.758733647088093321e-01 3.527837787406961922e+01
2.163115847379733054e+02 3.467393232388152891e-01 3.550391156815182114e+01
2.162965109180667014e+02 3.682045717892544756e-01 3.533171963869826016e+01
2.162203689497969208e+02 3.492606491175935246e-01 3.548148224935901140e+01
2.162172889930130850e+02 3.664503555656915545e-01 3.541436130634397728e+01
2.162431852788662354e+02 3.778015051935396662e-01 3.535211139445792128e+01
2.161634841982321973e+02 3.725480710532438344e-01 3.496378804737189938e+01
2.161134020737300716e+02 4.118998749127499304e-01 3.431121846039018664e+01
2.160194046491913014e+02 4.058390175467694871e-01 3.364422237426197171e+01
2.160624664533502823e+02 4.279677122855030102e-01 3.332492161890084503e+01
2.161069380806594040e+02 4.186149639366316677e-01 3.359456411815792620e+01
2.161593480259020339e+02 3.955198953229347447e-01 3.354373676851026431e+01
2.161612600409585809e+02 3.976622736393017887e-01 3.360546030034761600e+01
2.161434679345860559e+02 3.815472117982847133e-01 3.337021564304752275e+01
2.161174518598377858e+02 3.813467957622374560e-01 3.316497234489065704e+01
2.161388825538992364e+02 3.824663612049841177e-01 3.342472419758717450e+01
2.160969794769371788e+02 3.695141869213562913e-01 3.365860164894021267e+01
2.160854693766600576e+02 3.764481210420712598e-01 3.356977587958451892e+01
2.161334920536193636e+02 3.954450272634917884e-01 3.362899190733867982e+01
2.160485974332925707e+02 3.922222452585482078e-01 3.358695291605332756e+01
2.160942554313897688e+02 3.810139208517911991e-01 3.368582367535366728e+01
2.160499139593224527e+02 3.646592812205566858e-01 3.365955880828478541e+01
2.160105540927488619e+02 3.626148072896149821e-01 3.375694487637555596e+01
2.160161691972070628e+02 3.845523005226942348e-01 3.372068224383029644e+01
2.160270181549284985e+02 3.731458637124882016e-01 3.370721635947725758e+01
2.160673248144999832e+02 3.848310400670817977e-01 3.382586150100092937e+01
2.161471975157625991e+02 3.761163979479240638e-01 3.395921879211328331e+01
2.161919893480028634e+02 3.772578479003540486e-01 3.398761797478443469e+01
2.162420150335063340e+02 3.956661759929232525e-01 3.402499211005834923e+01
2.172027127577476904e+02 2.976373944072407962e-01 3.454606228561819137e+01
2.170384315026365130e+02 3.275673409399281755e-01 3.418633392997417531e+01
2.170455151728761223e+02 3.663858538529407016e-01 3.421219681315466232e+01
2.170649555283726784e+02 3.830088666818706189e-01 3.414889874843640882e+01
2.170879757289269492e+02 4.061442488660368388e-01 3.418312266613222050e+01
2.170727993973697210e+02 4.294973243307371180e-01 3.413277562388130093e+01
2.171006560745639717e+02 4.502495985920197397e-01 3.403992080111127194e+01
2.171990407673860943e+02 4.522929207066623269e-01 3.420072933008060545e+01
2.172925636436096113e+02 4.683227481415443982e-01 3.409933378945258653e+01
2.174185631322031611e+02 4.693444091988656641e-01 3.404288672808151262e+01
2.176173205527796881e+02 4.686763557453748619e-01 3.405223947643037974e+01
2.178525606028145774e+02 4.674830740594844158e-01 3.411514592360693854e+01
2.181090965844039431e+02 4.577202791081256272e-01 3.415273199307988961e+01
2.184502737867343001e+02 4.437729355420562682e-01 3.418532724252874289e+01
2.188077825923699038e+02 4.181312010910003818e-01 3.441088742838581993e+01
2.191853894406089012e+02 4.139305270481021259e-01 3.424579644641635667e+01
2.198421332098586163e+02 3.744266834371119956e-01 3.411596832044450878e+01
2.202304473424142657e+02 3.775653828522196886e-01 3.406455469630059696e+01
2.204335401995406585e+02 3.962962195085430461e-01 3.407177773631239148e+01
2.204709511929361270e+02 4.284641451104246324e-01 3.369685001278516268e+01
2.205484638226018603e+02 4.294362780668836699e-01 3.370533889890968737e+01
2.208189932204092543e+02 4.066959688733163270e-01 3.367159874405950859e+01
2.209622549798777698e+02 4.111638642976109259e-01 3.356099443212001177e+01
2.210223751834267318e+02 4.494778816716079595e-01 3.315607686761254058e+01
2.213129738284300458e+02 4.255131917520738605e-01 3.294451816068758632e+01
2.213765978571609594e+02 4.563668949566571653e-01 3.273053718408558410e+01
2.217078003303409162e+02 4.324022050371230663e-01 3.272940955592874701e+01
2.219448855900870115e+02 4.481740256210017814e-01 3.276914491461585754e+01
2.224839160371990658e+02 4.095732059885233145e-01 3.264250156071108222e+01
2.228402142839042881e+02 4.242692301490220141e-01 3.231730580953104948e+01
2.232777075169835257e+02 4.164449420290856629e-01 3.187942786980789833e+01
2.238501440922190113e+02 3.822417570266553599e-01 3.148976611218230204e+01
2.243218981011156359e+02 3.877796897928343367e-01 3.098920978490982492e+01
2.245291801141219707e+02 4.149141781675524387e-01 3.069757796068620692e+01
2.249232867308458594e+02 4.122488752513839283e-01 3.056149892765902720e+01
2.251001734635346452e+02 4.293280073347661707e-01 3.061921183514283840e+01
2.253794198070937966e+02 4.016901752373317480e-01 3.044106616723911785e+01
2.255965187504175447e+02 4.254129837340502318e-01 3.011212816490323618e+01
2.260210183438263698e+02 3.776333400138678908e-01 3.021964676097738689e+01
2.261900404748247411e+02 3.997643383851996468e-01 3.022949479033487918e+01
2.266157621453269542e+02 3.631607682153988881e-01 3.036783253512463787e+01
2.268909368182687274e+02 3.875113165951388772e-01 3.037119007963658035e+01
2.272791852972952995e+02 3.711912314528780232e-01 3.048324683192926798e+01
2.276016431811323173e+02 3.709240100714817356e-01 3.072791795382138247e+01
2.278819088821162211e+02 3.643989707369550968e-01 3.094074250685906691e+01
2.281234320900628063e+02 3.600865705130419925e-01 3.112472557976673571e+01
2.282254714960020578e+02 3.891745393310711565e-01 3.110598783221261598e+01
2.282984678539588970e+02 3.825619619578112807e-01 3.104278306461458925e+01
2.283219798800728881e+02 3.869526856900646905e-01 3.072814140618341128e+01
2.282677028406093598e+02 4.051076141968270039e-01 3.079502161959193529e+01
2.282474400882751979e+02 3.709896636005317050e-01 3.092055231895175638e+01
2.281202576843424481e+02 3.583576942480597438e-01 3.068394391115349862e+01
2.280764495032216246e+02 3.707880957481853312e-01 3.075573086199628037e+01
2.280140291225233113e+02 3.488195034750297685e-01 3.078121019034916017e+01
2.279751691442235142e+02 3.489738468591121467e-01 3.102530655590800990e+01
2.279219275876129132e+02 3.407015021988173409e-01 3.087983215732889164e+01
2.279399489054289631e+02 3.392444545804279010e-01 3.103023402603565728e+01
2.278538322080088108e+02 3.267760431424313050e-01 3.098855440143562490e+01
2.278220248009085651e+02 3.346901729336991260e-01 3.113180003547594055e+01
2.277121576514005028e+02 3.184553221975733317e-01 3.106763004581925358e+01
2.275274143797354043e+02 2.671465133368809419e-01 3.139173963422921432e+01
2.273400046533378429e+02 2.839135032032011341e-01 3.115622314828252826e+01
2.273386178665137152e+02 3.236039410546490691e-01 3.121606806773601406e+01
2.274052515912342187e+02 3.404100926751394418e-01 3.119401193742412559e+01
2.274207101177847221e+02 3.429083822279352378e-01 3.143635523857571101e+01
2.274280886529969052e+02 3.523613385948302090e-01 3.129873968260550043e+01
2.274396528886400972e+02 3.507568584901531450e-01 3.141204039650124358e+01
2.274483617716777530e+02 3.536744091758293740e-01 3.133162864521063184e+01
2.274088452580874673e+02 3.453686618428600252e-01 3.159976917601365543e+01
2.273946560330985847e+02 3.439991522632038223e-01 3.180155587345685575e+01
2.273666945406210971e+02 3.452696056411355130e-01 3.178012402757908816e+01
2.273875274420233268e+02 3.396337684895311404e-01 3.197894019078685091e+01
2.273348099618287961e+02 3.341004429885486293e-01 3.202685229338143102e+01
2.272001396001354578e+02 3.220466854182360006e-01 3.218109431762947281e+01
2.271549630612512942e+02 3.354538271400170912e-01 3.216939647129558466e+01
2.269565442746667259e+02 3.342421163933406714e-01 3.223132387461788539e+01
2.266411447211107202e+02 3.263475674791578851e-01 3.236381384805699923e+01
2.262294049486635572e+02 3.296256366664593318e-01 3.245749452311349614e+01
2.258423935203422275e+02 3.462221577205094603e-01 3.247511616067376394e+01
2.254946740014328554e+02 3.580766510710740036e-01 3.235011760044414331e+01
2.251643353904772482e+02 3.695049723909633044e-01 3.234819176359200554e+01
2.246793331905081175e+02 3.543597398738070336e-01 3.239026185391744406e+01
2.244959674911367813e+02 3.832565071861818717e-01 3.233317668631665498e+01
2.243210503643194897e+02 3.890374731914756357e-01 3.225889374955367117e+01
2.241707487036307498e+02 3.714584528342743663e-01 3.245235511878681223e+01
2.240185246615387769e+02 3.679269840611660292e-01 3.250751790498436833e+01
2.237282335514873353e+02 3.371608188953160168e-01 3.253553238101162037e+01
2.235871706093338673e+02 3.500577059965860327e-01 3.262534640875195890e+01
2.234412009297461168e+02 3.595878340555221375e-01 3.237645618375616863e+01
2.232380228382135670e+02 3.383517969486082855e-01 3.236815043642319267e+01
2.231167239119367309e+02 3.349147771120279393e-01 3.218922498888497330e+01
2.230905834410281443e+02 3.416943678486605296e-01 3.242843995696814119e+01
2.230853000596640925e+02 3.368440694130574453e-01 3.247949306261043034e+01
2.229864834357298093e+02 3.317806849621167675e-01 3.234858222931740812e+01
2.229553291084711475e+02 3.532966134297172989e-01 3.234497013340336480e+01
2.229006754250777931e+02 3.385717938617405776e-01 3.230150058627449283e+01
2.228953079611239048e+02 3.508743437526635756e-01 3.242848027053861415e+01
2.229078005607041746e+02 3.434854421937953983e-01 3.264107676394907287e+01
2.229407229259819871e+02 3.437929771456609829e-01 3.268595383059546577e+01
2.229362342978643028e+02 3.613846674821525884e-01 3.265192917711939913e+01
2.229426245746918198e+02 3.672739042195638515e-01 3.242296537409841761e+01
2.229411951706646278e+02 3.492387646079102015e-01 3.255557168098374632e+01
2.229228858987737851e+02 3.707846402992879264e-01 3.253261252669334169e+01
2.227975371863892065e+02 3.564721709663968841e-01 3.244568840604749482e+01
2.226543122850422947e+02 3.680928456082396272e-01 3.249484907751032381e+01
2.223581158128252468e+02 3.479832848418671354e-01 3.233955890043009163e+01
2.221918810772707502e+02 3.696178503882772692e-01 3.241427952738673923e+01
2.219347139003494647e+02 3.426503753769318816e-01 3.225749774819913540e+01
2.218249135561867433e+02 3.705922869773345396e-01 3.233816865815704489e+01
2.216211411274438774e+02 3.468487457872319046e-01 3.235769194442716667e+01
2.215319467768724451e+02 3.729051341059717029e-01 3.232609416789335199e+01
2.213777012971755198e+02 3.606636304789022085e-01 3.213784707104633043e+01
2.212915523488989891e+02 3.699334480542367243e-01 3.224984623252406379e+01
2.211149581775501929e+02 3.496545702918932852e-01 3.224307931176672781e+01
2.210931439286611067e+02 3.836250884019009599e-01 3.225220169685577076e+01
2.209429436278066987e+02 3.659205200680953896e-01 3.215834940117070317e+01
2.209138971243754384e+02 3.805439798017493658e-01 3.211266721493122844e+01
2.207806434967299936e+02 3.626470581459904086e-01 3.208632056890510853e+01
2.207783605968251379e+02 3.704494617562434366e-01 3.202474446955403664e+01
2.207836704699640791e+02 3.536168183608732751e-01 3.220780493760611307e+01
2.207968334266304566e+02 2.933756741004890367e-01 3.195583590764276138e+01
2.206856589656228778e+02 3.042660972086883575e-01 3.210786183733128496e+01
2.206873728682759861e+02 3.407199312596032592e-01 3.235984353727392460e+01
2.206860206359408210e+02 3.482447471417678408e-01 3.224378422334179106e+01
2.206505158985203821e+02 3.594173652432520738e-01 3.204890036097922490e+01
2.206467920764253279e+02 3.450933777473698116e-01 3.234700078553871805e+01
2.206026556276592601e+02 3.679074031840809944e-01 3.212381679670672696e+01
2.205924989115335961e+02 3.711670433105964673e-01 3.207811502959015826e+01
2.206089606700806485e+02 3.821737998650071022e-01 3.202577073787655593e+01
2.206552878734476337e+02 3.763674939011327214e-01 3.215880667224146094e+01
2.206833449666779643e+02 3.716024298716646412e-01 3.218892206119830490e+01
2.207236170717604580e+02 3.699184744423481552e-01 3.236091127098321607e+01
2.207673941538411952e+02 3.867822168777945713e-01 3.223388321043453431e+01
2.207444591876930815e+02 4.014678746916011676e-01 3.220584454626500559e+01
2.207753059799998709e+02 4.225034957624678178e-01 3.218377689779012485e+01
2.208447881464281011e+02 4.033868006459385702e-01 3.223083780813965404e+01
2.208719203311702302e+02 4.038325535536988475e-01 3.244986374013181063e+01
2.209017915350716521e+02 4.132175527589455610e-01 3.229748189920685775e+01
2.209276175601305567e+02 4.060463444806114985e-01 3.237605304805147455e+01
2.209808821530671707e+02 3.751707567663448706e-01 3.252390018820678108e+01
2.209675360576092373e+02 3.923535523166481465e-01 3.242232035697090708e+01
2.208559020218983449e+02 3.712419113700394235e-01 3.197655823468026881e+01
2.206945578983498990e+02 3.516852224272455363e-01 3.163736215638440186e+01
2.205678304618552943e+02 3.446407139418148358e-01 3.134894274781903434e+01
2.205245590271298681e+02 3.416770906041737277e-01 3.164066786916288265e+01
2.204954226820272822e+02 3.484371004637212277e-01 3.160661787572823656e+01
2.204426890764045766e+02 3.288354906852615778e-01 3.162880531309822629e+01
2.204908879812576572e+02 3.574949838400173219e-01 3.152414898052739289e+01
2.204941706577101570e+02 3.385729456780396940e-01 3.156480924770270136e+01
2.205396547315461646e+02 3.383264569900275576e-01 3.161990983582010628e+01
2.205821463866370777e+02 3.332400362131044402e-01 3.175917248909805934e+01
2.205591089088383399e+02 3.530132666201332703e-01 3.187620854325185249e+01
2.204870017530644191e+02 3.289518241314728919e-01 3.207668908101184968e+01
2.205323268762511475e+02 3.503375973572726565e-01 3.197575426690347911e+01
2.204735819413633351e+02 3.424925765439521541e-01 3.174465269283132685e+01
2.204783942298610668e+02 3.612107432209851754e-01 3.176347221934268106e+01
2.204946532687394836e+02 3.687044600630734470e-01 3.163870402237288104e+01
2.205091949495158872e+02 3.530547320069016837e-01 3.151163910370262755e+01
2.205244611227444693e+02 3.611577596712255422e-01 3.154015577163629303e+01
2.205634328272252560e+02 3.627864279181841622e-01 3.167702955790986863e+01
2.205909140123060013e+02 3.592883618177504235e-01 3.178635880920623791e+01
2.206480348862120593e+02 3.726736190298481910e-01 3.180150749717229175e+01
2.207130940780516823e+02 3.614722055208858809e-01 3.207863795418996489e+01
2.207309909997074442e+02 3.892482555742149963e-01 3.193211655459494125e+01
2.207626429116073155e+02 3.795753022941876775e-01 3.193458835237285598e+01
2.208005180869713513e+02 3.918893703481018953e-01 3.187748705934387772e+01
2.208631642236642847e+02 4.002849593524028249e-01 3.182857057293646363e+01
2.209630911985109378e+02 4.081403465124154306e-01 3.180301176925894424e+01
2.210378279508957746e+02 4.247218939545769900e-01 3.187924242738374048e+01
2.211140931635095512e+02 4.275104412147515687e-01 3.197488810104654178e+01
2.213138618787966720e+02 4.062306350884710149e-01 3.204360085418696968e+01
2.213974514912565610e+02 4.285666567610464939e-01 3.202297297608598825e+01
2.215371817819519720e+02 4.209807946150284641e-01 3.189811378562855637e+01
2.215915797621269121e+02 4.371903053925735305e-01 3.197246122410428981e+01
2.216823532528444218e+02 4.535622222682949012e-01 3.190549116902443316e+01
2.217305982303494432e+02 4.517561743112714634e-01 3.161412080710071848e+01
2.217381265016805116e+02 4.704962254979877523e-01 3.153205044033937199e+01
2.217208550162751521e+02 4.578654079618149630e-01 3.126181936295344244e+01
2.217083094331451321e+02 4.812288497732073456e-01 3.090737208504090106e+01
2.217172302503818173e+02 4.541853548861199408e-01 3.081641315189922992e+01
2.227024328663869994e+02 2.826442016415686154e-01 3.079925569630750815e+01
2.226049684747878814e+02 2.992407226956187438e-01 3.093754391299640361e+01
2.226267539282694941e+02 3.509469081795082435e-01 3.087150798093513515e+01
2.225991702315381247e+02 3.817257433246486475e-01 3.107567893811751603e+01
2.226176856785465077e+02 3.976162009873369096e-01 3.116686017180492030e+01
2.226432548485707059e+02 3.964966355445902479e-01 3.143612833076478452e+01
2.226659352633167259e+02 3.865023255171079475e-01 3.159192185156773647e+01
2.226865516232547009e+02 3.863019094810606902e-01 3.171047254415487870e+01
2.226989440148169592e+02 3.847792083336212809e-01 3.189823702997256305e+01
2.227275309435448776e+02 3.780318684533641171e-01 3.222748141544401079e+01
2.227351605747102496e+02 3.933913388021570978e-01 3.221057160035660161e+01
2.227317961193005260e+02 3.793599126462518512e-01 3.222310796895624918e+01
2.227688350760313938e+02 3.764227810834905319e-01 3.238626850680838487e+01
2.228169153438056469e+02 3.621725098307521096e-01 3.266890464573586428e+01
2.229061960805995000e+02 3.571621089295710649e-01 3.318183148006090732e+01
2.231089099901634825e+02 3.483702951183721419e-01 3.397359115589372891e+01
2.234218308350437781e+02 3.365872143783532056e-01 3.420959716376754756e+01
2.236472643211079685e+02 3.543482217108157584e-01 3.418603676136900305e+01
2.237797784826893519e+02 3.671161053865841239e-01 3.422480229073225644e+01
2.239176485900616740e+02 3.722221070405923316e-01 3.431369025816810847e+01
2.239368297868909394e+02 4.085066240955362304e-01 3.411848273542549492e+01
2.239590471714847126e+02 4.054220600464872870e-01 3.402540100484453944e+01
2.239954491738021716e+02 4.090882913265929122e-01 3.392528973939004544e+01
2.239966102046316792e+02 4.181576928658802261e-01 3.394528066307760383e+01
2.240102177623895159e+02 3.890616613337571916e-01 3.389869430104331371e+01
2.239306134343245844e+02 3.850832878365895162e-01 3.378517128660184454e+01
2.239034812495824553e+02 3.950741424151744674e-01 3.371296392280987675e+01
2.238687608990617264e+02 3.726551899690622172e-01 3.364878587043909874e+01
2.238682379744619197e+02 3.909160855753437414e-01 3.370677982109989301e+01
2.238230741055570547e+02 3.857571003715759561e-01 3.345578292409300047e+01
2.237815085107706352e+02 3.809828218117148890e-01 3.333091797455407601e+01
2.237838121433688912e+02 3.984639377834907625e-01 3.336180508043133131e+01
2.238127215806605363e+02 3.780203502903728974e-01 3.354489895115607823e+01
2.238340532185202960e+02 4.009046365213304597e-01 3.345369237751009450e+01
2.238177688396833105e+02 3.816658488770943158e-01 3.363444115024982750e+01
2.238353697445501780e+02 4.123744232279882294e-01 3.353475375319341367e+01
2.238312278131385256e+02 4.102355003605184791e-01 3.328412198195334071e+01
2.238619697901621066e+02 4.395503769894746893e-01 3.293317277014123334e+01
2.240699832065183728e+02 4.333547571164970136e-01 3.285043434992640243e+01
2.241110339394190589e+02 4.495677233429394848e-01 3.290533912927295290e+01
2.242716074978633856e+02 4.420440592770740196e-01 3.295840560980609979e+01
2.243327424515718747e+02 4.479309923818869943e-01 3.321749631994692464e+01
2.244482995735976090e+02 4.204855136064059584e-01 3.343823730640847458e+01
2.244481740256210003e+02 4.345825932913611744e-01 3.347844375796193361e+01
2.244487211383630836e+02 4.302955330260287425e-01 3.331807407100256313e+01
2.243823868858803507e+02 4.619578112725957753e-01 3.323953286938172624e+01
2.243062806239158533e+02 4.374506158761751196e-01 3.312777674114310855e+01
2.242600455658528062e+02 4.524449604581464723e-01 3.294225368984351121e+01
2.241881733806038710e+02 4.322835679583134638e-01 3.286062216509213130e+01
2.241725190452825132e+02 4.514417284616111248e-01 3.273995213051460951e+01
2.241489678574143625e+02 4.219298912455050621e-01 3.281517149392877286e+01
2.241581386187879730e+02 4.365982718148248010e-01 3.291412403218635774e+01
2.241789024112122490e+02 4.310465172530563716e-01 3.273099675878893322e+01
2.241471618094573444e+02 4.535161496163299666e-01 3.265307638615332309e+01
2.241563187490353641e+02 4.332142355280040880e-01 3.274465384464762252e+01
2.241224956634116268e+02 4.571432191422654112e-01 3.258314385955213055e+01
2.241015233922372261e+02 4.285459240676622872e-01 3.274796992377279992e+01
2.241125117197308327e+02 4.368493677680334031e-01 3.247152249382050826e+01
2.241315558504205399e+02 4.533687171300423424e-01 3.248152947382727973e+01
2.241844069413057525e+02 4.233397143956304509e-01 3.270641469533307344e+01
2.251951602982743452e+02 2.851286693987749032e-01 3.296665837358931128e+01
2.250322980808436739e+02 2.946726192533005162e-01 3.289737777501341753e+01
2.250115757538061700e+02 3.408397201547119781e-01 3.282646044547647080e+01
2.250174050960960415e+02 3.687516845313374425e-01 3.279791383031903251e+01
2.250695213281824181e+02 3.679373504078581325e-01 3.307629170438865174e+01
2.250394347346330335e+02 3.807432440214975067e-01 3.327666742686542278e+01
2.250185373315180755e+02 3.984178651315258834e-01 3.310353100804658766e+01
2.249790288806418914e+02 4.037611409431532405e-01 3.292029316028445152e+01
2.249056409051433150e+02 4.097932029016556066e-01 3.266065533740155047e+01
2.248323370122346034e+02 4.152493567105969285e-01 3.239861482571867413e+01
2.247640734674508280e+02 4.235850512673434709e-01 3.206727643821542273e+01
2.247199347150521760e+02 4.094211662370391691e-01 3.220013844831915151e+01
2.246494562275251781e+02 4.034317214816043329e-01 3.236001400608619605e+01
2.246301944035549525e+02 4.216626698641087190e-01 3.244516893689659298e+01
2.246012089463875725e+02 4.257285814000096869e-01 3.245400912699235363e+01
2.245824988424246271e+02 4.260752781060453964e-01 3.250526955956848241e+01
2.245603298341154073e+02 4.271073055100588212e-01 3.249697993766370274e+01
2.245176458257025445e+02 4.144338707708185021e-01 3.270185811005374177e+01
2.244734287497955449e+02 4.171924708072158872e-01 3.269365372255509783e+01
2.244893042338463545e+02 4.125955719574196379e-01 3.291270384268953819e+01
2.245388772555442642e+02 3.853977336862498548e-01 3.293688046680811254e+01
2.244397945620448809e+02 4.025137238912040449e-01 3.270512120562915470e+01
2.244401930904843709e+02 3.761302197435135719e-01 3.282911653386224771e+01
2.243881275383151603e+02 3.846732412341020702e-01 3.272301121638712118e+01
2.243395116759618304e+02 3.757420576507093934e-01 3.283932047445617286e+01
2.243469017293369916e+02 3.797377083923639263e-01 3.293013773419304613e+01
2.242039763002278221e+02 3.594104543454573752e-01 3.321018574189639594e+01
2.241410594867045916e+02 3.685293839856069176e-01 3.322224871399710366e+01
2.240548667694086760e+02 3.622669587672801006e-01 3.322575253917903382e+01
2.238887426082189052e+02 3.334876767174156931e-01 3.338693540844558072e+01
2.237170793624466398e+02 3.332100889893272466e-01 3.343660748634521696e+01
2.236422723492675573e+02 3.596891938898448826e-01 3.329411514016452855e+01
2.235525976912994111e+02 3.714941591395471421e-01 3.330248193376134935e+01
2.234230955293402303e+02 3.482389880602722587e-01 3.328249101007378385e+01
2.233116388733393762e+02 3.508363338147925670e-01 3.322136642271197360e+01
2.232923793530017349e+02 3.682690735020053285e-01 3.314257182150533509e+01
2.232537485861454911e+02 3.535154585265505300e-01 3.322152422154495355e+01
2.232192390180074995e+02 3.599921215765140015e-01 3.313335038021455858e+01
2.232020769551505737e+02 3.734280587057731138e-01 3.334697199013123736e+01
2.232054713577840914e+02 3.560747943431997742e-01 3.334024999020956415e+01
2.231976505251130618e+02 3.663225039564889651e-01 3.319231761564811478e+01
2.232082011624130189e+02 3.840512604325761470e-01 3.323156230059180416e+01
2.232115114824567002e+02 3.724133085462466020e-01 3.339371154373331052e+01
2.232070862042354520e+02 3.584394732052974542e-01 3.350409355512707776e+01
2.232448127952968946e+02 3.656429323400069431e-01 3.354281761910356607e+01
2.232688730859692612e+02 3.479049613335268298e-01 3.365758113969918952e+01
2.232379341483585335e+02 3.451279322363434710e-01 3.364169183385280348e+01
2.231791949725522102e+02 3.511646014600423582e-01 3.380358307014331132e+01
2.228696466457957683e+02 3.324568011297014403e-01 3.360442481749471000e+01
2.226080311543272501e+02 3.552212984655503392e-01 3.341688954312054705e+01
2.223849531325948021e+02 3.642964590863332353e-01 3.356580556880144428e+01
2.219177925670990703e+02 3.667728641294457081e-01 3.336545864173214682e+01
2.217266164014033620e+02 3.922775324409060738e-01 3.331525672833490859e+01
2.215461244836983496e+02 3.895419687304911283e-01 3.328348042027472786e+01
2.214568483541696935e+02 3.992425656016972968e-01 3.321192728814067152e+01
2.213358316228861327e+02 3.699484216661252933e-01 3.316985374236633533e+01
2.212718263429602246e+02 3.860058926921863254e-01 3.326047634514866758e+01
2.212385653436904533e+02 3.653906845704992246e-01 3.366749136713684010e+01
2.211173424372893521e+02 3.548884235551040267e-01 3.364848870183391938e+01
2.209416063690834164e+02 3.488506025151060785e-01 3.410504334284733829e+01
2.207460118360642980e+02 2.935415356475626347e-01 3.405453504631453399e+01
2.205838476193108875e+02 2.989988412728030731e-01 3.401125094160982343e+01
2.206222906401103785e+02 3.418222194578631190e-01 3.404820466393455547e+01
2.205994685519595748e+02 3.679880303250195328e-01 3.402278407821293627e+01
2.205755672119365158e+02 3.790892358159581588e-01 3.403691916783576232e+01
2.205418708261056793e+02 3.686583874111085679e-01 3.423857455822086138e+01
2.204997696367401829e+02 3.702202503127181021e-01 3.415245901261699402e+01
2.204601045388473040e+02 3.774502012223074354e-01 3.416109417941151349e+01
2.204267260543150542e+02 3.844682179328583471e-01 3.404910538428047317e+01
2.203962904604270534e+02 3.879017823205412885e-01 3.397465197870521791e+01
2.203713870402237376e+02 3.817729677929126431e-01 3.396463808780065108e+01
2.203398341845255857e+02 3.779270531701440228e-01 3.402322867930439543e+01
2.203118197084983194e+02 3.766393225477255302e-01 3.414777342391217019e+01
2.202812205566958426e+02 3.814757991877391619e-01 3.409098196946765569e+01
2.202547518181420401e+02 3.635950029601678901e-01 3.437975383382055128e+01
2.202287887269435203e+02 3.667383096404720488e-01 3.439601632814785859e+01
2.201907995217658822e+02 3.607027922330723335e-01 3.446282743257843606e+01
2.201468945880759236e+02 3.728452396584173711e-01 3.445315332748210579e+01
2.201074621570755028e+02 3.632540653356277627e-01 3.451582825958253409e+01
2.200427577246560134e+02 3.675941091507197722e-01 3.431248200287032546e+01
2.200072345581747868e+02 3.539566041691142861e-01 3.459005245371426440e+01
2.199784253289011531e+02 3.378415423280971552e-01 3.489598638092407867e+01
2.199559361156607906e+02 3.326802534917311371e-01 3.497033612303241057e+01
2.199193555818169727e+02 3.439876341002126026e-01 3.478283425133092521e+01
2.198708940628476967e+02 3.327021380014144047e-01 3.500243378784004733e+01
2.197695918193399223e+02 3.519639619716330436e-01 3.482858209109945591e+01
2.196140689753672461e+02 3.386005892692186547e-01 3.473030682082575993e+01
2.194520256993252758e+02 3.674512839296286137e-01 3.464104336127639527e+01
2.190320573512371709e+02 3.571252508079991173e-01 3.451325740560289290e+01
2.188741133894037603e+02 3.784534332188427830e-01 3.438313671829106966e+01
2.185010919218515539e+02 3.749645816488019756e-01 3.428365088908699931e+01
2.184134951404870435e+02 4.016821125232378775e-01 3.443849646507577944e+01
2.182322994630232529e+02 3.973432205244449844e-01 3.437615325606949312e+01
2.181837619241782420e+02 4.177845043849646722e-01 3.434160682980992618e+01
2.181942307825209468e+02 4.195387206085275933e-01 3.438350069224159711e+01
2.180332229893318754e+02 3.991147139924947629e-01 3.434761815907504712e+01
2.180095715934457132e+02 4.173721541498789378e-01 3.432947820418016960e+01
2.179584643524373462e+02 4.125552583869503964e-01 3.446218471908352399e+01
2.178336454755503837e+02 3.853424465038919888e-01 3.444029790576760774e+01
2.178688657143449632e+02 4.067155497504014172e-01 3.427034049993434905e+01
2.178484762622179005e+02 4.306871505677302703e-01 3.418700428706026884e+01
2.177789549340354824e+02 4.014955182827801283e-01 3.427287910305761187e+01
2.177796978555484202e+02 4.159035883684982782e-01 3.438828303351554894e+01
2.177922676268207454e+02 3.904300190971142226e-01 3.445878340555221797e+01
2.177839837639974405e+02 4.100742460786414023e-01 3.431576928658802217e+01
2.177899098588564186e+02 3.920471691810816228e-01 3.434279895967952001e+01
2.178124773956051285e+02 4.110325572395109872e-01 3.432454727860363164e+01
2.178352119457171909e+02 4.008090357685033522e-01 3.436646302554498078e+01
2.178592941208992499e+02 4.140468604943134956e-01 3.441897433062195688e+01
2.179582581773198058e+02 4.111131843804495256e-01 3.447637279225610740e+01
2.179784690979205095e+02 4.329331923510183477e-01 3.442679516329299361e+01
2.180528119291310531e+02 4.300202489305385845e-01 3.445240925415287592e+01
2.180685975715105087e+02 4.483709862081516340e-01 3.449474886949230523e+01
