2.524946028729594900e+02 8.968614629194651133e-01 2.561714037841857561e+01
2.525332355614310416e+02 6.043867518088785751e-01 3.270431179990793424e+01
2.525379894005028234e+02 6.088425537942186994e-01 3.254500064918969571e+01
2.524159151804157091e+02 4.830325421088041971e-01 3.206988527047603554e+01
2.522520833087428116e+02 3.170583444482477642e-01 3.221661984631909093e+01
2.521659771485227850e+02 2.870982401057589062e-01 3.152628037912678138e+01
2.520623222105499224e+02 2.429031763081172246e-01 3.166143282067019982e+01
2.519841450171740291e+02 2.362755397127040413e-01 3.176403430082270063e+01
2.520054030287650164e+02 2.722317961308294287e-01 3.142004343669220034e+01
2.519849653568772681e+02 2.684281347009596086e-01 3.112875202134063457e+01
2.520511709021376134e+02 2.666930277026947071e-01 3.102347410913468906e+01
2.520914029579443252e+02 2.492681861639971241e-01 3.106925378595625631e+01
2.521144196834314926e+02 2.549515468419872311e-01 3.093373248663259290e+01
2.521509661122980219e+02 2.531102088030122155e-01 3.088292454055074998e+01
2.521769897664097471e+02 2.423012004107600315e-01 3.107322269567167439e+01
2.522574774849210826e+02 2.254606295959679374e-01 3.129078091618371005e+01
2.523305614900673959e+02 2.220494328442771115e-01 3.198286729382325433e+01
2.523134110787171949e+02 2.258678485853566342e-01 3.151158213429964405e+01
2.523266220889744034e+02 2.139404634034064723e-01 3.197397339502602520e+01
2.523617845634494472e+02 2.157109807485747266e-01 3.243565054708985684e+01
2.524177683219036510e+02 2.090213760460806758e-01 3.271858512057222867e+01
2.523513326093884643e+02 2.181129826135196625e-01 3.195702659317052508e+01
2.523356369731235418e+02 2.174431368845976820e-01 3.173028233849931112e+01
2.523723929132092394e+02 2.191723421583786913e-01 3.196720116618075735e+01
2.523166098133874584e+02 2.243983191888669904e-01 3.126926617957767363e+01
2.523237745069109224e+02 2.196474309793321478e-01 3.187490704783937900e+01
2.523986585380248187e+02 2.058816586206489441e-01 3.261744726809173756e+01
2.524330655917659101e+02 2.109305839166204233e-01 3.312212143388298102e+01
2.524075170264751478e+02 2.164162368244000878e-01 3.310950059607417018e+01
2.523831842164280488e+02 2.130050400727092341e-01 3.271686476788517695e+01
2.523498306205073050e+02 2.302056160810188601e-01 3.200474203562281161e+01
2.523492788092680712e+02 2.242419234900437930e-01 3.200506072874493668e+01
2.523392222707475128e+02 2.306777540397303983e-01 3.169897959183673564e+01
2.523602265081856899e+02 2.227281311599249303e-01 3.163530293551775685e+01
2.523402609742566653e+02 2.242832355614310380e-01 3.149371171256241198e+01
2.523633780290601010e+02 2.261894925697288672e-01 3.155974610781270329e+01
2.523595625641812603e+02 2.177470756955182385e-01 3.182813588130451876e+01
2.523832048724637218e+02 2.185851205722312007e-01 3.204609541908145331e+01
2.524202381936001700e+02 2.073688931905902921e-01 3.206178220275964463e+01
2.524218552661087642e+02 2.195471016631059535e-01 3.175017410087227532e+01
2.524674106773999256e+02 2.320705610179294442e-01 3.189242041524533633e+01
2.524304688329930002e+02 2.164427945845776025e-01 3.150047803968319471e+01
2.524069475100624516e+02 2.291226496382242905e-01 3.134942930324240606e+01
2.523570454786888604e+02 2.240176579596558082e-01 3.061133603238866385e+01
2.523143140425632396e+02 2.559312331063136603e-01 2.966159806895574746e+01
2.522736275539712665e+02 2.514990380189091046e-01 2.918760696875627048e+01
2.522890133497007810e+02 2.543171114599686033e-01 2.913740985115850890e+01
2.522987305390635129e+02 2.438090910163950020e-01 2.909468726761959800e+01
2.522928465197530841e+02 2.500324594846614068e-01 2.920049043330461203e+01
2.523597130581555916e+02 2.442605729394128899e-01 2.980311552035504619e+01
2.523411668889649491e+02 2.454114092137722747e-01 2.950556237532607184e+01
2.523121215519174712e+02 2.499852456887902696e-01 2.857149939212237655e+01
2.523190118152524235e+02 2.438385996388144628e-01 2.881013562162863906e+01
2.523651249395073251e+02 2.411828236210620813e-01 2.847094581036578731e+01
2.523266781553570013e+02 2.522485570283636847e-01 2.822943839189811399e+01
2.523529349275858351e+02 2.455678049125954721e-01 2.835034111967516779e+01
2.523366491188725433e+02 2.358506155498636681e-01 2.828458410547561996e+01
2.523771201945208418e+02 2.415398779523376671e-01 2.858242938586655058e+01
2.523669574249595655e+02 2.327049963999480720e-01 2.821750215412943774e+01
2.523488951971766028e+02 2.402946140862360080e-01 2.775909455742968035e+01
2.523100648009348390e+02 2.231087923891361124e-01 2.819990026085622148e+01
2.524437654182552251e+02 2.014435618087605240e-01 2.843970798267253741e+01
2.524196332668405773e+02 2.377657251448873355e-01 2.813470391048264219e+01
2.524323160727564641e+02 2.796768215672619795e-01 2.752243835648776482e+01
2.524281376518218565e+02 2.980429881611406651e-01 2.732249383269791565e+01
2.524247264550701857e+02 2.990551339101285566e-01 2.688704984596499159e+01
2.524142184346266049e+02 2.530364372469635637e-01 2.715775309545449190e+01
2.524216398531650896e+02 2.400083804487671280e-01 2.700665124349334789e+01
2.524234870929285535e+02 2.323863032778177851e-01 2.716102560168081226e+01
2.524227936403017054e+02 2.381168777516790291e-01 2.711901122507996931e+01
2.524541229447244461e+02 2.187415162710543981e-01 2.755658868521381777e+01
2.524904952727186753e+02 2.197772689179778305e-01 2.780791952408493728e+01
2.524874706389206835e+02 2.121315848490928913e-01 2.815378123487683126e+01
2.525234416496500387e+02 2.120519115685603195e-01 2.830163123664734925e+01
2.525462134535711414e+02 2.169385394412247370e-01 2.842793109146492725e+01
2.525222435995798094e+02 2.166965687373850757e-01 2.842830290010741123e+01
2.525257787325456604e+02 2.157345876465103229e-01 2.838326979143305806e+01
2.525160940026675860e+02 2.186972533374252070e-01 2.849057789686146336e+01
2.525275522007530640e+02 2.243127441838505265e-01 2.844139587587493168e+01
2.525769850450301703e+02 2.110309132328466453e-01 2.894510215885081550e+01
2.525881245499934948e+02 2.123794572774164724e-01 2.894792023229187450e+01
2.525763033958522783e+02 2.087676018932732025e-01 2.904004024976098108e+01
2.525934006916821204e+02 2.089210467298544538e-01 2.905473554372587586e+01
2.525933711830597019e+02 2.066252759056196320e-01 2.896847593866927895e+01
2.525659134098983714e+02 2.118424003493820929e-01 2.859660827893910451e+01
2.525229636099668369e+02 2.315364549521370108e-01 2.796004237438179274e+01
2.525134736369967356e+02 2.129725805880478273e-01 2.778819596085976329e+01
2.524794413427603672e+02 2.203792448153350514e-01 2.753507689947002390e+01
2.524965297860034639e+02 2.260212934219378855e-01 2.753286670365080724e+01
2.525159376069687482e+02 2.203556379173994551e-01 2.768399216250988459e+01
2.525537558574615389e+02 2.738724755373520003e-01 2.773775097083367669e+01
2.525746922250681621e+02 2.234481415469600218e-01 2.805079024090839468e+01
2.525944659529514524e+02 2.173280532571617296e-01 2.817215035233295239e+01
2.525968502496429551e+02 2.111017339266533788e-01 2.851316674732356660e+01
2.526201207492829326e+02 2.129932366237414498e-01 2.847865346254175378e+01
2.526159393774861144e+02 1.988438521736051179e-01 2.906987641788930787e+01
2.525612362932448889e+02 2.091482631224843847e-01 2.884997226189492636e+01
2.526021677034029267e+02 2.049875473613389787e-01 2.951343822664982852e+01
2.525966230332503244e+02 2.013697902527118444e-01 2.969973206170843127e+01
2.525666481745966223e+02 2.081095596133190062e-01 2.949698716965097134e+01
2.525803785366084071e+02 2.065898655587162513e-01 3.025721780904380154e+01
2.525832880867789640e+02 2.050023016725487091e-01 3.035706613472456539e+01
2.525916891915817928e+02 2.082128397917871465e-01 3.058844324311563767e+01
2.525310873337189150e+02 2.195028387294767624e-01 3.007750439678473953e+01
2.525408930489489023e+02 2.252865287236930636e-01 3.010930288830396151e+01
2.525500082624142806e+02 2.099922097236812668e-01 3.059746402898927187e+01
2.525525814142892500e+02 2.192166050920078824e-01 3.057003281358813140e+01
2.525345929580623476e+02 2.275941029968956975e-01 2.989954969842187893e+01
2.525316745553050737e+02 2.343958404645837545e-01 2.903902810401199375e+01
2.525327014553652702e+02 2.280190271597360707e-01 2.904425408104248163e+01
2.525448117940062218e+02 2.157640962689297837e-01 2.947213500784929252e+01
2.525090119332868994e+02 2.299783996883889570e-01 2.902755220075306042e+01
2.525088643901748071e+02 2.336581249040969865e-01 2.910893403052372008e+01
2.524844725628828712e+02 2.172159204919677511e-01 2.913841019345852956e+01
2.525148369353525197e+02 2.141352203113749963e-01 2.941709552531249727e+01
2.526070454786888604e+02 2.501622974233070895e-01 2.988393373543749476e+01
2.526205014105121620e+02 2.025206265270712014e-01 3.047006940427992916e+01
2.526351465398189475e+02 1.930336044192113021e-01 3.124110905206501343e+01
2.526621911922663912e+02 1.938480423979886957e-01 3.147845280390930256e+01
2.526454657050790331e+02 2.082541518631744193e-01 3.156299795800332930e+01
2.522747282255875234e+02 2.372080121811593334e-01 3.117140378418573832e+01
2.523775687255816251e+02 2.367860388805609062e-01 3.089229942989341637e+01
2.523555228337720280e+02 2.592421005417783197e-01 3.080369684021671262e+01
2.523535251000342328e+02 3.320251177394034636e-01 3.005115319696415455e+01
2.523704305898183406e+02 3.062611395049633645e-01 3.020285407396040966e+01
2.523959142361397880e+02 2.870421737231619308e-01 3.050925390399074644e+01
2.524635125883783360e+02 2.726862289160892905e-01 3.128340376057884242e+01
2.525227186884007438e+02 2.695996270110126436e-01 3.169031586029437975e+01
2.525623664734835643e+02 2.520597018448790805e-01 3.204363735083391163e+01
2.525812460901075269e+02 2.379722855018236438e-01 3.241918473577979398e+01
2.526520933416744299e+02 2.395893580104106468e-01 3.311187604017894159e+01
2.526961762727068788e+02 2.312118601055228317e-01 3.329191699814685990e+01
2.526543182918048558e+02 2.066960965994263655e-01 3.394440575536171423e+01
2.526441584731058470e+02 1.957336433705928747e-01 3.451460971895988195e+01
2.526809527744006800e+02 2.293380625818864371e-01 3.457188300421383076e+01
2.526328625724436563e+02 2.034885093424298463e-01 3.441973654701904195e+01
2.526498831458552274e+02 1.951375691977195737e-01 3.532278596805986837e+01
2.526584937618772244e+02 1.915168612268504933e-01 3.574105888740690062e+01
2.526631207138725870e+02 1.924139233484024047e-01 3.638040450419612881e+01
2.526530907331122080e+02 1.944972320912170538e-01 3.674917375857225466e+01
2.526663607606142534e+02 1.881499274087888585e-01 3.774222152713022638e+01
2.526217732321384233e+02 1.811298261351967087e-01 3.860500643287969069e+01
2.526972120253538208e+02 2.042498318008522107e-01 3.902202523577389570e+01
2.527011012617886934e+02 1.726490480518407533e-01 3.996530081089694164e+01
2.527155545850497447e+02 1.712385359001900309e-01 4.056229565278974292e+01
2.526710644350279154e+02 1.847888953152111158e-01 4.072423307090331690e+01
2.526190436845646161e+02 1.917440776194804242e-01 4.069282114233779168e+01
2.525849818817058292e+02 2.074102052619775372e-01 4.043381215991312416e+01
2.525613720329080252e+02 2.449245169438510061e-01 4.019573069250834862e+01
2.524959632204530067e+02 2.158703273096398700e-01 3.988139304304717569e+01
2.523889059383151618e+02 2.499468844796449429e-01 3.833052903058273841e+01
2.523357874670978731e+02 2.692661795776725708e-01 3.682619126308707536e+01
2.522719544150800743e+02 2.735419789662539292e-01 3.597224714061448481e+01
2.522721845823349724e+02 2.674661536100848558e-01 3.564222860919960567e+01
2.522642143034194646e+02 2.622431274418385305e-01 3.525837749790488829e+01
2.523483374842128910e+02 2.320558067067197139e-01 3.627680858346808890e+01
2.524140797441012296e+02 2.066547845280390927e-01 3.736043306854262624e+01
2.524776708254151742e+02 1.955034761157210255e-01 3.861481509897191700e+01
2.525405359946176134e+02 1.867600712928317586e-01 3.961654135338346094e+01
2.525677931091464927e+02 1.925231052513544372e-01 3.968619940746685870e+01
2.525479839709163059e+02 1.923667095525312398e-01 4.028804841774766743e+01
2.525487069321655724e+02 1.887991171020172165e-01 4.072935281689309761e+01
2.525697701868485865e+02 1.894246998973100060e-01 4.124278809268068358e+01
2.525162385949174393e+02 1.981681047201992452e-01 4.118794631791409699e+01
2.525271361291769381e+02 1.906257008297824740e-01 4.158267725829487205e+01
2.525800775486597161e+02 2.112492770387507102e-01 4.193469151686122842e+01
2.525283253266604504e+02 1.926499923277581738e-01 4.232951098310926596e+01
2.525270977679678026e+02 1.852846401718582225e-01 4.300918898502142440e+01
2.525114404929120155e+02 1.933198380566801544e-01 4.300781093235443109e+01
2.525230285289361518e+02 1.882059937913858338e-01 4.340852622136188188e+01
2.525443367051852590e+02 1.844495461573871786e-01 4.428622773574438298e+01
2.525229252487576730e+02 1.839656047497078561e-01 4.409584990734292376e+01
2.525250292135361860e+02 1.826701762254930861e-01 4.481503405295027420e+01
2.525275167904061675e+02 1.765530387979367677e-01 4.513256158449498656e+01
2.525847930265223624e+02 1.781199466484106597e-01 4.563358258283070512e+01
2.526229742330708916e+02 2.072715147366060440e-01 4.568933027230556831e+01
2.526053074208283533e+02 1.920716233283365493e-01 4.601578121126993182e+01
2.525610621923726171e+02 1.868043342264609774e-01 4.629116452827516071e+01
2.526197666458139111e+02 1.973713719148735279e-01 4.686016158921636787e+01
2.525842854782167421e+02 1.898319188866987028e-01 4.711519576020113220e+01
2.521773350172920516e+02 2.243481545307538794e-01 4.734851748680964789e+01
2.522475448826147044e+02 2.095967941832603543e-01 4.768310395297505977e+01
2.521997291108461923e+02 2.401942847700097861e-01 4.721940546027549601e+01
2.522331299205627886e+02 2.894677824860424353e-01 4.723719325786994716e+01
2.521996051746320404e+02 2.900845126946093866e-01 4.667365824293858623e+01
2.521832928081585408e+02 2.772099007329941744e-01 4.655447586784858771e+01
2.521861433410842608e+02 2.875113608196315229e-01 4.631855738246715504e+01
2.522121286339868504e+02 2.605847428618642270e-01 4.693396855561194769e+01
2.522410972486160574e+02 2.527413510227688453e-01 4.722033793274394498e+01
2.523066152429740043e+02 2.391113183272152165e-01 4.781533799176119004e+01
2.523559123475879744e+02 2.372699802882402287e-01 4.812853070667249256e+01
2.524257592568548603e+02 2.132912737101781142e-01 4.895551280084040258e+01
2.524134187509590390e+02 1.964979166912571851e-01 4.904097567309167971e+01
2.524252782663094195e+02 1.885866550205970160e-01 4.927693842140673297e+01
2.523912046600016481e+02 1.872263075270594046e-01 4.924766586796661727e+01
2.523680049810554635e+02 2.049373827032258955e-01 4.904873053906351288e+01
2.523698286139209870e+02 1.991271349488320519e-01 4.937820906268811427e+01
2.523806346714509914e+02 1.968756270582264212e-01 4.945311670069994392e+01
2.523824583043165148e+02 1.953057683455105553e-01 4.969621168305378944e+01
2.524126102147047277e+02 2.277564004202027870e-01 4.976550973194367344e+01
2.523906262910022349e+02 2.087882579289668528e-01 5.006880525489548006e+01
2.523832078233259892e+02 1.927031078481132309e-01 5.026020113077041174e+01
2.523947338912430212e+02 1.889378076273887097e-01 5.040672029366981377e+01
2.524445887088207314e+02 1.901447102843450976e-01 5.087566246857331720e+01
2.524130233354186146e+02 2.048400042492416195e-01 5.030558244118931555e+01
2.523994877303148030e+02 2.383499958687928522e-01 4.999230710213524276e+01
2.523712656838328030e+02 1.978494115980689583e-01 5.013961119439100145e+01
2.524416407974410106e+02 1.884420627707416029e-01 5.105841526894158733e+01
2.524546157387188430e+02 1.963444718546759338e-01 5.131945739545095364e+01
2.524678031420781110e+02 1.924139233484024047e-01 5.169825072886297335e+01
2.524596144993567179e+02 1.968844796449522594e-01 5.217687468278231222e+01
2.525403914023677601e+02 2.043029473212072678e-01 5.290816916703060713e+01
2.525033905407159978e+02 1.879492687763364422e-01 5.281085563201567368e+01
2.525264633325857915e+02 1.729677411739710402e-01 5.368234558137887547e+01
2.524842364939035235e+02 1.887696084795977280e-01 5.347299665962394499e+01
2.524624148676243180e+02 1.920126060834976001e-01 5.382596109583220567e+01
2.524562888776100351e+02 1.985664711228621038e-01 5.389478110503889496e+01
2.524920710331558951e+02 2.137545590821638142e-01 5.391446630705492282e+01
2.524490828720151967e+02 1.987966383777339807e-01 5.364160597726655766e+01
2.524279192880159712e+02 2.005583031361763968e-01 5.351990651668417343e+01
2.524768180262272494e+02 1.836410099030936771e-01 5.429371407325220389e+01
2.525752322328584398e+02 1.900296266569091452e-01 5.521512375916242377e+01
2.526061808760519796e+02 1.657823916148298549e-01 5.605937134830797675e+01
2.525954190814555886e+02 1.746821921365422914e-01 5.662245193045407632e+01
2.526317559991029498e+02 1.718139540373697094e-01 5.735494741563484666e+01
2.526561212686347062e+02 1.903601232280072164e-01 5.730730574473861338e+01
2.526480063974693451e+02 1.832219874647371960e-01 5.715693570661347422e+01
2.526322133827504501e+02 1.810649071658738674e-01 5.726623859491743218e+01
2.525924239562800153e+02 1.883918981126285197e-01 5.735249524911179009e+01
2.526307615585274107e+02 1.994222211730267702e-01 5.750844536773644933e+01
2.526400302168293592e+02 1.735431593111507187e-01 5.836132717980193974e+01
2.526414407289809958e+02 1.690519469789072415e-01 5.863599048642013400e+01
2.527145129306783531e+02 1.873413911544953570e-01 5.907489878542509842e+01
2.527041701585203270e+02 1.596180403914023715e-01 5.954044746875037220e+01
2.527495662232504401e+02 1.769543560628415724e-01 6.007742177264196926e+01
2.527313062876972651e+02 1.595649248710473145e-01 6.058058804782757534e+01
2.528074650912996901e+02 1.641535156572750676e-01 6.137878743168754170e+01
2.527484006326648682e+02 1.545543607842211620e-01 6.146420013928069892e+01
2.527573181383600343e+02 1.887135420970007527e-01 6.153481427273049320e+01
2.527492180215058966e+02 1.737910317394742721e-01 6.186095537115945575e+01
2.523796520343244367e+02 1.766297612162273933e-01 6.204765937606968862e+01
2.524119521724247761e+02 1.926588449144840121e-01 6.210647891313841740e+01
2.523498424239562894e+02 2.025147248025873092e-01 6.187367948914673121e+01
2.523796372800132133e+02 2.428795694101816560e-01 6.218653875662468522e+01
2.524543973749129577e+02 2.163277109571416779e-01 6.319182080003777457e+01
2.525367500383612196e+02 1.856328419164079702e-01 6.422052973878967919e+01
2.525935039718605708e+02 1.895840464583751495e-01 6.473053611265211771e+01
2.526246001581662028e+02 1.913073500076722389e-01 6.503187816479974970e+01
2.526706041005181760e+02 1.934850863422291900e-01 6.486467935930879491e+01
2.526360583562517093e+02 1.862141617780715408e-01 6.509872404716658423e+01
2.526347039104826422e+02 1.982005642048606520e-01 6.499969015946459194e+01
2.526609105180533845e+02 1.951051097130581669e-01 6.535845303997828637e+01
2.526777953518017910e+02 1.907761948041217515e-01 6.549604584459578405e+01
2.526877722170418110e+02 1.948424829735248553e-01 6.549979343964307077e+01
2.527042291757651640e+02 1.971116960375821903e-01 6.556243434331511821e+01
2.527182398696899099e+02 1.905076663401045756e-01 6.582409910175753964e+01
2.527505488603769948e+02 1.772789509094557514e-01 6.621607098594209617e+01
2.526857272695081633e+02 1.618134818994109991e-01 6.646133780290601578e+01
2.527189421749035034e+02 1.786097897805738743e-01 6.681609046163288212e+01
2.527115178055027798e+02 1.674053658479007500e-01 6.697913740394943716e+01
2.527405867494481981e+02 1.837590443927715755e-01 6.727891549910883384e+01
2.527597053859137759e+02 1.540999279989613002e-01 6.783108969440870339e+01
2.527964524734127281e+02 1.699962228963303179e-01 6.794403394671923024e+01
2.527059318232787746e+02 1.581278549592190774e-01 6.767342512482147754e+01
2.527397487045714684e+02 1.853348048299713058e-01 6.780388274453795816e+01
2.527049727930501319e+02 1.591134429480294266e-01 6.802642202051438858e+01
2.527204677706826033e+02 1.891414171220830720e-01 6.789424994983534134e+01
2.526650535286410673e+02 1.673050365316745558e-01 6.809588826855207344e+01
2.526985989306075169e+02 1.734221739592308742e-01 6.831415469600217705e+01
2.526894571593819592e+02 1.625482465976558488e-01 6.834543973749129009e+01
2.526647318846567032e+02 1.664404338947840511e-01 6.831010316214397449e+01
2.526614239680834828e+02 1.939837820611182706e-01 6.792670648363451846e+01
2.526294218670695670e+02 1.695712987334899169e-01 6.808474286186424251e+01
2.526440817506875476e+02 1.588390127595283308e-01 6.849720553345687790e+01
2.526583285135916697e+02 1.847446323815818969e-01 6.807571617426611965e+01
2.525826890617438494e+02 1.840482288924823739e-01 6.711987877857910689e+01
2.525209688270912807e+02 1.911007896507359582e-01 6.636577412920054542e+01
2.524544652447445117e+02 1.881233696486113161e-01 6.591163643016489004e+01
2.524321508244709094e+02 1.984956504290553703e-01 6.553080405094368643e+01
2.524660267230084685e+02 1.921424440221432828e-01 6.565348024692815443e+01
2.524939182729193590e+02 2.133414383682912252e-01 6.562841562304505771e+01
2.524555629654985296e+02 1.936267277298426570e-01 6.573468797582653167e+01
2.524072839083580106e+02 2.026888256748621830e-01 6.535593300362366165e+01
2.523913964660473823e+02 1.918857190070938634e-01 6.507193021800969746e+01
2.524299878424475594e+02 2.274436090225563922e-01 6.495423212662740298e+01
2.524134010457855766e+02 2.052944370345014813e-01 6.502398165744030223e+01
2.524365535109359087e+02 1.923932673127087822e-01 6.518103539854345740e+01
2.524472946494965697e+02 1.938155829133272612e-01 6.542035917895208286e+01
2.524429627837253918e+02 1.923490043790795634e-01 6.573406239303123755e+01
2.524768652400231304e+02 1.807639192171952569e-01 6.614906280615196010e+01
2.524982707947262099e+02 2.087174372351601193e-01 6.607892671238535343e+01
2.524624237202110351e+02 1.916939129613673132e-01 6.613082352663448660e+01
2.524672454291143993e+02 1.901742189067645583e-01 6.602798892836486289e+01
2.524946087746839680e+02 2.085757958475466523e-01 6.617735567332775304e+01
2.524744012700511178e+02 1.767536974303891562e-01 6.620733643370593313e+01
2.524908818356723827e+02 1.816255709918438155e-01 6.608529172224123727e+01
2.525024020018649367e+02 1.860135031456191523e-01 6.621699460582382812e+01
2.524983327628332859e+02 2.126155262567722415e-01 6.568526103327391752e+01
2.524413575146657820e+02 1.966661158390481667e-01 6.572806624095561290e+01
2.524455565916360626e+02 1.904899611666528991e-01 6.581456781671604972e+01
2.524093170524427308e+02 1.618547939707982719e-01 6.533772618359084561e+01
2.524175971718936182e+02 1.972238288027761688e-01 6.457811817613107053e+01
2.522972019924221740e+02 2.080830018531414916e-01 6.378024338711771435e+01
2.523107641552861651e+02 2.672477898041807909e-01 6.363648918213902306e+01
2.522847788623835754e+02 2.538095631543537123e-01 6.345979450195346772e+01
2.523235118801713952e+02 2.342955111483575603e-01 6.380672147401470795e+01
2.523512883464548224e+02 2.344814154696002184e-01 6.394679300291544877e+01
2.524257976180639957e+02 2.122171598541093829e-01 6.466849128315293171e+01
2.524478405590113539e+02 1.984218788730066907e-01 6.503582936934172665e+01
2.524942104082813046e+02 2.093341674437270705e-01 6.498679784232952272e+01
2.525351713270617608e+02 1.983717142148935797e-01 6.543494529101403145e+01
2.525405950118624787e+02 2.172542817011130778e-01 6.521503523329516838e+01
2.525097348945361944e+02 1.911922663802363143e-01 6.513352946731035331e+01
2.525304233897144854e+02 2.012606083497598120e-01 6.544390410878058617e+01
2.525788145796201718e+02 1.795894760449003313e-01 6.604008451269460522e+01
2.525986148652636416e+02 1.661955123287024438e-01 6.644604938563048790e+01
2.526601875568040896e+02 1.890794490150021767e-01 6.697167762420178860e+01
2.526843639711523792e+02 1.635485888976759006e-01 6.715746391095477463e+01
2.527055364077383501e+02 1.873413911544953570e-01 6.736732923360206371e+01
2.526788694656578684e+02 1.529107305154566165e-01 6.736504821708903989e+01
2.526523382632405230e+02 1.496618311870728524e-01 6.764451257657486849e+01
2.527293380625818884e+02 1.656230450537647114e-01 6.806526717106739000e+01
2.527297364289845518e+02 1.517598942410972596e-01 6.815765276613826984e+01
2.526843020030453033e+02 1.549527271868840206e-01 6.828103421819855612e+01
2.526982772866231528e+02 1.555310961863056451e-01 6.857057872310288360e+01
2.527260596546310865e+02 1.790730751525595743e-01 6.855380897298191201e+01
2.527494540904852443e+02 1.614446241191676290e-01 6.899244874352285706e+01
2.528032099479467831e+02 1.790406156678981675e-01 6.916598895197176944e+01
2.527424664486963195e+02 1.733543041276661145e-01 6.854895480459390456e+01
2.526849069298048960e+02 1.619905336339278468e-01 6.814172401175623861e+01
2.526197312354670146e+02 1.828472279600099060e-01 6.745447114646900388e+01
2.525691505057777988e+02 1.930867199395663314e-01 6.702988043106195448e+01
2.525390192514252590e+02 1.828265719243162835e-01 6.703950909455743101e+01
2.526153669102111508e+02 1.971353029355177588e-01 6.756353501493136093e+01
2.525910518053375142e+02 1.810737597525997056e-01 6.743247837017976565e+01
2.525766368432855984e+02 1.800704665903377077e-01 6.725734469612019950e+01
2.525682859031408896e+02 1.848154530753886304e-01 6.709651975307184557e+01
2.525665862064895464e+02 2.080475915062381109e-01 6.699427237638838051e+01
2.525123139481356418e+02 1.808996588803248318e-01 6.666229447244484163e+01
2.524905365847900782e+02 1.812567132116004176e-01 6.665277499085232193e+01
2.525291928801595702e+02 2.123853590019003645e-01 6.656769868155474512e+01
2.525322912855136224e+02 1.902981551209263211e-01 6.654520720954663204e+01
2.525146982448271444e+02 1.855236600134559377e-01 6.631378583822193207e+01
2.525005370569280387e+02 1.863380979922333314e-01 6.619891172200516394e+01
2.525292282905064951e+02 1.745936662692838814e-01 6.669049881375337918e+01
2.525654501245263930e+02 1.955152795646888098e-01 6.675459744337295831e+01
2.525333093329871019e+02 1.733867636123275213e-01 6.698912312177618844e+01
2.525815087168470541e+02 1.686417771272765986e-01 6.750627943485086746e+01
2.526111412754806906e+02 1.928240932000330476e-01 6.730276731861049200e+01
2.526046788871708202e+02 1.687539098924705772e-01 6.756867541695683599e+01
2.525725498990805136e+02 1.703739332632995263e-01 6.757907130463522094e+01
2.525870917482088203e+02 1.671043778992221396e-01 6.801979438391897759e+01
2.526184948241876214e+02 1.965067692779830233e-01 6.772418585710744310e+01
2.525285230344306626e+02 1.886899351990651563e-01 6.689256795835743219e+01
2.525028859432726165e+02 2.303502083308742732e-01 6.598758277168589359e+01
2.524369017126804522e+02 2.073895492262839146e-01 6.544123357845163014e+01
2.524044982944016340e+02 2.126361822924658640e-01 6.492004048582995779e+01
2.524649171988054945e+02 2.236399475926865721e-01 6.523734670270653169e+01
2.524381705834444745e+02 2.053829629017598912e-01 6.539930477685580001e+01
2.524981084973029226e+02 2.028186636135078658e-01 6.602181277369247425e+01
2.524044510806057531e+02 1.744992386775415794e-01 6.638919512281488267e+01
2.524318055735886048e+02 1.975454727871484017e-01 6.564981822688589830e+01
2.524235697170713308e+02 1.831511667709304625e-01 6.620199242218576785e+01
2.524473772736393471e+02 2.274022969511691195e-01 6.608032837195028719e+01
2.523988975578664054e+02 2.683986260785401479e-01 6.528532182103610637e+01
2.523771526540054992e+02 2.395244390410878055e-01 6.521974776029556153e+01
2.524025507253219303e+02 2.330236895220783588e-01 6.534885388510522830e+01
2.523644668972273735e+02 2.559371348307975524e-01 6.473148038856953690e+01
2.523492227428854733e+02 2.517203526870551711e-01 6.457550076132245920e+01
2.523492876618547882e+02 2.464176532382762186e-01 6.462002927255343820e+01
2.523405206501339819e+02 2.589529160420674936e-01 6.403765890393172810e+01
2.522905389454798808e+02 2.681035398543454296e-01 6.362400998571782651e+01
2.522527000389513887e+02 2.781158154412719519e-01 6.312910612480966677e+01
2.522525642992882524e+02 2.444199195004780334e-01 6.367597171893627461e+01
2.522643116818734370e+02 2.063685508905702126e-01 6.422521865889213188e+01
2.522281960788942570e+02 2.252186588921282762e-01 6.320086519280933857e+01
2.522402385477036262e+02 2.475389808902161148e-01 6.295762266734340074e+01
2.521887282964082146e+02 2.330768050424333881e-01 6.235554644066996133e+01
2.521676119262048417e+02 2.350568336067798969e-01 6.170061141865652843e+01
2.521552448625488410e+02 2.251537399228054348e-01 6.140711275834799210e+01
2.521794242277593412e+02 2.585309427414690386e-01 6.131697867116771761e+01
2.521707722996659697e+02 2.243983191888669904e-01 6.088099762750675836e+01
2.521638348225351365e+02 2.236665053528641145e-01 6.052937583361858032e+01
2.522084016949752652e+02 2.329263110680941107e-01 6.074336055995561878e+01
2.522361191440138839e+02 2.240235596841397003e-01 6.062039222860919807e+01
2.522840411468231139e+02 2.035209688270912809e-01 6.109133803897498893e+01
2.523102684104295292e+02 2.305066040296974705e-01 6.115950295676396564e+01
2.523009702435051622e+02 2.153185160703957601e-01 6.096231748917033855e+01
2.523434302003045389e+02 2.257557158201626557e-01 6.137749790488781088e+01
2.523729565278974576e+02 1.974392417464383154e-01 6.166704240979213836e+01
2.523414206631177592e+02 2.143506332550371152e-01 6.117159263936922287e+01
2.523593382986508686e+02 2.241622502095112213e-01 6.099110315034052832e+01
2.523194573954509394e+02 2.084784173935624041e-01 6.082428500607877453e+01
2.523311251047556141e+02 2.070974138643311702e-01 6.066833783831635429e+01
2.523576917175198560e+02 1.919152276295133519e-01 6.099134217018212922e+01
2.524087622903412296e+02 2.185467593630859018e-01 6.090465173923820430e+01
2.523553752906599357e+02 2.102577873254564966e-01 6.045421737231619375e+01
2.523749955737066273e+02 2.311912040698292092e-01 6.033064706507241226e+01
2.523456256418125463e+02 2.151001522644916952e-01 5.974824423696604470e+01
2.523164504668264101e+02 2.075577483740748963e-01 5.935714580800510021e+01
2.523262827398165768e+02 2.151444151981208863e-01 5.907386008191593874e+01
2.523430023252794570e+02 2.020455377061177171e-01 5.905182599355531892e+01
2.523669515232350875e+02 2.244927467806092924e-01 5.909388168222754700e+01
2.523992133001262914e+02 1.953087192077525014e-01 5.953804251602318232e+01
2.524113236387672430e+02 2.119338770788824489e-01 5.970037534967717363e+01
2.524582216923785154e+02 1.943939519127489135e-01 5.998542274052478263e+01
2.524998406534389233e+02 2.182841326235525903e-01 6.011618134818994008e+01
2.524372440127005177e+02 2.005819100341119654e-01 5.958041394695530357e+01
2.524355826772582816e+02 2.055305060138572504e-01 5.923301188607310763e+01
2.524459815157989055e+02 2.173516601550973260e-01 5.917415988951971428e+01
2.524241185774483256e+02 1.997173073972214608e-01 5.919259097508292200e+01
2.524214273910836823e+02 2.229819053127323758e-01 5.900657747193729818e+01
2.524056078186046079e+02 1.986756530258141362e-01 5.877900992670058145e+01
2.523901305461455706e+02 1.994163194485428781e-01 5.849278514181843747e+01
2.524065520945220271e+02 1.994369754842365006e-01 5.875076427332066231e+01
2.524249802292229674e+02 2.247789804180781725e-01 5.845017469104472241e+01
2.523944388050188365e+02 2.103227062947793380e-01 5.857044003257752252e+01
2.523911279375833487e+02 2.382496665525666579e-01 5.778767365824293734e+01
2.522810371690607951e+02 2.356912689887985246e-01 5.645972368125966057e+01
2.522587581591340893e+02 2.625618205639688174e-01 5.580213878495296598e+01
2.523442829994924637e+02 1.947155958971211465e-01 5.550547680032105546e+01
2.524112262603132706e+02 1.878902515314974930e-01 5.517065426517628168e+01
2.523597779771249066e+02 2.072656130121221518e-01 5.518465020478983973e+01
2.523186665643701190e+02 2.802256819442641156e-01 5.425103280178468168e+01
2.522860123228007296e+02 2.755338109795682500e-01 5.382124856883181252e+01
2.522512924776619627e+02 2.623316533090969127e-01 5.339733655174041616e+01
2.522427438297470417e+02 2.747164221385489102e-01 5.304024976098015998e+01
2.522177795351801706e+02 2.788387766905489618e-01 5.253746414702376200e+01
2.522434107246137387e+02 2.618506627636595363e-01 5.278139127252983087e+01
2.522505724672749352e+02 2.705704606886132346e-01 5.270184192821142233e+01
2.522419293917682808e+02 2.730639392830584988e-01 5.247096646640148521e+01
2.522806417535203707e+02 2.563620589936379535e-01 5.246725133083887016e+01
2.523020355047744943e+02 2.556184417086672656e-01 5.249295334096623122e+01
2.523288794985894867e+02 2.229878070372162679e-01 5.300200068460004132e+01
2.523527136129176824e+02 2.483268611088159938e-01 5.272292583893013784e+01
2.523353182800014167e+02 2.029750593123310631e-01 5.317649992327758213e+01
2.523955483292218105e+02 1.914666965687373823e-01 5.363491342170182463e+01
2.523900921849364352e+02 1.878843498070136009e-01 5.367136837383883829e+01
2.524157882933393182e+02 2.113732132529125007e-01 5.392220051699106165e+01
2.524188807969688639e+02 1.885128834645483364e-01 5.421200764863493049e+01
2.524303478476410874e+02 1.857479255438439225e-01 5.440227924599567899e+01
2.524353436574166949e+02 1.963297175434662034e-01 5.439175056951641096e+01
2.524696297258058735e+02 2.253927597644031500e-01 5.436463509637516012e+01
2.523886167538154552e+02 2.123056857213677928e-01 5.380196468408068711e+01
2.523108585828779269e+02 2.215182776407266241e-01 5.268063998300303297e+01
2.522941183413793453e+02 2.323213843084949437e-01 5.227313180911462354e+01
2.522654359603876344e+02 2.563502555446701692e-01 5.168308034607712642e+01
2.522745334686795502e+02 2.319495756660095998e-01 5.135538414324665979e+01
2.522462671592639367e+02 2.224979639050530533e-01 5.142108214020136359e+01
2.522232769915369204e+02 2.179241274300350584e-01 5.104694526740713911e+01
2.522432336728792279e+02 2.165195170028682281e-01 5.129394128964483457e+01
2.522720606461207922e+02 2.085551398118530297e-01 5.144192703107847819e+01
2.522621811593347445e+02 2.199513697902527043e-01 5.122522456061660989e+01
2.522478547231501125e+02 2.193789025153149719e-01 5.094303360441921313e+01
2.522983734847322523e+02 2.382821260372280647e-01 5.134115508551598595e+01
2.522883110444871875e+02 2.145040780916183665e-01 5.141418597514193323e+01
2.523364100990309282e+02 2.198480896117845640e-01 5.150054295865251675e+01
2.523538260879828954e+02 2.117538744821236829e-01 5.199458811864826657e+01
2.524324193529349145e+02 1.918503086601905105e-01 5.270386031798491189e+01
2.524148971329422579e+02 1.888699377958239500e-01 5.276159393774860717e+01
2.524259156525536696e+02 1.930483587304210324e-01 5.275879356948099996e+01
2.524049409237379109e+02 2.080151320215767041e-01 5.245182127217572798e+01
2.524671982153185184e+02 1.866449876653958340e-01 5.333253561690725775e+01
2.525041577648989062e+02 2.110427166818144296e-01 5.342929143895846522e+01
2.525083981539405897e+02 1.784386397705409466e-01 5.371592049196775065e+01
2.525473997001923863e+02 1.768835353690348389e-01 5.417133886521641273e+01
2.526037080534932215e+02 1.677565184546924715e-01 5.484580564440929606e+01
2.526178869465657897e+02 2.003812514016595769e-01 5.496486703414737462e+01
2.526205486243080145e+02 1.763759870634199201e-01 5.580695459213182374e+01
2.526361439312567256e+02 1.773025578073913200e-01 5.610434543973749300e+01
2.526176243198262625e+02 1.724365859704205528e-01 5.632206595767283375e+01
2.525948023512470400e+02 2.142148935919075681e-01 5.573426895338818099e+01
2.525301371560770178e+02 1.998353418868993592e-01 5.527016619256146868e+01
2.524675611713742853e+02 2.058167396513261305e-01 5.467682746898643842e+01
2.525194019192408064e+02 2.235868320723315428e-01 5.493212131584849089e+01
2.525216534271314117e+02 2.013697902527118444e-01 5.522384355708737758e+01
2.525248669161128987e+02 1.869872876854616894e-01 5.543792566187840265e+01
2.525789650735945031e+02 2.071534802469281455e-01 5.571809822830230985e+01
2.525998188170583489e+02 2.053298473814048342e-01 5.609346265978918922e+01
2.525657275055771436e+02 1.964448011709021280e-01 5.582628569067881585e+01
2.523187167290282105e+02 1.866803980122991868e-01 5.610038833347103804e+01
2.523654613378029126e+02 1.978051486644397394e-01 5.618051899765111301e+01
2.523314083875308427e+02 2.080682475419317612e-01 5.629057140496453115e+01
2.523841757061413205e+02 2.438149927408788942e-01 5.669934844961697706e+01
2.524210821402013778e+02 2.538951381593701484e-01 5.680202960305000914e+01
2.524588384225870925e+02 2.328672938232551615e-01 5.712736806694915970e+01
2.525119067291462613e+02 2.258707994475985803e-01 5.752529184027572740e+01
2.525603421819855896e+02 2.123824081396584185e-01 5.797818132458304063e+01
2.526168452921943697e+02 2.098859786829711527e-01 5.849443172294944304e+01
2.526545750168199049e+02 2.093548234794206930e-01 5.871119321065615537e+01
2.526875154920267619e+02 1.951110114375420590e-01 5.915129365800687111e+01
2.527065013396914708e+02 1.947775640042020140e-01 5.935052997485865234e+01
2.527441543418987067e+02 1.854233306972297435e-01 5.984517415988951683e+01
2.527642939767000030e+02 1.884273084595318726e-01 6.011390033167691627e+01
2.528029620755184794e+02 1.787956941018165602e-01 6.083456285926747853e+01
2.527816243906469538e+02 1.591134429480294266e-01 6.167882520272423363e+01
2.527793374724094519e+02 1.559117574155168273e-01 6.216092232150234054e+01
2.528536549379728626e+02 1.697601539169745488e-01 6.288716197873018388e+01
2.528906794065225938e+02 1.672578227358033909e-01 6.342441071281028542e+01
2.528498601291297234e+02 1.433882980606933366e-01 6.395216062133355450e+01
2.528642514842836988e+02 1.640443337543230073e-01 6.433060280213878457e+01
2.528070637740347593e+02 1.440551929273733711e-01 6.504052419116865735e+01
2.528301159098688515e+02 1.412548246597655766e-01 6.569470674331039106e+01
2.528729388227239951e+02 1.508038148747063989e-01 6.633775274135102507e+01
2.528706401010375373e+02 1.311805809657581867e-01 6.724246644869630529e+01
2.527993443184098510e+02 1.479680362601952237e-01 6.680960446642508543e+01
2.527775787585132434e+02 1.790612717035917900e-01 6.619776383659305452e+01
2.527470845481049651e+02 1.715837867824978324e-01 6.601327002750203121e+01
2.527018861911450642e+02 1.685503003977762426e-01 6.598358435334804994e+01
2.527482944016241504e+02 1.882856670719184056e-01 6.663599933900685812e+01
2.527391762372965331e+02 1.618016784504432148e-01 6.718521972120252883e+01
2.527195146421784386e+02 1.647053268965191497e-01 6.730496866184299165e+01
2.527759233247955137e+02 1.610728154766822851e-01 6.804417735862419647e+01
2.527806801147295346e+02 1.591281972592391569e-01 6.873036791350432395e+01
2.527376417889307163e+02 1.634098983723043796e-01 6.896296372800132701e+01
2.527507642733206694e+02 1.882856670719184056e-01 6.862936284982471591e+01
2.526966543123900806e+02 1.723008463072909779e-01 6.864453618347280894e+01
2.527615083627435979e+02 1.920716233283365493e-01 6.917026770222258847e+01
2.527585604513638771e+02 1.654902562528770826e-01 6.951651597596817567e+01
2.528052578463426983e+02 1.673611029142715589e-01 7.050396595885317197e+01
2.528368468266427556e+02 1.487677199277628870e-01 7.117306511962794957e+01
2.528393107966147682e+02 1.478116405613720263e-01 7.208186282031608982e+01
2.528807556568029042e+02 1.517569433788553135e-01 7.265581732982377616e+01
2.528271739002136371e+02 1.447899576256181930e-01 7.314206926263854314e+01
2.528565467829699855e+02 1.620938138123959871e-01 7.330266403843202738e+01
2.528434065934065984e+02 1.383098641423023689e-01 7.388903282539158113e+01
2.529020372752918320e+02 1.381210089588177647e-01 7.464594964648669873e+01
2.528540621569622715e+02 1.393780762738872359e-01 7.497466684765288392e+01
2.528991129708100800e+02 1.515385795729512208e-01 7.579710756483044065e+01
2.529279487966383897e+02 1.404020254718428840e-01 7.643544988845741273e+01
2.528412760708679059e+02 1.368904994039258360e-01 7.657427320262981141e+01
2.528471099255202432e+02 1.367872192254576680e-01 7.702209015474321063e+01
2.528739391650240123e+02 1.502283967375266927e-01 7.753255096139092473e+01
2.529146079484425229e+02 1.492900225445875362e-01 7.781953706873147780e+01
2.528732545649838812e+02 1.332196267749436447e-01 7.870906563897970898e+01
2.528796431817376913e+02 1.558615927574037163e-01 7.862527590561961688e+01
2.528087870775840713e+02 1.432230497751443010e-01 7.927091276070868275e+01
2.528323231548258434e+02 1.691817849175528965e-01 7.942493596628935393e+01
2.527532695553640849e+02 1.489477225245216530e-01 7.957103610675039818e+01
2.527271072107269845e+02 1.954798692177854291e-01 7.842260183425597120e+01
2.523898059512989676e+02 1.567999669503429006e-01 7.763809150033640094e+01
2.523783389006267726e+02 1.778278112864579152e-01 7.721630705492144386e+01
2.524567167526351170e+02 1.852492298249548419e-01 7.816123511289998760e+01
2.525365080676573655e+02 1.639676113360323817e-01 7.937350833913669135e+01
2.526113360323886639e+02 1.654135338345864570e-01 8.011824400089706444e+01
2.526773733785011871e+02 1.514382502567250266e-01 8.076430282928672000e+01
2.527494954025566187e+02 1.507654536655610722e-01 8.143613153763529056e+01
2.527908812454999463e+02 1.503641364006562675e-01 8.206478913138418818e+01
2.528394996517982634e+02 1.446837265849081067e-01 8.232109217313299609e+01
2.528625016229742357e+02 1.382685520709151239e-01 8.280409225575712640e+01
2.528793038325798932e+02 1.390151202181277301e-01 8.324211824695176176e+01
2.528924440221432803e+02 1.269874057199513739e-01 8.351552153539263657e+01
2.529270664888280464e+02 1.326707663979414809e-01 8.381935116441023581e+01
2.529487317194084142e+02 1.263146091287874195e-01 8.442363463604064577e+01
2.529629725805880582e+02 1.263913315470780452e-01 8.448873065709800301e+01
2.528952857024822549e+02 1.089310796614770815e-01 8.505830018531415249e+01
2.529106803507985148e+02 1.351140803342736618e-01 8.504573541388793956e+01
2.528677600594893704e+02 1.243817943603120896e-01 8.496735166015510288e+01
2.528675210396477837e+02 1.492546121976841556e-01 8.499951605859232018e+01
2.528427308459531844e+02 1.315287827103079621e-01 8.519958156773408575e+01
2.528209121705362179e+02 1.341196397587375022e-01 8.522089269484543195e+01
2.528245859940274443e+02 1.499333105133320021e-01 8.517053032896212983e+01
2.527920497869477572e+02 1.405908806553274881e-01 8.555623458174478912e+01
2.528195311670069998e+02 1.507890605634966408e-01 8.578265719243162835e+01
2.527865110185196045e+02 1.402485806352616327e-01 8.611410394117160649e+01
2.527687497786853328e+02 1.369023028528936203e-01 8.647671474604879904e+01
2.528275250528204481e+02 1.468703155061908960e-01 8.675905029449604910e+01
2.528206642981079142e+02 1.399239857886474536e-01 8.691223250433776570e+01
2.527881575996506172e+02 1.375721485818156009e-01 8.707645979155108762e+01
2.527584276625630082e+02 1.358311398590668073e-01 8.704306193269673031e+01
2.527500059017244780e+02 1.745877645447999893e-01 8.650656271762609606e+01
2.526320245275669549e+02 1.716870669609660005e-01 8.538840724259628701e+01
2.525975348496830861e+02 2.023760342772158161e-01 8.448338664557783773e+01
2.525333329398850424e+02 1.842842978718381430e-01 8.393835353690347745e+01
2.525104696592344169e+02 1.791409449841243617e-01 8.389244992386775834e+01
2.525035793958994930e+02 1.705893462069616728e-01 8.399318645908334702e+01
2.525381487470639001e+02 1.929775380366142989e-01 8.405474439631259997e+01
2.525069138702328928e+02 1.688099762750675803e-01 8.399678651101851301e+01
2.525559719550052478e+02 1.634305544079980299e-01 8.428817825568631861e+01
2.525626733631567049e+02 1.854321832839555817e-01 8.393656236352262567e+01
2.525117178739627661e+02 1.759717189362731693e-01 8.380896708018083530e+01
2.524889755786640819e+02 1.643836829121469167e-01 8.394286540527141938e+01
2.525027443018850022e+02 1.600695223144202872e-01 8.419777564004202475e+01
2.525211016158921495e+02 1.682965262449687693e-01 8.411885187851891033e+01
2.525521859987488256e+02 1.805721131714687067e-01 8.410562611395049259e+01
2.525509525383316998e+02 1.623062758938161598e-01 8.434490268056326556e+01
2.525794401624154659e+02 1.544186211210915871e-01 8.468483610911108883e+01
2.525376028375491444e+02 1.545720659576728384e-01 8.422149762160503883e+01
2.525341414761393253e+02 1.797930855395946659e-01 8.395290718948076858e+01
2.525155480931528302e+02 1.663342028540739648e-01 8.407474829145076001e+01
2.524961992894323828e+02 1.646964743097933115e-01 8.387494540904852158e+01
2.524803561100553679e+02 1.632446500867553441e-01 8.402136719349394411e+01
2.524854522491471869e+02 1.879492687763364422e-01 8.368147802787974854e+01
2.524884178657003702e+02 1.624833276283330075e-01 8.418381511077537027e+01
2.524773314762573762e+02 1.565609471087451854e-01 8.402152654005500665e+01
2.524967894618807520e+02 1.597360748810802422e-01 8.426453889826606769e+01
2.525667986685709536e+02 1.771579655575359069e-01 8.470602330000826896e+01
2.525342919701136566e+02 1.553835530742082860e-01 8.502676432053445410e+01
2.525494151391036439e+02 1.759540137628214929e-01 8.499342252806269471e+01
2.525183248545224899e+02 1.609488792625205222e-01 8.473168694892648034e+01
2.523481928919630377e+02 1.413817117361693132e-01 8.335027620070584931e+01
2.523397416225020891e+02 1.760927042881930138e-01 8.241827291934703226e+01
2.522852628037912552e+02 1.977933452154719551e-01 8.200088525867258227e+01
2.523438226649826959e+02 2.062121551917470152e-01 8.256006480093483901e+01
2.523843202983912022e+02 1.919801465988361933e-01 8.292975177346821170e+01
2.524135131785507724e+02 1.864295747217336874e-01 8.310573529585344943e+01
2.524211234522727523e+02 1.828796874446713405e-01 8.333858193364100941e+01
2.524767088443243210e+02 1.822452520626527128e-01 8.359112852775581359e+01
2.525155657983262643e+02 1.829062452048488552e-01 8.377949681897050027e+01
2.525351418184393424e+02 1.840511797547243200e-01 8.399081396584081460e+01
2.525489577554561436e+02 1.775061673020856823e-01 8.410700416661748591e+01
2.525591854439867348e+02 1.777038750722961247e-01 8.409969488084418288e+01
2.525538915971246752e+02 1.563042220936957660e-01 8.439708277758761312e+01
2.525419671628049798e+02 1.559560203491460184e-01 8.440917541105511646e+01
2.525568129507442166e+02 1.546930513095926552e-01 8.453108438285667603e+01
2.525492321856446551e+02 1.461768628793333469e-01 8.470647478193127711e+01
2.525932000330496692e+02 1.667443727057046077e-01 8.469831269697004927e+01
2.526039441224725977e+02 1.491041182233448503e-01 8.508900980866609132e+01
2.525532247022580066e+02 1.469352344755137374e-01 8.500162887595755024e+01
2.525421943791976105e+02 1.542445202488167133e-01 8.500222495013042590e+01
2.525563467145099708e+02 1.546517392382054101e-01 8.507617060705138101e+01
2.525946784150328597e+02 1.506680752115768240e-01 8.538383340612126915e+01
2.525943125081148821e+02 1.486378819891172320e-01 8.543049834161541867e+01
2.525887855431357139e+02 1.542917340446878505e-01 8.531672194615266847e+01
2.525571906611111785e+02 1.502224950130428005e-01 8.527175670730987633e+01
2.525587487163749358e+02 1.507064364207221230e-01 8.513229305603097430e+01
2.525305709328265777e+02 1.581337566837029696e-01 8.459795682298367581e+01
2.524778508280119524e+02 1.673345451540940165e-01 8.402491117904651219e+01
2.524085645825710174e+02 1.734575843061342548e-01 8.325785224442581978e+01
2.523979119698776117e+02 1.797576751926913130e-01 8.311434886273768541e+01
2.524235785696580479e+02 1.865712161093471544e-01 8.329092255757132079e+01
2.524389555128008453e+02 1.669951959962701071e-01 8.358469269720612260e+01
2.524616092822322742e+02 1.593583645141110339e-01 8.398590668193246245e+01
2.525056154908464237e+02 1.554868332526764263e-01 8.430795493443184796e+01
2.524999055724082666e+02 1.494906811770399246e-01 8.437068731483338979e+01
2.525266816963916767e+02 1.515326778484673287e-01 8.451836026486940057e+01
2.525058545106880104e+02 1.563779936497444456e-01 8.421016631059595170e+01
2.524959750239019911e+02 1.583403170406392779e-01 8.440252711842400402e+01
2.525224265530387981e+02 1.429102583774979063e-01 8.467871011909680590e+01
2.525378477591152091e+02 1.414348272565243703e-01 8.491217348709292878e+01
2.525488220157930073e+02 1.472126155262567793e-01 8.492117656779311119e+01
2.525743764828082760e+02 1.411574462057813284e-01 8.526544186211211240e+01
2.525757338794395821e+02 1.452325869619102705e-01 8.517263429374062866e+01
2.525598966017870453e+02 1.489034595908924619e-01 8.524730881363534252e+01
2.525759758501434078e+02 1.565432419352934812e-01 8.537748610143883354e+01
2.525539034005736596e+02 1.553363392783371211e-01 8.542179624886391309e+01
2.525582470697937936e+02 1.483811569740678127e-01 8.557429090780325964e+01
2.525588608491401317e+02 1.488414914838115666e-01 8.567480907921294886e+01
2.525418756860754854e+02 1.580835920255898863e-01 8.547243304493572680e+01
2.525713046352144033e+02 1.657410795434425821e-01 8.569462116830537468e+01
2.525669373590963289e+02 1.494316639322009754e-01 8.574242218576267760e+01
2.525555588342913893e+02 1.498979001664286215e-01 8.583355366438073020e+01
2.525330644114210088e+02 1.603587068141310856e-01 8.557044298343976152e+01
2.524740914295157097e+02 1.655581260844418701e-01 8.483959112852775775e+01
2.524403335654678244e+02 1.792619303360441785e-01 8.415224973737325342e+01
2.523949168447020099e+02 1.790258613566884371e-01 8.372925838930135001e+01
2.524097803378147091e+02 1.724542911438722292e-01 8.396453948843851833e+01
2.524430985233885281e+02 1.719172342158378775e-01 8.416251578711299430e+01
2.524864761983451444e+02 1.832042822912855196e-01 8.444595495803874030e+01
2.525080410996093008e+02 1.534094262343456694e-01 8.514794738022450815e+01
2.523444807072626759e+02 1.491867423661193681e-01 8.475469777268918392e+01
2.524024858063526153e+02 1.625748043578333635e-01 8.516521877692662201e+01
2.523571369554183832e+02 1.836557642143034075e-01 8.496065320286587053e+01
2.523606897935576683e+02 2.187297128220866138e-01 8.484515055299158348e+01
2.523599343728237443e+02 2.351069982648930079e-01 8.438868757450927660e+01
2.523562723527814740e+02 2.163277109571416779e-01 8.437094699071069215e+01
2.523398271975071054e+02 2.225510794254081104e-01 8.431300385972781442e+01
2.523554697182516691e+02 2.110663235797499981e-01 8.447398519847499188e+01
2.523608432383942670e+02 2.074308612976711874e-01 8.471545720659577228e+01
2.523720978269850548e+02 2.183431498683915395e-01 8.443241935293492872e+01
2.523861468821189646e+02 1.792058639534472031e-01 8.489274205922970395e+01
2.523856422846755834e+02 1.699932720340883718e-01 8.472328879498589060e+01
2.523985818156065193e+02 1.657941950637976392e-01 8.489185384969488268e+01
2.523809120525017420e+02 1.684057081479208295e-01 8.455942741469057466e+01
2.523918508988326437e+02 1.670571641033510024e-01 8.476344412837431719e+01
2.524038638590195944e+02 1.683702978010174489e-01 8.485689203385229007e+01
2.524021612115060123e+02 1.652010717531662842e-01 8.484395250292135415e+01
2.524181312779594180e+02 1.650741846767625476e-01 8.495847546653132554e+01
2.523634577023406109e+02 1.757445025436432662e-01 8.417072803673232784e+01
2.523102418526693498e+02 1.905784870339113091e-01 8.338316060953010833e+01
2.522430330142467767e+02 2.003605953659659267e-01 8.271171256241073877e+01
2.522800692862454355e+02 1.929775380366142989e-01 8.280819690513567366e+01
2.523054998170465524e+02 1.804009631614357789e-01 8.295071764969723915e+01
2.522879628427426439e+02 1.880584506792884747e-01 8.291516861226850210e+01
2.523117054803413453e+02 1.691375219839237054e-01 8.336099668323083733e+01
2.523283365399369700e+02 1.772789509094557514e-01 8.334932602306393790e+01
2.522984679123239857e+02 1.797193139835459863e-01 8.294122767672713792e+01
2.523045083273332523e+02 1.839183909538367190e-01 8.285947698917624393e+01
2.523000820339703125e+02 1.770222258944063320e-01 8.273489453618347511e+01
2.523351471299913840e+02 2.102076226673433856e-01 8.263756919771957143e+01
2.523099851276543006e+02 1.838564228467558237e-01 8.284772665572880612e+01
2.523058067067196930e+02 1.798757096823691837e-01 8.288119238441473158e+01
2.523435954485900652e+02 1.758448318598694604e-01 8.336163111861286268e+01
2.523713453571133414e+02 1.647820493148097754e-01 8.359127607086790590e+01
2.523772234746993206e+02 1.724719963173239334e-01 8.353862383588484875e+01
2.524163401045785520e+02 1.691286693971978672e-01 8.381660391166299462e+01
2.524305986709316585e+02 1.613944594610545180e-01 8.388275339054071367e+01
2.524010605398897553e+02 1.670896235880124092e-01 8.365358647796885805e+01
2.524241598895197285e+02 1.629790724849801142e-01 8.367307102135244179e+01
2.523912636772464850e+02 1.631030086991418770e-01 8.353049125954603937e+01
2.523850875225740822e+02 1.683998064234369374e-01 8.339345026616777545e+01
2.523490811014978590e+02 1.850662763659541299e-01 8.276143754204979075e+01
2.522851064080924459e+02 1.897463438816822390e-01 8.173092857733028893e+01
2.522056957542993985e+02 2.048813163206288923e-01 8.111756530258141140e+01
2.522253160373461185e+02 2.062210077784728812e-01 8.088458292513072934e+01
2.522432631815016464e+02 1.980795788529408352e-01 8.069161423968083113e+01
2.522407254399735734e+02 1.841308530352568917e-01 8.077601480152500812e+01
2.522669556544422278e+02 2.176969110374051275e-01 8.055095253833169977e+01
2.523122868002030259e+02 1.934909880667130821e-01 8.070462164044333520e+01
2.522740052643382285e+02 1.909384922274288410e-01 8.031389797098712791e+01
2.522603103126733686e+02 1.841839685556119488e-01 7.999078445721839614e+01
2.522389165614192450e+02 2.054980465291958436e-01 7.948178432738046695e+01
2.522334309085114796e+02 2.062003517427792310e-01 7.927518265837277056e+01
2.522401677270098332e+02 2.084666139445946198e-01 7.886544068176721112e+01
2.522310584152689330e+02 2.300492203821956905e-01 7.873762703461952128e+01
2.521913280060433635e+02 2.077643087310112047e-01 7.862160503299064374e+01
2.522082954639345758e+02 2.020455377061177171e-01 7.864654276979733538e+01
2.522201077654890753e+02 2.048429551114835656e-01 7.848343681023595764e+01
2.522647011956893834e+02 2.234451906847180758e-01 7.860682416402072192e+01
2.522588201272411936e+02 2.309049704323603291e-01 7.865352746072402113e+01
2.523676774353466215e+02 1.526540055004072249e-01 7.866872735213229362e+01
2.523752670530328999e+02 1.707841031149301692e-01 7.818098523388533749e+01
2.523217885766220832e+02 1.961379114977396532e-01 7.772394388640360319e+01
2.522657664569587155e+02 2.515905147484094884e-01 7.652423543159311237e+01
2.522021930808182049e+02 2.639044628840547246e-01 7.579740855277911749e+01
2.521486673906115357e+02 2.717360512741823220e-01 7.521282798833819072e+01
2.521303543395380018e+02 2.520478983959112962e-01 7.503986319802646676e+01
2.521291061248096810e+02 2.586607806801147214e-01 7.488279765347434136e+01
2.521223663554490599e+02 2.531397174254317317e-01 7.494782875556236945e+01
2.521506710260738089e+02 2.405100270298981269e-01 7.503854121174207137e+01
2.521568914436798536e+02 2.084430070466590235e-01 7.505290305827362829e+01
2.521876335265164357e+02 2.000094427591742330e-01 7.522700688141074465e+01
2.521374511632298834e+02 2.169267359922569249e-01 7.448481781376517574e+01
2.521413522031137404e+02 2.083721863528522900e-01 7.422004284651974615e+01
2.521147796886250205e+02 2.154247471111058743e-01 7.382753685626940410e+01
2.521400892340741962e+02 2.098417157493419616e-01 7.386686299736783212e+01
2.521842961013207969e+02 2.017740583798585952e-01 7.401234050589582125e+01
2.521852787384473800e+02 2.058521499982294833e-01 7.375229577082423305e+01
2.521908204577377433e+02 2.412359391414171106e-01 7.347135598021742453e+01
2.522153480246928154e+02 2.052147637539689096e-01 7.383203987205061480e+01
2.522043177016324194e+02 2.023258696191027051e-01 7.382285383789142941e+01
2.522666753225292382e+02 1.975690796850839703e-01 7.412284439513226175e+01
2.522709658762290417e+02 1.941195217242478177e-01 7.402919583102182344e+01
2.522644946353324542e+02 2.050436137439359818e-01 7.345024846260076856e+01
2.522063242879569316e+02 2.269065520945220127e-01 7.227500560663825979e+01
2.521696008073559199e+02 2.218399216250988570e-01 7.179651739238205721e+01
2.521306523766244538e+02 2.280131254352521786e-01 7.097932330827067915e+01
2.521015775309545575e+02 2.325722075990604432e-01 7.055651786452001772e+01
2.521415882720931165e+02 2.281341107871720231e-01 7.065493207115119390e+01
2.521802799778095050e+02 2.155073712538803921e-01 7.111882532075873087e+01
2.522084813682558035e+02 2.050878766775651729e-01 7.140543371773232195e+01
2.522503482017445435e+02 1.969169391296136662e-01 7.165444812974351407e+01
2.522755131549438659e+02 1.986225375054591069e-01 7.146538048417747291e+01
2.522586135668842360e+02 2.016442204412129124e-01 7.128982188595507807e+01
2.522989577554561436e+02 1.976664581390682462e-01 7.141274005264338598e+01
2.523657475714403802e+02 1.839242926783206111e-01 7.185441921129354625e+01
2.523833317595401411e+02 1.823927951747500720e-01 7.206559471677624629e+01
2.524145518820599250e+02 1.777481380059253435e-01 7.224035953305555324e+01
2.524254199076970338e+02 1.969405460275492625e-01 7.244563626491661523e+01
2.524338977349181334e+02 1.729942989341485549e-01 7.302215802457477878e+01
2.524744160243623128e+02 1.670601149655929485e-01 7.357560699236316282e+01
2.525098204695412107e+02 1.676237296538048427e-01 7.385010209983357754e+01
2.525238193600170007e+02 1.686653840252121672e-01 7.397790984525678937e+01
2.525498105546440684e+02 1.537369719432017945e-01 7.460258082411681357e+01
2.525788027761711874e+02 1.506857803850285005e-01 7.504344259392594552e+01
2.525992168411609953e+02 1.630616966277546320e-01 7.497943249017362177e+01
2.525649130675983542e+02 1.801914519422575245e-01 7.424503074798455771e+01
2.524833364809197178e+02 1.948454338357668014e-01 7.309132033380153359e+01
2.524122413569244827e+02 2.040963869642709594e-01 7.233120477803613824e+01
2.523857986803743927e+02 1.966749684257740050e-01 7.211080192632287833e+01
2.523967139198073539e+02 1.872912264963822460e-01 7.229113206879050324e+01
2.524091724601928775e+02 1.824665667307987515e-01 7.245211635839991970e+01
2.524535799860719294e+02 1.909414430896708148e-01 7.295927515019889142e+01
2.525061732038101638e+02 1.714509979816102314e-01 7.351847829935907441e+01
2.525152264491684377e+02 1.651686122685048497e-01 7.348372009301117203e+01
2.525454255733525315e+02 1.854469375951653121e-01 7.378379327439478175e+01
2.525289095973843416e+02 1.642066311776300969e-01 7.402283082116593960e+01
2.525752086259604994e+02 1.537664805656212830e-01 7.481687539098925299e+01
2.526323255155156460e+02 1.886486231276779113e-01 7.499609010752942595e+01
2.526500601975897382e+02 1.923814638637409979e-01 7.508407006527306748e+01
2.523891567616057330e+02 1.508333234971258596e-01 7.594686382360926302e+01
2.524243782533256137e+02 1.664404338947840511e-01 7.614240271007187744e+01
2.524333577271278557e+02 1.713300126296903869e-01 7.673881918296525839e+01
2.524677146162108556e+02 1.886279670919842888e-01 7.682133119297458279e+01
2.525427048783654698e+02 1.714657522928199618e-01 7.764986544068176499e+01
2.526454214421453912e+02 1.526303986024716286e-01 7.872003989565750715e+01
2.527103079519835660e+02 1.543596038762526379e-01 7.898346336799612288e+01
2.527488845740725480e+02 1.396761133603239002e-01 7.981705834444824177e+01
2.527769472739934713e+02 1.370262390670553831e-01 8.035389395781447774e+01
2.528026758418810118e+02 1.361852433281004748e-01 8.060469069061980463e+01
2.528535929698657867e+02 1.339160302640431399e-01 8.117939471913693694e+01
2.528923259876536065e+02 1.290884196362176994e-01 8.177406723244531861e+01
2.529331924788423294e+02 1.341963621770281279e-01 8.218138064942576193e+01
2.529223421583786831e+02 1.160013455931823284e-01 8.289316993425478586e+01
2.529230562670412326e+02 1.070956433469859859e-01 8.368069014766115288e+01
2.529623263417570627e+02 1.185951535038538285e-01 8.421303749955737317e+01
2.529035127064128119e+02 1.153757627978895389e-01 8.449283825733878928e+01
2.528738004744986370e+02 1.111324228939696152e-01 8.518279706330189072e+01
2.529437654182552251e+02 1.233578451623564415e-01 8.607446500867553141e+01
2.528716876571334069e+02 1.134872109630434001e-01 8.611235998158662142e+01
2.529157941950637962e+02 1.372829640821048025e-01 8.640500584270724005e+01
2.529108249430483681e+02 1.251844288901216851e-01 8.682358565172744136e+01
2.529015179235372557e+02 1.227853778874187091e-01 8.724489795918367463e+01
2.529087652412034686e+02 1.353206406912099702e-01 8.743355838576032113e+01
2.528712243717614285e+02 1.269077324394188022e-01 8.741234463710296154e+01
2.527912884644893268e+02 1.474014707097413834e-01 8.636830596900414037e+01
2.527476186541707364e+02 1.956185597431569501e-01 8.516820504951546411e+01
2.526311776301035081e+02 1.718995290423861733e-01 8.423998182268859125e+01
2.526389767590089832e+02 1.636253113159665262e-01 8.407397811640561258e+01
2.526445332326105699e+02 1.616305284404102871e-01 8.404081337566836396e+01
2.526144668972273735e+02 1.530287650051344872e-01 8.391205545260325493e+01
2.525622425372693840e+02 1.611170784103115039e-01 8.354501540350089783e+01
2.526034365741669774e+02 1.560504479408883205e-01 8.363558621829298545e+01
2.526070130192042029e+02 1.937860742909078005e-01 8.284749058674944422e+01
2.525392553204046351e+02 1.719880549096446110e-01 8.235516282857851422e+01
2.525521328832284667e+02 1.691286693971978672e-01 8.225532040462222483e+01
2.525321348898148131e+02 1.643954863611147288e-01 8.193781647997545292e+01
2.525249288842199746e+02 1.641387613460653094e-01 8.189045809185444114e+01
2.525058781175859508e+02 1.638348225351447807e-01 8.179490327073570199e+01
2.524800020065863180e+02 1.649679536360524612e-01 8.166711913221043062e+01
2.524652122850296792e+02 1.642685992847109921e-01 8.152762892317134913e+01
2.524430778673528266e+02 1.731064316993425611e-01 8.130347847641080250e+01
2.524965799506615838e+02 1.809173640537765082e-01 8.129014352993944215e+01
2.524582216923785154e+02 1.686919417853896819e-01 8.101043129802528142e+01
2.524481149891998371e+02 1.679778331228384824e-01 8.102319672808394557e+01
2.524474008805372875e+02 1.660922321502343035e-01 8.087586017634352231e+01
2.524797098712243724e+02 1.613619999763931112e-01 8.098899918556202238e+01
2.525056656555045436e+02 1.514057907720635920e-01 8.136376459201377997e+01
2.525387772807214333e+02 1.582370368621711376e-01 8.131362944252310854e+01
2.525290335335985219e+02 1.583196610049456554e-01 8.113103598871590805e+01
2.525398218859550639e+02 1.525920373933263297e-01 8.126875568040981079e+01
2.525629300881717541e+02 1.732923360205852192e-01 8.110963338487506746e+01
2.525719213654229804e+02 1.421371324701077576e-01 8.199140708915145126e+01
2.525639068235738591e+02 1.436479739379846743e-01 8.201340871802740651e+01
2.525493679253077630e+02 1.482601716221479959e-01 8.195630068105900534e+01
2.525877468396265328e+02 1.679394719136931835e-01 8.198878672348060093e+01
2.525890009560793601e+02 1.483339431781966755e-01 8.231943969027750541e+01
2.525947875969358165e+02 1.517480907921294475e-01 8.233357432041643165e+01
2.525988804428654078e+02 1.752044947533669406e-01 8.214773196728083349e+01
2.526164410240672282e+02 1.782733914849919110e-01 8.211863351471299666e+01
2.523178078634577162e+02 1.474103232964672217e-01 8.153122602424429033e+01
2.523069044274737109e+02 1.840541306169662661e-01 8.055511325409284495e+01
2.521770045207209421e+02 2.057134594728579624e-01 7.958499073429256043e+01
2.521498565880950480e+02 2.571646935234475628e-01 7.884491153314998257e+01
2.521247447504160846e+02 2.706088218977585336e-01 7.834609187804676367e+01
2.521204394424050577e+02 2.642113525572172272e-01 7.820194225752764794e+01
2.521482277121374977e+02 2.463025696108402940e-01 7.849591600665713997e+01
2.521633567828519631e+02 2.355083155297978126e-01 7.864125482465976802e+01
2.521715572290223122e+02 2.458156773409190254e-01 7.846930218009703140e+01
2.521855767755338036e+02 2.349299465303761880e-01 7.856681637374440186e+01
2.521532884408824202e+02 2.116240365434780002e-01 7.814887985269295712e+01
2.521272441307349936e+02 2.186736464394896107e-01 7.763711771579654908e+01
2.521419010634907636e+02 2.097738459177771742e-01 7.762363522621309642e+01
2.521760277853188654e+02 2.033586714037841914e-01 7.757125447055629763e+01
2.521918030948643263e+02 1.904575016819914646e-01 7.786777186293835484e+01
2.522565509141771258e+02 2.079620165012216471e-01 7.791097543702269945e+01
2.522774872817837490e+02 1.907407844572183986e-01 7.831188548293810925e+01
2.522914360076014191e+02 1.736966041477319700e-01 7.847116417417169032e+01
2.523487181454420920e+02 1.681696391685650604e-01 7.887400703485558040e+01
2.523683561336622461e+02 1.654076321101025648e-01 7.875096198109088164e+01
2.523840222613047501e+02 1.646787691363416350e-01 7.911893745352392671e+01
2.524254022025235713e+02 1.540320581673965128e-01 7.968522562292702105e+01
2.524554095206619309e+02 1.618961060421855169e-01 7.969113324913539032e+01
2.524169745399605631e+02 1.710496807167054267e-01 7.950671911332491959e+01
2.523902928435688864e+02 1.731182351483103454e-01 7.941994310737597118e+01
2.523601114245582551e+02 1.783029001074113717e-01 7.890438911249867715e+01
2.523632658962949051e+02 1.770546853790677666e-01 7.907900638566589180e+01
2.523662669231949565e+02 1.789815984230592183e-01 7.897683573140071189e+01
2.524005854510687925e+02 1.738972627801843585e-01 7.905331617898750096e+01
2.523616635780975059e+02 1.716900178232079466e-01 7.865659340659340160e+01
2.523634754075140734e+02 1.849777504986957199e-01 7.837627919878188720e+01
2.523709086295015425e+02 1.703827858500253645e-01 7.887629985481757444e+01
2.523106756294189097e+02 1.906050447940888237e-01 7.823010528676479680e+01
2.522798597750262672e+02 1.937123027348591209e-01 7.722152713022745729e+01
2.522351689663719867e+02 2.130758607665159676e-01 7.635556709670565567e+01
2.522155457324630277e+02 2.567604253963007843e-01 7.550308365104282871e+01
2.521675115968886018e+02 2.270688495178291022e-01 7.531259664073841975e+01
2.522340505895822673e+02 1.961467640844654914e-01 7.586873384402922227e+01
2.522737603427721638e+02 1.937565656684883397e-01 7.597932330827067915e+01
2.522380224501599457e+02 1.988497538980890100e-01 7.569508445367736726e+01
2.522410500348201765e+02 2.002278065650783256e-01 7.534493218918568402e+01
2.522251625925095198e+02 1.956687244012700611e-01 7.474537304800462323e+01
2.522112876382479101e+02 2.075518466495910042e-01 7.428284309675287034e+01
2.522559784469021906e+02 1.954739674933015370e-01 7.451102737219815708e+01
2.522691924080216097e+02 1.851518513709705938e-01 7.478717496252404828e+01
2.522750026557760066e+02 1.804540786817908082e-01 7.485776548907590211e+01
2.522760944748055465e+02 1.898909361315376243e-01 7.476651597596817567e+01
2.523087015025790549e+02 1.868131868131868156e-01 7.533050837454703696e+01
2.523478771497031516e+02 1.809321183649862386e-01 7.557039281878164161e+01
2.523815877999551560e+02 1.814839296042303485e-01 7.582137840677046370e+01
2.523734729287897949e+02 1.757651585793368887e-01 7.565583503499722440e+01
2.523867488580163183e+02 1.768481250221314582e-01 7.594766350727682891e+01
2.524001192148345751e+02 1.816845882366827647e-01 7.573790736653249667e+01
