2.517930862577227060e+02 1.419154108134368073e+02 2.453790959891545276e-01
2.516218692691760737e+02 1.402203370646481346e+02 2.157358727639453744e-01
2.515797311011575346e+02 1.386777397948412727e+02 2.331257837160029267e-01
2.515751973120289620e+02 1.384191879112521804e+02 2.327773241869065812e-01
2.516140810715257601e+02 1.386945345267436380e+02 2.484033177416770377e-01
2.517102342818045599e+02 1.392476491699287067e+02 2.384327969091385446e-01
2.517968150290340645e+02 1.399621349123382572e+02 2.373657985700441675e-01
2.518690682395671843e+02 1.408412944889981020e+02 2.579706937905529296e-01
2.519105883370341132e+02 1.415588451491635738e+02 2.526153540933820940e-01
2.518606378081132675e+02 1.417823704913279244e+02 2.394794472465338331e-01
2.518275328810989890e+02 1.420051238811778376e+02 2.479009764497315249e-01
2.518640015871441449e+02 1.424161446132480648e+02 2.436914835982388894e-01
2.518861745502455847e+02 1.428018549747048951e+02 2.547328180201903214e-01
2.518708982879699931e+02 1.433689385210563785e+02 2.429424227856923080e-01
2.518893908062641458e+02 1.440145564517154639e+02 2.424235487423663238e-01
2.518851228129077526e+02 1.445903018880402158e+02 2.444558054120597457e-01
2.519130339124883449e+02 1.454427216469672715e+02 2.478119539422981576e-01
2.519562212743444718e+02 1.465018275049025931e+02 2.564395066626988240e-01
2.519605350507046637e+02 1.480328251419909122e+02 2.561724391403986667e-01
2.519545120422017419e+02 1.490809799597618337e+02 2.355560981689341915e-01
2.519630480289144998e+02 1.499254639980262311e+02 2.326387034253317443e-01
2.519239785939022056e+02 1.502714601471669198e+02 2.351058986313425414e-01
2.517393522722359194e+02 1.490205451229655296e+02 2.058569179390526416e-01
2.516226335909898921e+02 1.471521865199575814e+02 2.022705826395936601e-01
2.515953481924615858e+02 1.455834840357209146e+02 2.011832362988002221e-01
2.515636014945607144e+02 1.447567892379418879e+02 2.022909306412927211e-01
2.515834992967221808e+02 1.446779712533605959e+02 2.130575670403068445e-01
2.516564125455604426e+02 1.449717569736417033e+02 2.228869236110581353e-01
2.517057017644260952e+02 1.450726131158131977e+02 2.169503941153579085e-01
2.516899040846069795e+02 1.452664240167464129e+02 2.166578915909339598e-01
2.517414506599111235e+02 1.454589250150702355e+02 2.198436256069427330e-01
2.517523966130751205e+02 1.454704330817811524e+02 2.223744083182631059e-01
2.517249738655353042e+02 1.455387934652392516e+02 2.171335261306494291e-01
2.517578524210306909e+02 1.455725240933057592e+02 2.260701141268545433e-01
2.517842005397307332e+02 1.457623264379042496e+02 2.288895841122802755e-01
2.518196009756866829e+02 1.460305041980471117e+02 2.254456848247146927e-01
2.518326542187766393e+02 1.462370389587927662e+02 2.202912816443220179e-01
2.518171795634845012e+02 1.464958871601565704e+02 2.208750149430637466e-01
2.518508440605454837e+02 1.466356601273276112e+02 2.244740677435846654e-01
2.518667002408694771e+02 1.468254980809290942e+02 2.066975447592449833e-01
2.518660834420679748e+02 1.471438476545112906e+02 2.110342126213567426e-01
2.519201213758301208e+02 1.474797575535597502e+02 2.080621326231880674e-01
2.519460014904911134e+02 1.479041202159940269e+02 2.140215536207997205e-01
2.519645397917890648e+02 1.483124092288361737e+02 2.196643088419698020e-01
2.519032338061700216e+02 1.481045836417327450e+02 2.134912338265180232e-01
2.517210161792048382e+02 1.465200758471763436e+02 1.995579396630879632e-01
2.516253614949676773e+02 1.443434551924285074e+02 1.915637184955704952e-01
2.515713006697036178e+02 1.427961816974811597e+02 1.872512138854763586e-01
2.515816260088157605e+02 1.423259559109673091e+02 1.994167754013007332e-01
2.515920085766827299e+02 1.422255296203317130e+02 2.089002159431680439e-01
2.516362285996250989e+02 1.423306206903568238e+02 2.135751693335266321e-01
2.516841227086242441e+02 1.427220819057938286e+02 2.158223517711663764e-01
2.517141207501290694e+02 1.431731093527046426e+02 2.291337601326689788e-01
2.517501036476336651e+02 1.433261937282371719e+02 2.397732215210640061e-01
2.517218186535218649e+02 1.435948166009171985e+02 1.969635694464580422e-01
2.517780846934700776e+02 1.437030781439570148e+02 1.971594189628114724e-01
2.517605841402587714e+02 1.437778634089515890e+02 2.095996785015731556e-01
2.517968849752898848e+02 1.440694400992982480e+02 2.055567849139915415e-01
2.519003850859321574e+02 1.446340132109401111e+02 2.228246078558547560e-01
2.519919358325766439e+02 1.454584849895335026e+02 2.328053026892427657e-01
2.520102744691079124e+02 1.462462655058131702e+02 2.323665489026068287e-01
2.520132363751052367e+02 1.468029728430482237e+02 2.311405818002385815e-01
2.520161804766010789e+02 1.472287865723536697e+02 2.339218992824785848e-01
2.519950643378378743e+02 1.476077693757487452e+02 2.312359630582029035e-01
2.520082536581891759e+02 1.480625205069704577e+02 2.398711462792407212e-01
2.520244710155433268e+02 1.487998049135337055e+02 2.450458974613324292e-01
2.520543126317851090e+02 1.493557517442052642e+02 2.480599452130054228e-01
2.520191754481011515e+02 1.499282313262573041e+02 2.367757065207714839e-01
2.519631459536726936e+02 1.497137468555978614e+02 2.374344730757785016e-01
2.518341434381509885e+02 1.485830427384340737e+02 2.199212023634203872e-01
2.516423953158900133e+02 1.466791819594616868e+02 1.947443655111545102e-01
2.515598574622480896e+02 1.454868666366533603e+02 1.906315256677323933e-01
2.516219646504340517e+02 1.452458356542772719e+02 1.919261672758349746e-01
2.516784850404035012e+02 1.457029853061992810e+02 1.987389325947008789e-01
2.517832047593975915e+02 1.461891842740468803e+02 2.148863436930096849e-01
2.518117949735348873e+02 1.467160512667902879e+02 2.110571041232681966e-01
2.518461449439031128e+02 1.470311578776016859e+02 2.073970073176501228e-01
2.518572002675762178e+02 1.471045225977276232e+02 2.140813258757907067e-01
2.518319801912203388e+02 1.472059281359449869e+02 2.146663309246386320e-01
2.518496638764469253e+02 1.474889484915771902e+02 2.134162005702527343e-01
2.518647455609562655e+02 1.478498877044656297e+02 2.110113211194453164e-01
2.518510322795611955e+02 1.480594937417177164e+02 2.134212875706775203e-01
2.519117837821339378e+02 1.485809468942590570e+02 2.203370646481448980e-01
2.519404248662754640e+02 1.490592813594499830e+02 2.245859817529294866e-01
2.519053995966008586e+02 1.494537998621422901e+02 2.122449187224507150e-01
2.518982790677563059e+02 1.496049537210136293e+02 2.165803148344562779e-01
2.518876319758672651e+02 1.496822939319715431e+02 2.029891214495916363e-01
2.519066993252093880e+02 1.498313010766636353e+02 2.036567902553419740e-01
2.519306463797089748e+02 1.501487807731732005e+02 2.059980822008398715e-01
2.519529210828189036e+02 1.507126277155044249e+02 2.145035469110461723e-01
2.520078339806541408e+02 1.510212598465251972e+02 2.214536612413807171e-01
2.519216385737068151e+02 1.508418655047957770e+02 2.062740519738833489e-01
2.517714512449161930e+02 1.495771786986944107e+02 1.896764413379828651e-01
2.516422299883762150e+02 1.475183755172843689e+02 1.827275987577544891e-01
2.515536932894833910e+02 1.462371089050485864e+02 1.705963744947972816e-01
2.515722519387830403e+02 1.458830155229817933e+02 1.882482659687302051e-01
2.516687129125875231e+02 1.462424591577453441e+02 2.039569232804031018e-01
2.517355624569194674e+02 1.467214205957386071e+02 2.053304133950895061e-01
2.517984937391742335e+02 1.470796191871482108e+02 2.148736261919477752e-01
2.518140714062249685e+02 1.473900444858187200e+02 2.119435139472834184e-01
2.517660450352147734e+02 1.471823842262290896e+02 2.191721415508738058e-01
2.517007037865087682e+02 1.466756541246671190e+02 1.988864556070190359e-01
2.516198382842565024e+02 1.462887292418589027e+02 2.014032490671713027e-01
2.516359526298520564e+02 1.460053222741944126e+02 1.979059362751456885e-01
2.516895581685781167e+02 1.459113463000974207e+02 2.049221816110021743e-01
2.517188987152780442e+02 1.463519619288888123e+02 2.048484201048430819e-01
2.517661480469733704e+02 1.465270997230128387e+02 2.000920747076882500e-01
2.517060057127014829e+02 1.461447366078355117e+02 1.966405449194854882e-01
2.516483305736356044e+02 1.456317901917544759e+02 2.024524429047789842e-01
2.516628793948504210e+02 1.455715473892242073e+02 1.973819752313949183e-01
2.517018877858576218e+02 1.457608194140284184e+02 2.069747862823946571e-01
2.517235049941626812e+02 1.456815804801619834e+02 2.062994869760071681e-01
2.516654572323156742e+02 1.453109161942115009e+02 2.039136837767925869e-01
2.515731141853550241e+02 1.441468807785145430e+02 2.080379693711704447e-01
2.517054016314010312e+02 1.415404887081307947e+02 2.126925747598299998e-01
2.516467675927550829e+02 1.397038679007729627e+02 2.081473398803028729e-01
2.515497788426565364e+02 1.390721616445254938e+02 2.045419283292510271e-01
2.515491480546038758e+02 1.390533511887048235e+02 2.041743925485617894e-01
2.515977454414117460e+02 1.393644645041827914e+02 2.266322276737910146e-01
2.516836025628308278e+02 1.399051605075809164e+02 2.222548638082811334e-01
2.517204400764067600e+02 1.401800149557812460e+02 2.296399166749330534e-01
2.517659229472045581e+02 1.404530609753306010e+02 2.320905791295633513e-01
2.517332160779735375e+02 1.404147227966293485e+02 2.323360269000582512e-01
2.516879977311978109e+02 1.401034708603898196e+02 2.189457700319717981e-01
2.516631401036221973e+02 1.399368932162305725e+02 2.253197815642017654e-01
2.516752153708804940e+02 1.400516559458132804e+02 2.298294074407555287e-01
2.516539835028576135e+02 1.400368375135759322e+02 2.164353353223504861e-01
2.516747537255919269e+02 1.402059942669505119e+02 2.261832998863055333e-01
2.517197278963472797e+02 1.406152447228729443e+02 2.402971825648147486e-01
2.517886669261037014e+02 1.410531133714349608e+02 2.419021311988279466e-01
2.518100768391414022e+02 1.414418975528984390e+02 2.272312219738070460e-01
2.518151244153128800e+02 1.415905956623147404e+02 2.373823313214246666e-01
2.518534829420158303e+02 1.419461197632510050e+02 2.292634786435004679e-01
2.518256799411942666e+02 1.418653242072545595e+02 2.324530279098278307e-01
2.516707235495054249e+02 1.410146759962254350e+02 2.113737698997097958e-01
2.515144814184592121e+02 1.388985270590270034e+02 2.106259808372694109e-01
2.514792170597646361e+02 1.367438224738591828e+02 2.150427689560712174e-01
2.514870790189210936e+02 1.353605500573559368e+02 2.280438702916631755e-01
2.514873053904400138e+02 1.348636302361131243e+02 2.181140454625228042e-01
2.515445239712177568e+02 1.349814667857024801e+02 2.225155725800503081e-01
2.516573231186364694e+02 1.350743821202109132e+02 2.426270287593569053e-01
2.515045274303780332e+02 1.339471600548378660e+02 2.092537624726891754e-01
2.515143377106971911e+02 1.310141113391782994e+02 2.336433860092227421e-01
2.515324321712080859e+02 1.282252625528094256e+02 2.512583967300761056e-01
2.515272892137786584e+02 1.264077179970444575e+02 2.508895891992806715e-01
2.517361067659649052e+02 1.333227421984489638e+02 2.380538153774935939e-01
2.516886221604999605e+02 1.330323088114477912e+02 2.406545443446544419e-01
2.517994933347576989e+02 1.337711511118911289e+02 2.745187061723119437e-01
2.518109225529620403e+02 1.344638657642327928e+02 2.827265813576695375e-01
2.518059563687973537e+02 1.432812856884873440e+02 2.522160245600380546e-01
2.518802431077502888e+02 1.442866155931824039e+02 2.571122624688739200e-01
2.518758860918864855e+02 1.452101401722967182e+02 2.476415394280685467e-01
2.518999208971434030e+02 1.457974292843353510e+02 2.358829379462253073e-01
2.519330309111580846e+02 1.465255850686363601e+02 2.388906269473673460e-01
2.519800169905814187e+02 1.470617930659097112e+02 2.364526819937989577e-01
2.519788914917374427e+02 1.475753283022899041e+02 2.499612116217611590e-01
2.519487433837200854e+02 1.478098034128685754e+02 2.498696456141153988e-01
2.517981630841466085e+02 1.467773992201628346e+02 2.289480846171650652e-01
2.516308554554264276e+02 1.444612141652613957e+02 2.148163974371691820e-01
2.515787467665753638e+02 1.420646672211497048e+02 2.290205743732179611e-01
2.515798633631685846e+02 1.406133879677178982e+02 2.077645430983393604e-01
2.515400054430904504e+02 1.400055117649602323e+02 2.166133803372172484e-01
2.516093412588799936e+02 1.400519242850856756e+02 2.304996197467182595e-01
2.517078205001030256e+02 1.406992959591412102e+02 2.371228942997616607e-01
2.518333409638339617e+02 1.417474507769121317e+02 2.418779679468103239e-01
2.519327498543846104e+02 1.429111479070808457e+02 2.471875246401583071e-01
2.519214172891883550e+02 1.433346928341968578e+02 2.542966077337667219e-01
2.518736796054522529e+02 1.434632108129281107e+02 2.439623663708575807e-01
2.517825243730907800e+02 1.433808599065517910e+02 2.425507237529854199e-01
2.517368481962768385e+02 1.431233292382979982e+02 2.160461797898560188e-01
2.518005527025961499e+02 1.437988892534572472e+02 2.389300512006592714e-01
2.519535442403709453e+02 1.450092189165197851e+02 2.574225694947845366e-01
2.519737358168069363e+02 1.457850576993023139e+02 2.572356222291744543e-01
2.519486314697107332e+02 1.467575688207570010e+02 2.509048502005549741e-01
2.517795141405894412e+02 1.481603155466363546e+02 1.866929155888584491e-01
2.518805890237791800e+02 1.490290505876757265e+02 1.919210802754102163e-01
2.519686755231344080e+02 1.495913370926266452e+02 2.047772020988963826e-01
2.519785239559567458e+02 1.496319059210141518e+02 2.095869610005112460e-01
2.519746565638838263e+02 1.496544934746501951e+02 2.081994816346567079e-01
2.520246935718119232e+02 1.501938541404368266e+02 2.113763133999221611e-01
2.520900678860206767e+02 1.506772145620474248e+02 2.166184673376420344e-01
2.521336978169137808e+02 1.513794469921838299e+02 2.213570082333101985e-01
2.521149433180977724e+02 1.521173227625464506e+02 2.235889296696756401e-01
2.520790977696046582e+02 1.528755032951045223e+02 2.267962834374896708e-01
2.519960219656678362e+02 1.530921942521982260e+02 2.186952352610521400e-01
2.518415259475174253e+02 1.516913398904768826e+02 2.059001574426631564e-01
2.517001060639588559e+02 1.490198176819047831e+02 1.868811346045747279e-01
2.517448958309487921e+02 1.388414623600121161e+02 2.306954692630716897e-01
2.515733036761208439e+02 1.375846260673162647e+02 2.108599828568085699e-01
2.515178057732367733e+02 1.367042913935583215e+02 2.258882538616691915e-01
2.515942506721199265e+02 1.367148952459437510e+02 2.179538049491427099e-01
2.516416589725785116e+02 1.370657761872423066e+02 2.278938037791326254e-01
2.516949389432774069e+02 1.375175577819660759e+02 2.466012478412041853e-01
2.516971657777133373e+02 1.373209032477954281e+02 2.452112249751372819e-01
2.516769691142769148e+02 1.371202668640422928e+02 2.489425397867020828e-01
2.516535142270684275e+02 1.370468474586617731e+02 2.421971772234642883e-01
2.516200163292713512e+02 1.367775848956783307e+02 2.301448014670909314e-01
2.516233114337965162e+02 1.364807062791389853e+02 2.419886102060489486e-01
2.516410650652789229e+02 1.365558209274110482e+02 2.460149710422500913e-01
2.516843350908919774e+02 1.367048089958515504e+02 2.390241607085174247e-01
2.516733815072273615e+02 1.369264025496046031e+02 2.394769037463214678e-01
2.517578867582835471e+02 1.373318797229619577e+02 2.589156041194529689e-01
2.517686546664326670e+02 1.376302208521234434e+02 2.664939630022459260e-01
2.518263412512494881e+02 1.381351437967845186e+02 2.741422681408793860e-01
2.518051271877281181e+02 1.384643134202701731e+02 2.621865453925765199e-01
2.518132371381553014e+02 1.387692104212290758e+02 2.627206804371768345e-01
2.518665539896072687e+02 1.393364783713459474e+02 2.683825119099397249e-01
2.518917816964637666e+02 1.397004786867399844e+02 2.645672615913663428e-01
2.519039574319804444e+02 1.403086804575248152e+02 2.726288855145119205e-01
2.519213702344344199e+02 1.406635674116578798e+02 2.732609453172889502e-01
2.518545257771029071e+02 1.406046459574879464e+02 2.613471903224903747e-01
2.518725070518543419e+02 1.407795777280947505e+02 2.661455034731495251e-01
2.518565821970246077e+02 1.411284518477257279e+02 2.619970546267540445e-01
2.518436955531985859e+02 1.411640023501942096e+02 2.542126722267581407e-01
2.517254914678285331e+02 1.402544161522437491e+02 2.368303917753377119e-01
2.515570341770123548e+02 1.378586437039467398e+02 2.328638031941275555e-01
2.515344631561276856e+02 1.358896171777830375e+02 2.454121614919154981e-01
2.515194577766247335e+02 1.350834179047153896e+02 2.273736579857004447e-01
2.515590308246790698e+02 1.348748928550535595e+02 2.342372933088139875e-01
2.516162748404589422e+02 1.352732151623134769e+02 2.502931383994770331e-01
2.517120172754534337e+02 1.358117415600304128e+02 2.682845871517630099e-01
2.517634519367482255e+02 1.438931348385767706e+02 2.216278910059288898e-01
2.517657449021897094e+02 1.438032017580673596e+02 2.197291680973855466e-01
2.517464867903316588e+02 1.440071116265938258e+02 2.277577265177701538e-01
2.517007864502656673e+02 1.437941990390656315e+02 2.253477600665379776e-01
2.516841481436263734e+02 1.435483850045401368e+02 2.214180522384073535e-01
2.516682080277953730e+02 1.433490839583985235e+02 2.207452964322322575e-01
2.516984120928174207e+02 1.434942008195157825e+02 2.204006521534544460e-01
2.517348579073606345e+02 1.438774325400156044e+02 2.262913986453317927e-01
2.517485521125041146e+02 1.439575706012071521e+02 2.243952192370008147e-01
2.516886208887498526e+02 1.434167461510483008e+02 2.320053718724485459e-01
2.516656047553279905e+02 1.432165256295798770e+02 2.160169295374136100e-01
2.516869548961107341e+02 1.432052769998906285e+02 2.303024984802586328e-01
2.517010497025376594e+02 1.431890749035377439e+02 2.188859977769808118e-01
2.517125234319957201e+02 1.432603959212430595e+02 2.037572585137310821e-01
2.517445244799177999e+02 1.435787760168277885e+02 2.101821400502086878e-01
2.518333180723320481e+02 1.438254421239244039e+02 2.231819696356944771e-01
2.518458905938818759e+02 1.439852616880193636e+02 2.160716147919798380e-01
2.518818340671331555e+02 1.444086400158714412e+02 2.321757863866781568e-01
2.519093293044290078e+02 1.447138117148532785e+02 2.381199463830155350e-01
2.519371577402526725e+02 1.450771532636923098e+02 2.266805541778262600e-01
2.519375736025373840e+02 1.453202508399909334e+02 2.446427526776698558e-01
2.519624007081104651e+02 1.455055499174634122e+02 2.255690445850152270e-01
2.519906755282214021e+02 1.458938864428895101e+02 2.347548956020337751e-01
2.519484775879478775e+02 1.461939711414465819e+02 2.237847791860290703e-01
2.519220315444896414e+02 1.461727329146731904e+02 2.189292372805913267e-01
2.517771435983914898e+02 1.450119023092438511e+02 2.093389697298039809e-01
2.515818511085845728e+02 1.421614906437344814e+02 2.004557952380588981e-01
2.514713474701075029e+02 1.402136362133386172e+02 2.030094694512906972e-01
2.514974768477893292e+02 1.392645901530932804e+02 2.144132526535066086e-01
2.515343665031195997e+02 1.391469825185230320e+02 2.263804211527651600e-01
2.515830033141807860e+02 1.395103749373662936e+02 2.287585938513425898e-01
2.516661401621227014e+02 1.399975620550464441e+02 2.451489092199339304e-01
2.518065464608466186e+02 1.409805702018776117e+02 2.612060260607032003e-01
2.518766440549497645e+02 1.414816906137211561e+02 2.519235220356140781e-01
2.518686040507784298e+02 1.416839281308579928e+02 2.643548793236324412e-01
2.518356720817786254e+02 1.419508824673986851e+02 2.577786595245180612e-01
2.518684539842658978e+02 1.420083592134479886e+02 2.524996248337186833e-01
2.518598086270440319e+02 1.421534379220620679e+02 2.471175783843178042e-01
2.519115586823651540e+02 1.427812157422315238e+02 2.551677565565076966e-01
2.519520791842486176e+02 1.435244608415424921e+02 2.468314346104247825e-01
2.519909604002451999e+02 1.445430411105939186e+02 2.530922603832037598e-01
2.519920744533382049e+02 1.453680864484852293e+02 2.601110492192725832e-01
2.519658013678944144e+02 1.458238867735445581e+02 2.491015085499759529e-01
2.518646069401946761e+02 1.456920571575367660e+02 2.368583702776739242e-01
2.517202950968946311e+02 1.445354780127124172e+02 2.175621059164358495e-01
2.516118567805900454e+02 1.433406891359475424e+02 2.028733921899282533e-01
2.515353648269529572e+02 1.422388257676919636e+02 1.976401405029517278e-01
2.515032404192705826e+02 1.411298851100954153e+02 2.051243898778865593e-01
2.515368654920782774e+02 1.408588891517172499e+02 2.225448228324927169e-01
2.516141777245338460e+02 1.411445305843183178e+02 2.182933622274957353e-01
2.516670380176976778e+02 1.416306214534068886e+02 2.357672086865619243e-01
2.517732889238196208e+02 1.423090416345549727e+02 2.319417843671389978e-01
2.518376878056969304e+02 1.430651275946881640e+02 2.453116932335263900e-01
2.519079202053113420e+02 1.440445303299682962e+02 2.413400176518914753e-01
2.519850149684987457e+02 1.451812358358832000e+02 2.465236710847265311e-01
2.520050984461757082e+02 1.457399054835321124e+02 2.561902436418853624e-01
2.518192130919042881e+02 1.446368097894236087e+02 2.319672193692628170e-01
2.516457412904194086e+02 1.422173408213979542e+02 2.130588387904130410e-01
2.515396964078146596e+02 1.402804107244143097e+02 2.211052017122843438e-01
2.515765377366408870e+02 1.398818582303851485e+02 2.182615684748409612e-01
2.516493568759713071e+02 1.400656439252312566e+02 2.271002317128693604e-01
2.516792519057175355e+02 1.402804666814189716e+02 2.293830231534824404e-01
2.515817086725726881e+02 1.394988312616524126e+02 2.341126617984072567e-01
2.514913457405273789e+02 1.371441414287858152e+02 2.365976615059047494e-01
2.515482756340310289e+02 1.342510892539659437e+02 2.450624302127129284e-01
2.515491200761015307e+02 1.317223756800683816e+02 2.488064625253396112e-01
2.514914055127823644e+02 1.300060382695041881e+02 2.369550232857444427e-01
2.514612917420178633e+02 1.291194224219717626e+02 2.457122945169765982e-01
2.515890492141856214e+02 1.295844340330502291e+02 2.630424332140431920e-01
2.516886832045050539e+02 1.376372103907070539e+02 2.520888495494189585e-01
2.516811251936239557e+02 1.377790944630543777e+02 2.391653249703046269e-01
2.517000132262010936e+02 1.380154873727931886e+02 2.555912493418693310e-01
2.517196961025946109e+02 1.381611434559554823e+02 2.627016041855839701e-01
2.516611383689550507e+02 1.381837907818465396e+02 2.385243629167843049e-01
2.516999025839418778e+02 1.387862582314025701e+02 2.326158119234202903e-01
2.519141403350807309e+02 1.401716735468347395e+02 2.612072978108093690e-01
2.520458364173273367e+02 1.412004672409890134e+02 2.803242454070745127e-01
2.521432308557097883e+02 1.420045223433776016e+02 3.022975437418449207e-01
2.521335006956473137e+02 1.428103617111651999e+02 3.011237183938305084e-01
2.520917529549113851e+02 1.440501489219374491e+02 2.965835705147281121e-01
2.520863620062112318e+02 1.453293095159973518e+02 2.990990922247742101e-01
2.520687380932396309e+02 1.468205776797682347e+02 3.016654839390678911e-01
2.520793953591295065e+02 1.478764494771835416e+02 2.867198766911097096e-01
2.520193038948618778e+02 1.491957643090963188e+02 2.656215424293987826e-01
2.520028220134856269e+02 1.499783955091960195e+02 2.556077820932498024e-01
2.519109787643167238e+02 1.498972362326692291e+02 2.467525861038409318e-01
2.517003782184815748e+02 1.481689787083597309e+02 2.049170946105773883e-01
2.516165482667317690e+02 1.456789288811905578e+02 2.118201541869828841e-01
2.515655320112219329e+02 1.440513087580342813e+02 2.093796657332020750e-01
2.515321612884354749e+02 1.431449273703514393e+02 2.090324779542118983e-01
2.515323164419484101e+02 1.423801960529963822e+02 2.112211598869668527e-01
2.515139447399143933e+02 1.419899201086583389e+02 2.196872003438812282e-01
2.515023145851932611e+02 1.416053784855490960e+02 2.096365592546526879e-01
2.515141316871799972e+02 1.411948028660160332e+02 2.218898715278042610e-01
2.515192848186102879e+02 1.407638957775353106e+02 2.148189409373815750e-01
2.515329103492480272e+02 1.401383969335561517e+02 2.122779842252116855e-01
2.515102159686030348e+02 1.389326570166268482e+02 2.167748926007035393e-01
2.514909451392439053e+02 1.378733858311777283e+02 2.226885305944923121e-01
2.515058068109848648e+02 1.374928171554002461e+02 2.227877271027752237e-01
2.515439707599215637e+02 1.374378813660630954e+02 2.293105333974295446e-01
2.516105176277282283e+02 1.375693002067865791e+02 2.347523521018214099e-01
2.516317227889988430e+02 1.377149092351949093e+02 2.347281888498037594e-01
2.517412115708911529e+02 1.380756678595682558e+02 2.479124222006872658e-01
2.517564891049168523e+02 1.381760013124461182e+02 2.589563001228510353e-01
2.516889757070294706e+02 1.378226328279398274e+02 2.624281779127528580e-01
2.516517821034238125e+02 1.376183325321307791e+02 2.547989490257122625e-01
2.516383931183058280e+02 1.374972517480205170e+02 2.484605464964556309e-01
2.516236344583234654e+02 1.372013472920625077e+02 2.566964001841494092e-01
2.515845624798109554e+02 1.369515336034530435e+02 2.538667561978741327e-01
2.516933022008907415e+02 1.372550393097957908e+02 2.503045841504327740e-01
2.518164355896723805e+02 1.383689079990538175e+02 2.580063027935262654e-01
2.519338982447305000e+02 1.395919093801744282e+02 2.693592159914945383e-01
2.519266340081239264e+02 1.400699933105944410e+02 2.676105595954817451e-01
2.517539278002029732e+02 1.391896357453345843e+02 2.527908556080364355e-01
2.515766725421521528e+02 1.366457654536714017e+02 2.343021525642297320e-01
2.515048784334073559e+02 1.343710776047349782e+02 2.351987363890944982e-01
2.515204497417075515e+02 1.336247472396663909e+02 2.525568535884972765e-01
2.515851207781075800e+02 1.335954486607199669e+02 2.543996194923682230e-01
2.516143048995444644e+02 1.338360574220608044e+02 2.690247457135662712e-01
2.517278696405271035e+02 1.347618864123675166e+02 2.773458066583748827e-01
2.517877309180255452e+02 1.351263687210517901e+02 2.836676764362509595e-01
2.517384035466566843e+02 1.351861218997911749e+02 2.736895251030753706e-01
2.516887493355105789e+02 1.348763019541712254e+02 2.697509150242013987e-01
2.516959894088651026e+02 1.349497417075534429e+02 2.709005771201982160e-01
2.516956231448345420e+02 1.350843907935466177e+02 2.587006783515066188e-01
2.517609898285426482e+02 1.354050956483254993e+02 2.715669741758423572e-01
2.517786747855193425e+02 1.358394122988409265e+02 2.811457959756739622e-01
2.518453882525899132e+02 1.363451707833217483e+02 2.846685437698234233e-01
2.518775024862714531e+02 1.367287077238470943e+02 2.881811175631233124e-01
2.518820502646511841e+02 1.374510414361619723e+02 2.992186367347561826e-01
2.518565593055226941e+02 1.381738774897687563e+02 2.880335945508051276e-01
2.519144684466081117e+02 1.386663512726403269e+02 3.021767274817567239e-01
2.519000963986580359e+02 1.393478770675477278e+02 2.946848476061847966e-01
2.516521572697051283e+02 1.401602812093834700e+02 2.264783459109418751e-01
2.517156341327554401e+02 1.406366584511609688e+02 2.505106076676357207e-01
2.518018231809522263e+02 1.414066955099590643e+02 2.491053238002945425e-01
2.518966893801235756e+02 1.419827029268057004e+02 2.495288165856561768e-01
2.519299481889006813e+02 1.423905455553605464e+02 2.512787447317751943e-01
2.520049623689143630e+02 1.429418695743961223e+02 2.731859120610236613e-01
2.520051950991837941e+02 1.429106252177872136e+02 2.710938831363392532e-01
2.518250262616396924e+02 1.417546857632662523e+02 2.425430932523482963e-01
2.516050643632728736e+02 1.391298469575922070e+02 2.417774996884212158e-01
2.514774556858675396e+02 1.366483089538837987e+02 2.383882856554218610e-01
2.514221472737492888e+02 1.356806610048352013e+02 2.414824536637848740e-01
2.515071853880999697e+02 1.356512060006257059e+02 2.537103309348126556e-01
2.515522523966130848e+02 1.359975976640494082e+02 2.691671817254596699e-01
2.515963109072919508e+02 1.363748864963030201e+02 2.674579495827387743e-01
2.516716684598343079e+02 1.369773692068603168e+02 2.839322004583387238e-01
2.517093224369784252e+02 1.375025015324588651e+02 2.792140075643696484e-01
2.517241624889675791e+02 1.375797450904087214e+02 2.672900785687215564e-01
2.516837488140930361e+02 1.375162338901055250e+02 2.643192703206590499e-01
2.516525438817374152e+02 1.373813965850966099e+02 2.622895571511780211e-01
2.516451486548698995e+02 1.374140894650764722e+02 2.534712419148487106e-01
2.517307298065159387e+02 1.378717211102887177e+02 2.741867793945960696e-01
2.517811636004771572e+02 1.382022896588911749e+02 2.719103467045139721e-01
2.517797290663573904e+02 1.384478200931429797e+02 2.782601949847262612e-01
2.517979417996281484e+02 1.387153009342276277e+02 2.858004013643334895e-01
2.518226913284447335e+02 1.391276290254070318e+02 2.718620202004786712e-01
2.518571786478244121e+02 1.395376069223901823e+02 2.851912330634679416e-01
2.518700245956470667e+02 1.399394125531909481e+02 2.919137041247942821e-01
2.518544164065937707e+02 1.404270396964078031e+02 2.790652128019452949e-01
2.518947614069625729e+02 1.409385884591221441e+02 2.753504307417609653e-01
2.519055967178673257e+02 1.413138285019546743e+02 2.804056374138707008e-01
2.519297803178866673e+02 1.420603966842931243e+02 2.896220104334378820e-01
2.519324319168580644e+02 1.426944086234831275e+02 2.763220478228909927e-01
2.518768411762162316e+02 1.425540303032615270e+02 2.619029451188958912e-01
2.517223057338125329e+02 1.406160777191925035e+02 2.441073458829633724e-01
2.515220012768371021e+02 1.377605688792575052e+02 2.467398686027790222e-01
2.514561958393423424e+02 1.359933652796960075e+02 2.354988694141555983e-01
2.514842900709382150e+02 1.351185169358961673e+02 2.575459292550850710e-01
2.515401733141044645e+02 1.350361736600204949e+02 2.595641966736104145e-01
2.515954206822176218e+02 1.353779590445595886e+02 2.642582263155618949e-01
2.516436212829923704e+02 1.355843221190409054e+02 2.720744024682126283e-01
2.516923827255639594e+02 1.359297765026363436e+02 2.699086120373691000e-01
2.516882737009708535e+02 1.360644217733792232e+02 2.776077871802502539e-01
2.516917239590089537e+02 1.360954486607199669e+02 2.793322803242453967e-01
2.516523162384684156e+02 1.360530523274298673e+02 2.612530808146322214e-01
2.516476845245816492e+02 1.360778285629986897e+02 2.672303063137305701e-01
2.516825584559936431e+02 1.362779117354556320e+02 2.796209675983508114e-01
2.517442078141413617e+02 1.366895301900757715e+02 2.707517823577738070e-01
2.517649131776202580e+02 1.370748513960000992e+02 2.779409857080722968e-01
2.518001877103156687e+02 1.375251030753460952e+02 2.682553368993206289e-01
2.518530327424782342e+02 1.379406423355436289e+02 2.760409910494227570e-01
2.518363461093348974e+02 1.383258427252078775e+02 2.765509628420054211e-01
2.518143448324977953e+02 1.387120490692061026e+02 2.713812986603384436e-01
2.518058991400425839e+02 1.389219794027352748e+02 2.774081224135782064e-01
2.518218252666223975e+02 1.392272795484778385e+02 2.766476158500759119e-01
2.518942247284177540e+02 1.398120467800559084e+02 2.783695654938587172e-01
2.518883110904239686e+02 1.403886798979547734e+02 2.807439229421175853e-01
2.518690720548175079e+02 1.406407420407519737e+02 2.684715344173731477e-01
2.517639110385365768e+02 1.399799406855750590e+02 2.534750571651672724e-01
2.515804839772204105e+02 1.380519204698353519e+02 2.458585457791885864e-01
2.514743678766097048e+02 1.359919485500776943e+02 2.313669533191405892e-01
2.516456026696578192e+02 1.344525306555363215e+02 2.512113419761470290e-01
2.516827390445087076e+02 1.349941550365119554e+02 2.686088834288417604e-01
2.517972754025724953e+02 1.360909644698455452e+02 2.690272892137786642e-01
2.520289704674190432e+02 1.375804305637159644e+02 2.907258895256117914e-01
2.521251096884466563e+02 1.401991331751276277e+02 3.433470936694822950e-01
2.521169348787640558e+02 1.421891092407906285e+02 3.310912378961183844e-01
2.520685358849727322e+02 1.432612365480632377e+02 2.989197754598012513e-01
2.520333058635310408e+02 1.437057818846827786e+02 3.085431085133495399e-01
2.519802497208508498e+02 1.435723358742900473e+02 2.887279701087854811e-01
2.519234431871074946e+02 1.432827367553585134e+02 2.832632599024821896e-01
2.518595415595217162e+02 1.430776784964861577e+02 2.715211911720194493e-01
2.517727598757754492e+02 1.426240287008563996e+02 2.559562416223461478e-01
2.517388117784407768e+02 1.424932241154342023e+02 2.530210423772570327e-01
2.516833545715601019e+02 1.421494090177256453e+02 2.536378411787597598e-01
2.516709130402712447e+02 1.418644034601776980e+02 2.537255919360869028e-01
2.517238598124422992e+02 1.422521651545557972e+02 2.564420501629111615e-01
2.517045355695787237e+02 1.424653664293580846e+02 2.521270020526046873e-01
2.517613917015762013e+02 1.428631062750693843e+02 2.608079682774653296e-01
2.518252869704114687e+02 1.437510892539659437e+02 2.665270285050068688e-01
2.518991921843325485e+02 1.446808403216001579e+02 2.678521921156580277e-01
2.519230731078266103e+02 1.452241752064686295e+02 2.782843582367439117e-01
2.518183228668299591e+02 1.446053161697938947e+02 2.433379370687177579e-01
2.516541907981249437e+02 1.419350237435744759e+02 2.307348935163636150e-01
2.514872926729389349e+02 1.396119877708509875e+02 2.245084049964518047e-01
2.514466945942990037e+02 1.384870243336665396e+02 2.258628188595453723e-01
2.515041153833436454e+02 1.382049285403615215e+02 2.528137471099478617e-01
2.516147881645848088e+02 1.386017247474940177e+02 2.527794098570807502e-01
2.516811773353782939e+02 1.391477570143377136e+02 2.414010616569886580e-01
2.517747857736946173e+02 1.398790769129029172e+02 2.544148804936425257e-01
2.518124092288361737e+02 1.403269249845482420e+02 2.633819904923961897e-01
2.517924058714158946e+02 1.405194565048746256e+02 2.581868913086054484e-01
2.518204975595115513e+02 1.408113791112501474e+02 2.622933724014965828e-01
2.518596623757817952e+02 1.413596560170312841e+02 2.591610518899478133e-01
2.519071571552476314e+02 1.421138559717569763e+02 2.653888121599657923e-01
2.519559987180759038e+02 1.428907070676240494e+02 2.810440559671786853e-01
2.519500977975831688e+02 1.432462871255649759e+02 2.726962882701400859e-01
2.519308167942232046e+02 1.433756991446208815e+02 2.783530327424782458e-01
2.518636874648678941e+02 1.434734127922799587e+02 2.684511864156740590e-01
2.518861669197449373e+02 1.438167331791972288e+02 2.704630950836684478e-01
2.519045233607776879e+02 1.441193588344664533e+02 2.736780793521196298e-01
2.519290757683278343e+02 1.443885883319471191e+02 2.756963467706449733e-01
2.518502730447478086e+02 1.443165347861806538e+02 2.582390330629592556e-01
2.517967260065266260e+02 1.441297986310881925e+02 2.494792183315147349e-01
2.517004519799877471e+02 1.423390015235566182e+02 2.351504098850592250e-01
2.514878204492329985e+02 1.394901452084271227e+02 2.259302216151735099e-01
2.514376193855412112e+02 1.379408318263094486e+02 2.342665435612563962e-01
2.514735857502944043e+02 1.376702936979695266e+02 2.479556617042977529e-01
2.515912417113686956e+02 1.383266795367777320e+02 2.576845500166599079e-01
2.516894081020655847e+02 1.391688171960962279e+02 2.652056801446742718e-01
2.517706436835987347e+02 1.396599937938594849e+02 2.612708853161189171e-01
2.517710557306331509e+02 1.399360589481609338e+02 2.636312535132096513e-01
2.517494207178266379e+02 1.399339478429846508e+02 2.646893496015607083e-01
2.517098756482746182e+02 1.395622381784468757e+02 2.484592747463494344e-01
2.516159149351788926e+02 1.388456807551143299e+02 2.364653994948608673e-01
2.515729615753423047e+02 1.385467864146566797e+02 2.365798570044180538e-01
2.516337830241708957e+02 1.385970192721011074e+02 2.465503778369565469e-01
2.516650985987857325e+02 1.389929023626573610e+02 2.572381657293868473e-01
2.517102915105593297e+02 1.391024623625555989e+02 2.588329403625505010e-01
2.517508666976973757e+02 1.393701733904094908e+02 2.492083355588960158e-01
2.518345453111845416e+02 1.401314849717290087e+02 2.581169450527648901e-01
2.516795444082419522e+02 1.413059576405474616e+02 2.243176424805231606e-01
2.517310159502898443e+02 1.419621031185856168e+02 2.256962195956343231e-01
2.517673651118250007e+02 1.421452872756314889e+02 2.279815545364597962e-01
2.516894640590702465e+02 1.415113681741992480e+02 2.130181427870149191e-01
2.515007477890624443e+02 1.394771174003392957e+02 2.054728494069829325e-01
2.513946291449515229e+02 1.375027393497287278e+02 2.172009288862775667e-01
2.514356163791239567e+02 1.362281685018020596e+02 2.216037277539112671e-01
2.514385922743724677e+02 1.358547368876205326e+02 2.408605678618574164e-01
2.515286919541457848e+02 1.362867084309401662e+02 2.448284281931737416e-01
2.515638342248301456e+02 1.366983777555645361e+02 2.512978209833680587e-01
2.516123451326308214e+02 1.370779824447615454e+02 2.545763927571287888e-01
2.516384134663075258e+02 1.371714420883154162e+02 2.668424225313422715e-01
2.516622460632975447e+02 1.372305365004997952e+02 2.652451043979662249e-01
2.517019055903591038e+02 1.375043875378663643e+02 2.590020831266739432e-01
2.517936407407690069e+02 1.381481105608672237e+02 2.720807612187435831e-01
2.518512344878280658e+02 1.387987569914461972e+02 2.733143588217489817e-01
2.518632220043290317e+02 1.392864210154161526e+02 2.785526975091502377e-01
2.518520509513962509e+02 1.396332946721300914e+02 2.742452798994808871e-01
2.518292293957406685e+02 1.396140123970200477e+02 2.656571514323721184e-01
2.517487314292690712e+02 1.391243657146345356e+02 2.419313814512703553e-01
2.516615020894854240e+02 1.384980440483366806e+02 2.501303543858846012e-01
2.516437751647552261e+02 1.381772323665489068e+02 2.516666285141634929e-01
2.516210489903575933e+02 1.377469497073703053e+02 2.540778667155018655e-01
2.515009716170811203e+02 1.364391556596694954e+02 2.254024453211041779e-01
2.514619937480764804e+02 1.340414272597091667e+02 2.329579127019857088e-01
2.514843116906900207e+02 1.310711391574401148e+02 2.615773770917109720e-01
2.514489290592355815e+02 1.288726113353630467e+02 2.550011572925966474e-01
2.514232397070905165e+02 1.279439069180662329e+02 2.599991352099277897e-01
2.515018771031567439e+02 1.278957724482969951e+02 2.832492706513141112e-01
2.517128451847725614e+02 1.358951925302485790e+02 2.723338394898756065e-01
2.517187066810120086e+02 1.359739507425748855e+02 2.660348612139109004e-01
2.517130079687861723e+02 1.361944963742404582e+02 2.741829641442775078e-01
2.516909214846919554e+02 1.359283114465140159e+02 2.642887483181105002e-01
2.517088684221905055e+02 1.358580523401473670e+02 2.792674210688296799e-01
2.516892821988050741e+02 1.357418042064406620e+02 2.783352282409915501e-01
2.517263689754018117e+02 1.358764456619332179e+02 2.767239208564473696e-01
2.517737213188557348e+02 1.363353541442520793e+02 2.754941385037605883e-01
2.518152897428267067e+02 1.370277012608130462e+02 2.993661597470743119e-01
2.518445298212682530e+02 1.376375219694830889e+02 2.878326580340269669e-01
2.518543986020922887e+02 1.382316556405932602e+02 2.950905358900597353e-01
2.518890843144885423e+02 1.388434437466775648e+02 2.866982569393044522e-01
2.518870113618154392e+02 1.392219483720326991e+02 2.941608865624340541e-01
2.518811498655760204e+02 1.395708759051681511e+02 2.962071324832955543e-01
2.518982968722577880e+02 1.400061082157600367e+02 2.852713533201580165e-01
2.518905608163618410e+02 1.403818111756312419e+02 2.888564168695108014e-01
2.518985766572811542e+02 1.408438189129588807e+02 2.832747056534379304e-01
2.518114872100091759e+02 1.405755762935606299e+02 2.701044615537225302e-01
2.516564074585600110e+02 1.393852932274219825e+02 2.504164981597776229e-01
2.515530218054273348e+02 1.366559076607682925e+02 2.436367983436726614e-01
2.514564985158676222e+02 1.341049181120106653e+02 2.457021205161270538e-01
2.513859341894755062e+02 1.328465786106893063e+02 2.397134492660730198e-01
2.513740039017293384e+02 1.322951642973962123e+02 2.491167695512502556e-01
2.514595570748730040e+02 1.324036471249545457e+02 2.608880885341554046e-01
2.515687088429871778e+02 1.327654714759168542e+02 2.616180730951090938e-01
2.517096848857586906e+02 1.335773758199608778e+02 2.840135924651349675e-01
2.517575306682538212e+02 1.339313496575176998e+02 2.878987890395489080e-01
2.517715898656777540e+02 1.342799211006234259e+02 2.833064994060927044e-01
2.517384073619070080e+02 1.344861608153444195e+02 2.894872049221816068e-01
2.517707149016046912e+02 1.348243102663299169e+02 2.809677509608072277e-01
2.518223873801693458e+02 1.352321350903832808e+02 2.831691503946240362e-01
2.516416131895747128e+02 1.361366520924104577e+02 2.600042222103525758e-01
2.517291795431364960e+02 1.368856200671992838e+02 2.577036262682527723e-01
2.518030415175539645e+02 1.375625624747239613e+02 2.725818307605828439e-01
2.518625301722712777e+02 1.380296915497292503e+02 2.787154815227427251e-01
2.519571521954221964e+02 1.386494141047260769e+02 2.837656011944276746e-01
2.519968193529844029e+02 1.394204227806052927e+02 3.024107295012959384e-01
2.520020093651677939e+02 1.401210057508539819e+02 2.973529793289737544e-01
2.520037338583117901e+02 1.411559776070241412e+02 3.011402511452109798e-01
2.520309543975846793e+02 1.419932113979331518e+02 3.177251442800495540e-01
2.520344377211255562e+02 1.426070673696901281e+02 3.344079621730648433e-01
2.520378282069086424e+02 1.434902634811870143e+02 3.303498075842089543e-01
2.520273515295338598e+02 1.445056783642241385e+02 3.254802764276030769e-01
2.519884614112865222e+02 1.453869414155596189e+02 2.999270015439046144e-01
2.519725594479587016e+02 1.461054993018092034e+02 2.965441462614362145e-01
2.519297230891318691e+02 1.468045688894314935e+02 2.762368405657761872e-01
2.519328757576451210e+02 1.469983759751143850e+02 2.725843742607952369e-01
2.519401298202508315e+02 1.474009128622262210e+02 2.644171950788357650e-01
2.519311131119979450e+02 1.476797644210103329e+02 2.543627387392886630e-01
2.519226915827947550e+02 1.480841059215228483e+02 2.580749772992605995e-01
2.519472999473495349e+02 1.485197782576514953e+02 2.525225163356301095e-01
2.519140169753204077e+02 1.489262410373411285e+02 2.477178444344400043e-01
2.518969895131486112e+02 1.490869673592617630e+02 2.576680172652794365e-01
2.519482690209304678e+02 1.497754191052474937e+02 2.543042382344039010e-01
2.519047548192970396e+02 1.499593764863579395e+02 2.416363354266340135e-01
2.517961003054743685e+02 1.488623317792547027e+02 2.148456476896115908e-01
2.516321526405347413e+02 1.459312911570128222e+02 2.157066225115029934e-01
2.516926485213361389e+02 1.351885051594901768e+02 2.689687887088938467e-01
2.515774355922158634e+02 1.340877037025732648e+02 2.486640265134462124e-01
2.515686783209846453e+02 1.334963564359457564e+02 2.558850236163994762e-01
2.515838630172525541e+02 1.335162758578590285e+02 2.673231440714825546e-01
2.516582298764622010e+02 1.339134752097751857e+02 2.758019020294588119e-01
2.516861155410406354e+02 1.342428165195251779e+02 2.814281244992484221e-01
2.517310693637942904e+02 1.345780307712655599e+02 2.847130550235401070e-01
2.517388346699426904e+02 1.347637190042705413e+02 2.789405812915385363e-01
2.517460569387957605e+02 1.348521310716529342e+02 2.697610890250509152e-01
2.517665753550090528e+02 1.350987424934949956e+02 2.749587317090541050e-01
2.517940057330494881e+02 1.356226539389915899e+02 2.845261077579300246e-01
2.518498063124588384e+02 1.362934690545046692e+02 2.815324080079560920e-01
2.518881762849127313e+02 1.370124135527865405e+02 2.884074890820253478e-01
2.518764011506794986e+02 1.376883232992250043e+02 3.039927866333976825e-01
2.519268730971438970e+02 1.386021253487774629e+02 2.985217176765634362e-01
2.519242889009281328e+02 1.395294550042094954e+02 3.097817931167797245e-01
2.519186525044574978e+02 1.405030102325013672e+02 2.986959474411116089e-01
2.518836361370336192e+02 1.408629930893099242e+02 2.862798511543675484e-01
2.518767127294555053e+02 1.412772542406507341e+02 2.841954527303203193e-01
2.518984787325229604e+02 1.419198276015555962e+02 2.855485948433076904e-01
2.519692198321798458e+02 1.425067415473129131e+02 2.901510584776134105e-01
2.519768846700698646e+02 1.436411655335373325e+02 2.938098835331252601e-01
2.519742407015990864e+02 1.453175127620123135e+02 2.924732741715184159e-01
2.519661002291693706e+02 1.463317347434498572e+02 2.792368990662810746e-01
2.519316332577913897e+02 1.469884334327842055e+02 2.702596150666778385e-01
2.519405736610378881e+02 1.476506413435785419e+02 2.646499253482687553e-01
2.518752387710824507e+02 1.476342764632120748e+02 2.517378465201101645e-01
2.518775317365239061e+02 1.477837846774460218e+02 2.491307588024183617e-01
2.519095505889474680e+02 1.480628829557507231e+02 2.475181796677680124e-01
2.519868704519036839e+02 1.487567307374370102e+02 2.550304075450390284e-01
2.520081404724297158e+02 1.494749121856551710e+02 2.626011359271948620e-01
2.519901680999290363e+02 1.497049794103657803e+02 2.557057068514265175e-01
2.518156229413545191e+02 1.488419201900503310e+02 2.421246874674113925e-01
2.516362095233735090e+02 1.452598121879443056e+02 2.374878865802385330e-01
2.517082325471374133e+02 1.423073196849111923e+02 2.232659051427030861e-01
2.516867666770950223e+02 1.416688896858522924e+02 2.102609885567925385e-01
2.516172769795426234e+02 1.414779809186614159e+02 2.227012480955542217e-01
2.516509758138564905e+02 1.415845790125623580e+02 2.252752703104850818e-01
2.517196541348411074e+02 1.418671110161537570e+02 2.233752756518355143e-01
2.517520977518001644e+02 1.422255041853296120e+02 2.345412415841936771e-01
2.518522913121663294e+02 1.427519311525362582e+02 2.416617704287578328e-01
2.518926045187824911e+02 1.430810906020210780e+02 2.474736684140513010e-01
2.518701555859079804e+02 1.435798595479182609e+02 2.599241019536625008e-01
2.519289206148148708e+02 1.440294867979621358e+02 2.651090271366037809e-01
2.519570987819177503e+02 1.444625787531253138e+02 2.504762704147685537e-01
2.519872710531871292e+02 1.451124074483860227e+02 2.494169025763113556e-01
2.519994912999575263e+02 1.459146706548750103e+02 2.729468230410597163e-01
2.519697997502282760e+02 1.465496376783947596e+02 2.583916430757021709e-01
2.519865804928794830e+02 1.470887821466633056e+02 2.556866305998336530e-01
2.519920197680836509e+02 1.478356962450306469e+02 2.508616106969445148e-01
2.519958070398998871e+02 1.486691046116202415e+02 2.543996194923682230e-01
2.519994226254517855e+02 1.494366732034622203e+02 2.540702362148647420e-01
2.519829458310759662e+02 1.503439855122227868e+02 2.543194992356782036e-01
2.519711032940871291e+02 1.508892738052543621e+02 2.427198665171088621e-01
2.519771212155896194e+02 1.513816649243690335e+02 2.369906322887178063e-01
2.520244532110418447e+02 1.521331318881165089e+02 2.396091657573653499e-01
2.520340256740911400e+02 1.527809919142128194e+02 2.319799368703247266e-01
2.518386238137750865e+02 1.463319776477201231e+02 2.348324723585114293e-01
2.519118079453859593e+02 1.469021617208304917e+02 2.306369687581868999e-01
2.519050689415732620e+02 1.477133729610666535e+02 2.368914357804348947e-01
2.519211985481700822e+02 1.485571689825236206e+02 2.473096126503526448e-01
2.519414066573574473e+02 1.493001571883131362e+02 2.510154924597935988e-01
2.518713395852568624e+02 1.490292197304398485e+02 2.376290508420257352e-01
2.518173805000012635e+02 1.488082734974908306e+02 2.221200582970248583e-01
2.516689418276066306e+02 1.471195864777354814e+02 2.024130186514870589e-01
2.516260914795286396e+02 1.437088455306885919e+02 2.171564176325608830e-01
2.515868885107551876e+02 1.416171141955290409e+02 2.163844653181028477e-01
2.515740222149308636e+02 1.412289315518657986e+02 2.224087455711302452e-01
2.516220676621926486e+02 1.415621656886908397e+02 2.299349626995693952e-01
2.516742513842999927e+02 1.418584860069335889e+02 2.256008383376700011e-01
2.516562713812986658e+02 1.415903502145442303e+02 2.315144763314587739e-01
2.516032470323711152e+02 1.410844607398024664e+02 2.297581894348088294e-01
2.515607222523203177e+02 1.408355207435159855e+02 2.248708537767162841e-01
2.515244748307936504e+02 1.402936381972687911e+02 2.303724447360991356e-01
2.515108086041525155e+02 1.395797438186586135e+02 2.210301684560190549e-01
2.515083007129431110e+02 1.391673839337265690e+02 2.226872588443861156e-01
2.515758077520799532e+02 1.391310347721914127e+02 2.281952085542999220e-01
2.516351387097840870e+02 1.395604335650461962e+02 2.440361278770166731e-01
2.516373057719650319e+02 1.396825508254929957e+02 2.510396557118112493e-01
2.516375143389824416e+02 1.396407331385012185e+02 2.380627176282369140e-01
2.516199476547656388e+02 1.395547895380749139e+02 2.383921009057404228e-01
2.516176890265770396e+02 1.393503671542556503e+02 2.441035306326448107e-01
2.516490643734468620e+02 1.392866308541836702e+02 2.432311100597976949e-01
2.516130789324420789e+02 1.389505441818704412e+02 2.396981882647987172e-01
2.516030270196027629e+02 1.388603745558412754e+02 2.306458710089302200e-01
2.516580454726967844e+02 1.390758064803298453e+02 2.279217822814688099e-01
2.516888256405169386e+02 1.394344120317734053e+02 2.435961023402745396e-01
2.517547328180201873e+02 1.400596336342294137e+02 2.384060901569085289e-01
2.518106224199369763e+02 1.405366798165627529e+02 2.552644095645781874e-01
2.518518767216316974e+02 1.410502404879450751e+02 2.612950485681365675e-01
2.518550001398925247e+02 1.417376633880948873e+02 2.592131936443016760e-01
2.519217848249690235e+02 1.422285004285797925e+02 2.552733118153215353e-01
2.519129652379826041e+02 1.425140363059220192e+02 2.515267360024824317e-01
2.517481527829707488e+02 1.414095874697005399e+02 2.361232987162954489e-01
2.516694200056465718e+02 1.373708944727196979e+02 2.352139973903687731e-01
2.516055272803115201e+02 1.332110329408712630e+02 2.538705714481926945e-01
2.515230962536785455e+02 1.308418209935420577e+02 2.452086814749249166e-01
2.513749157465554731e+02 1.292916568106033424e+02 2.212756162265139548e-01
2.513302595133266664e+02 1.279598330446460608e+02 2.280057177884774466e-01
2.516859921812803407e+02 1.350425057037992360e+02 2.739311576232516532e-01
2.517382382191428860e+02 1.349948977385739681e+02 2.762851670698114326e-01
2.516509999771085120e+02 1.344439374400687655e+02 2.701515163076516068e-01
2.516408959225148010e+02 1.344348902098133465e+02 2.772529689006228981e-01
2.515978115724172710e+02 1.337804056374138781e+02 2.663133744871667430e-01
2.515879135413407823e+02 1.329164294852718626e+02 2.689840497101681493e-01
2.515309709303360819e+02 1.322066708380070281e+02 2.664380059975735016e-01
2.515457410360693871e+02 1.316531733980399679e+02 2.597142631861409923e-01
2.517409686666208870e+02 1.391170963910275589e+02 2.715377239233999207e-01
2.517254367825739791e+02 1.390036092268013590e+02 2.505296839192285852e-01
2.516830620690356852e+02 1.386524078044760415e+02 2.439712686216009285e-01
2.516711750207931004e+02 1.383950093982332987e+02 2.401674640539832595e-01
2.516209065543457086e+02 1.380026605012221523e+02 2.431509898031076478e-01
2.516054738668070740e+02 1.379051414313292980e+02 2.431280983011962216e-01
2.516419476598526330e+02 1.378068415068712795e+02 2.440946283819014628e-01
2.516524942834832643e+02 1.380089035224934548e+02 2.619601738736745400e-01
2.516797822255118149e+02 1.380094440162885689e+02 2.449810382059166847e-01
2.517076068460851843e+02 1.381812689013859483e+02 2.591801281415406777e-01
2.517446300351766126e+02 1.383537525530383334e+02 2.594599131649027446e-01
2.517596405016799679e+02 1.385315254133823828e+02 2.636439710142715609e-01
2.517368863487800184e+02 1.385030038737508278e+02 2.492121508092146054e-01
2.516524370547284946e+02 1.378669851128932464e+02 2.427198665171088621e-01
2.515209813332519388e+02 1.357873010664896469e+02 2.293385118997657568e-01
2.515770515236837923e+02 1.327099354205296038e+02 2.565298009202383600e-01
2.514990678071721675e+02 1.304053461830964125e+02 2.544326849951292213e-01
2.514282033477549874e+02 1.292758349675322336e+02 2.432565450619215142e-01
2.515110095406693063e+02 1.292119091766944052e+02 2.727929412782105767e-01
2.516196030104868555e+02 1.297031633512141298e+02 2.990164284678717976e-01
2.516454665923964740e+02 1.296679752975259419e+02 2.971138903090098649e-01
2.516794960817379092e+02 1.297589791916247748e+02 3.048690224565633877e-01
2.517480345102108856e+02 1.382341177487988375e+02 2.666453012648826726e-01
2.517013180418100546e+02 1.382085632021650383e+02 2.603628557402984378e-01
2.517123949852349938e+02 1.382297200369316101e+02 2.603005399850951140e-01
2.516860837472879950e+02 1.382725754720100610e+02 2.605078352524042296e-01
2.517084487446554704e+02 1.385643352943720004e+02 2.640471157979341621e-01
2.517801665483939075e+02 1.390146263979713126e+02 2.656457056814164330e-01
2.518215264053474414e+02 1.395395565153029622e+02 2.721608814754336025e-01
2.518322421717422230e+02 1.398177149702792121e+02 2.834552941685170580e-01
2.518678053917117552e+02 1.403315083719309371e+02 2.841763764787274549e-01
2.518604355998463689e+02 1.407675037325865617e+02 2.796960008546160448e-01
2.518666328381138442e+02 1.411445089645665121e+02 2.893307796591200742e-01
2.518515409796036693e+02 1.413573783125910950e+02 2.798816763701199584e-01
2.518660084088116946e+02 1.416892898293056930e+02 2.717602801919833944e-01
2.518743714375100069e+02 1.422985776746812405e+02 2.886313171007149903e-01
2.518823529411764639e+02 1.429272101109220330e+02 2.773165564059324462e-01
2.519103937592678903e+02 1.433847069506230412e+02 2.715084736709575397e-01
2.518450957500654965e+02 1.434509600441551527e+02 2.595769141746723241e-01
2.517206995134284000e+02 1.423597412242883991e+02 2.512596684801823299e-01
2.515659555040072917e+02 1.400760214060977944e+02 2.400173975414526817e-01
2.515287123021474827e+02 1.380219058955791525e+02 2.453129649836325865e-01
2.514345582830356136e+02 1.374018641313056435e+02 2.416719444296073493e-01
2.515037325865616822e+02 1.373176971657777017e+02 2.379240968666620770e-01
2.515479335332524613e+02 1.377148087669365282e+02 2.522846990657723887e-01
2.516496074107422203e+02 1.380105746021329765e+02 2.569507502053876569e-01
2.517322215693905036e+02 1.386374380339760819e+02 2.618533468647544771e-01
2.516430566259452348e+02 1.389213460711823984e+02 2.393230219834723282e-01
2.516249074801797860e+02 1.387140762388753785e+02 2.545827515076597436e-01
2.516149700248500096e+02 1.386093743243827703e+02 2.411289071342637425e-01
2.516553569929723153e+02 1.387056814164243974e+02 2.476046586749889866e-01
2.516922555505533410e+02 1.387189737485342960e+02 2.664647127498034895e-01
2.517229301631146825e+02 1.389571229451697718e+02 2.550711035484371503e-01
2.517678903446188485e+02 1.393622974420018465e+02 2.602598439816969922e-01
2.518056893012750663e+02 1.395939251040927331e+02 2.664405494977858946e-01
2.518252310134067784e+02 1.397644845978344676e+02 2.634964480019534316e-01
2.518576008688596630e+02 1.401298507728425307e+02 2.768587263677036447e-01
2.518564308587619678e+02 1.404342734110118158e+02 2.664329189971487155e-01
2.518318987992135476e+02 1.406700927614527359e+02 2.706843796021456972e-01
2.518545435816043891e+02 1.408594054822603709e+02 2.574887005003064777e-01
2.518823631151773270e+02 1.412331232402158037e+02 2.772911214038086269e-01
2.518684819627682430e+02 1.415366810883128608e+02 2.676169183460126999e-01
2.518740992829872880e+02 1.417747031099377182e+02 2.678649096167199373e-01
2.518363918923387246e+02 1.417413323871512603e+02 2.675151783375173675e-01
2.516755307649068243e+02 1.408672712566671521e+02 2.512914622328371039e-01
2.515377735216540884e+02 1.389006165444514806e+02 2.368532832772491659e-01
2.514542106374265984e+02 1.369945543660452927e+02 2.285271353320157961e-01
2.514139292245630770e+02 1.361390849503635820e+02 2.319964696217052258e-01
2.514615638965405822e+02 1.361136982747437969e+02 2.582848160667821635e-01
2.515773402109579138e+02 1.366205453773155511e+02 2.558646756147003876e-01
2.516605559074064047e+02 1.370862564509524191e+02 2.690552677161148765e-01
2.517584603175814379e+02 1.381552069264597833e+02 2.734682405845980657e-01
2.518053090479933189e+02 1.385090802957581957e+02 2.687296996889299017e-01
2.517969027797913952e+02 1.386293840405535605e+02 2.848898282883006727e-01
2.517723312959896589e+02 1.387841751047286323e+02 2.810911107211077620e-01
2.517604849437504981e+02 1.387843722259950709e+02 2.716890621860366672e-01
2.517647287738548414e+02 1.387149384854473624e+02 2.598439816969724814e-01
2.517510765364648933e+02 1.388367696021202562e+02 2.705012475868541766e-01
2.518035934571000496e+02 1.392348337441086130e+02 2.722499039828669698e-01
2.518220656273924760e+02 1.394345353915337000e+02 2.748124804468421445e-01
2.518597246915370249e+02 1.396625461963226087e+02 2.934957612568960816e-01
2.518478325562940086e+02 1.399163239300130499e+02 2.753707787434599985e-01
2.518872212005829567e+02 1.403874145065991002e+02 2.794391073331654596e-01
2.518556347431955089e+02 1.406064225923862807e+02 2.921833151473068324e-01
2.518255349616821661e+02 1.407521295455528048e+02 2.770774673859685011e-01
2.518372236169081759e+02 1.411170251730216023e+02 2.802873646539949526e-01
2.518814321940996024e+02 1.415163356301140141e+02 2.853285820749366097e-01
2.518601621735735421e+02 1.418349395537174473e+02 2.881175300578137644e-01
2.518433051259159754e+02 1.421373286634669455e+02 2.785615997598935856e-01
2.518002220475685533e+02 1.421232122372882145e+02 2.657957721939469553e-01
2.516400552956946228e+02 1.408809870815624095e+02 2.407295776009197308e-01
2.515235795187188899e+02 1.383310988683967651e+02 2.379508036188920928e-01
2.514562556115973564e+02 1.363388183915413379e+02 2.316136728397416855e-01
2.514220811427437638e+02 1.355049483796631762e+02 2.484630899966680240e-01
2.515024595647053616e+02 1.353990955313244910e+02 2.787739820276274871e-01
2.515304100885392415e+02 1.358486604656131362e+02 2.770978153876675898e-01
2.516558110077602066e+02 1.364093496524307056e+02 2.741359093903484312e-01
2.517154153917371957e+02 1.371185296533972178e+02 2.759939362954936803e-01
2.517303139442312272e+02 1.373701606729084119e+02 2.732494995663332094e-01
2.517358091764400569e+02 1.374180929344107653e+02 2.785921217624421908e-01
2.517540206379607355e+02 1.376361662838698976e+02 2.796311415992003280e-01
2.517607647287738644e+02 1.379757642582263202e+02 2.705343130896151194e-01
2.517694456949987227e+02 1.382545204357524540e+02 2.808647392022057265e-01
2.518252361004072100e+02 1.386578826886832019e+02 2.765318865904125567e-01
2.518574736938490446e+02 1.391522119549597107e+02 2.808189561983828186e-01
2.518876383346178045e+02 1.395952489959532841e+02 2.825994063470504414e-01
2.518800472582339580e+02 1.399865105466236344e+02 2.966026467663210320e-01
2.516852176854656875e+02 1.408377424909514843e+02 2.295623399184553715e-01
2.517178418909398090e+02 1.413285401071831018e+02 2.492210530599579255e-01
2.517921960326483770e+02 1.417795980760964483e+02 2.540498882131656533e-01
2.518533366907536220e+02 1.422260612118761003e+02 2.573437209882006860e-01
2.519058001978843038e+02 1.427991423317283761e+02 2.726148962633438422e-01
2.519905788752133446e+02 1.435256766346439861e+02 2.767620733596330984e-01
2.520173097906953785e+02 1.439096981119597842e+02 2.762330253154576254e-01
2.519259459913164960e+02 1.436736409442490299e+02 2.629877479594769363e-01
2.517457453600197255e+02 1.422113152693948166e+02 2.395252302503567132e-01
2.515595001004682558e+02 1.403474332267606712e+02 2.288832253617493206e-01
2.514910328900012360e+02 1.396247523266668225e+02 2.430072820411080525e-01
2.514971716277638336e+02 1.395868783367543529e+02 2.277233892649030145e-01
2.516478536673457711e+02 1.402916580823534503e+02 2.489895945406311317e-01
2.517806599874351150e+02 1.416676077617452449e+02 2.666007900111659890e-01
2.519360157086573224e+02 1.427877182005244663e+02 2.816366915166637619e-01
2.519506026823753189e+02 1.436813375758916891e+02 2.825994063470504414e-01
2.519074343967707819e+02 1.441239638416009825e+02 2.778901157038246583e-01
2.519012765827565943e+02 1.443491755244061494e+02 2.795497495924040843e-01
2.518652695220000055e+02 1.444443393131023186e+02 2.623353401550009290e-01
2.518858744172205206e+02 1.446104947362263147e+02 2.758985550375293583e-01
2.519540389511622607e+02 1.453119056157941316e+02 2.686788296846822632e-01
2.519821815092621478e+02 1.462205952299196952e+02 2.775365691743035268e-01
2.519941105252582361e+02 1.470827349749083623e+02 2.770265973817208627e-01
2.519729307989897222e+02 1.478079250379617520e+02 2.829008111222177102e-01
2.519972937157740205e+02 1.484222744487599073e+02 2.611004708018893061e-01
2.519628089398945576e+02 1.489466615287962270e+02 2.585518835890822653e-01
2.519563700691068959e+02 1.495326509122263587e+02 2.605434442553776209e-01
2.519435025015324641e+02 1.495948102421666590e+02 2.480917389656601968e-01
2.519255670097848565e+02 1.501722788998852991e+02 2.504444766621137797e-01
2.519254105845217850e+02 1.506744459620662440e+02 2.490073990421178274e-01
2.518951480189948597e+02 1.506848704976866884e+02 2.428584872786836990e-01
2.517751177004723218e+02 1.497472663731467435e+02 2.225918775864217658e-01
2.517614616478320499e+02 1.391822532359681475e+02 2.548472755297475079e-01
2.515901073102739645e+02 1.379184731876925127e+02 2.405540760862653615e-01
2.515399304098341986e+02 1.371668052874282466e+02 2.517963470249949820e-01
2.516317609415020513e+02 1.373738996182206051e+02 2.577176155194209062e-01
2.516745311693233589e+02 1.380063205980277701e+02 2.646588275990121031e-01
2.517674579495827345e+02 1.386215347988981534e+02 2.803547674096230624e-01
2.517968989645410716e+02 1.388100959153930205e+02 2.657181954374693289e-01
2.517389821929550067e+02 1.385701942471112318e+02 2.797354251079079979e-01
2.517022782131402323e+02 1.385280433615916138e+02 2.706233355970485421e-01
2.517369181425326587e+02 1.386162201552043882e+02 2.655376069223902014e-01
2.517571326104705633e+02 1.388822105051645792e+02 2.658784359508494233e-01
2.518025760570151022e+02 1.392425189300003296e+02 2.638016680274392622e-01
2.518775558997759276e+02 1.401723068783876158e+02 2.761579920591923365e-01
2.519283203487647427e+02 1.414709138033213094e+02 2.745326954234800776e-01
2.519413583308534328e+02 1.437512456792290152e+02 2.845566297604785744e-01
2.520105071993773436e+02 1.467545204357524540e+02 2.946695866049104939e-01
2.520663370290391470e+02 1.485263519339503944e+02 2.830966606385711404e-01
2.520534503852130968e+02 1.497232124916382361e+02 2.642340630635442444e-01
2.520180181555045067e+02 1.505606561213147927e+02 2.682044668950729904e-01
2.519783789764446453e+02 1.506359335536004380e+02 2.519298807861450329e-01
2.519666725167171535e+02 1.510249924330868794e+02 2.408440351104769450e-01
2.517854608440859749e+02 1.497149868119514053e+02 2.157956450189363606e-01
2.516422795866303375e+02 1.474314145167731169e+02 2.009047230255443794e-01
2.515677702914088059e+02 1.448556449171963436e+02 2.096696247574136585e-01
2.514593853886086663e+02 1.432226643673424746e+02 2.035995615005633808e-01
2.514977057628084367e+02 1.420598129509943703e+02 2.236385279238170820e-01
2.514979194168262779e+02 1.416506248108271677e+02 2.165599668327572169e-01
2.515992499217873615e+02 1.416572646181315918e+02 2.289633456184393678e-01
2.516684140513125669e+02 1.418356949732805390e+02 2.243723277350893608e-01
2.516982327760524356e+02 1.416566452758298738e+02 2.275275397485495565e-01
2.516549385871873596e+02 1.410132859733593875e+02 2.211115604628152986e-01
2.515276185970561471e+02 1.404822209335154355e+02 1.997792241815652126e-01
2.514700744482512107e+02 1.400969048145915394e+02 2.016296205860733104e-01
2.514729447882408806e+02 1.399894393871181819e+02 2.134708858248189622e-01
2.515572249395282824e+02 1.404414193748585262e+02 2.263460838998979929e-01
2.516981641015466948e+02 1.413235294117646959e+02 2.561050363847705569e-01
2.518907910031310564e+02 1.424427292774678904e+02 2.610012742936064223e-01
2.519290414310749497e+02 1.431634491388980166e+02 2.683062069035682673e-01
2.519182951426776356e+02 1.439332661849277315e+02 2.700561350496872848e-01
2.519289257018153023e+02 1.442841967244804380e+02 2.670255545466337921e-01
2.519377745390541747e+02 1.447527183658519903e+02 2.586141993442856446e-01
2.519324916891130499e+02 1.450020042781673624e+02 2.594446521636284420e-01
2.518098759026246398e+02 1.443147212705292191e+02 2.448614936959347121e-01
2.516099364379296901e+02 1.422597575026897516e+02 2.196172540880407253e-01
2.514653727881086240e+02 1.395893328144592829e+02 2.197991143532260494e-01
2.514241197581640108e+02 1.373204288850058106e+02 2.305975445048949746e-01
2.515302905440292704e+02 1.357451400069691942e+02 2.431929575566119661e-01
2.515019406906620532e+02 1.353061433160629576e+02 2.497958841079563341e-01
2.515488453780785960e+02 1.353562375527458244e+02 2.476657026800861694e-01
2.516187572966662458e+02 1.354021935145831605e+02 2.520659580475074768e-01
2.517397859390221129e+02 1.361669998651944979e+02 2.853412995759985193e-01
2.517206410129235223e+02 1.361002609631217979e+02 2.744334989151971382e-01
2.516459282376850126e+02 1.355621834931923217e+02 2.742236601476756297e-01
2.515859474156765998e+02 1.350136573243903797e+02 2.748773397022578613e-01
2.515255329268819935e+02 1.345569400675044847e+02 2.569113259520957038e-01
2.515274965090459602e+02 1.344176872461268886e+02 2.525670275893467931e-01
2.515468906981653845e+02 1.341988012483498949e+02 2.611602430568802924e-01
2.515450403017608778e+02 1.340738390829155549e+02 2.629267039543797813e-01
2.515778158454976108e+02 1.339782530731841348e+02 2.574391022461650635e-01
2.515801240719403609e+02 1.339845609537108260e+02 2.657779676924603152e-01
2.516101043089437042e+02 1.342553737800737110e+02 2.714919409195770683e-01
2.517153950437354979e+02 1.348435569324369965e+02 2.747399906907892486e-01
2.517244893287448519e+02 1.350079458946634929e+02 2.716509096828509384e-01
2.515954715522218805e+02 1.340722913630363280e+02 2.748824267026826473e-01
2.515059746819988789e+02 1.317595959904262770e+02 2.699009815367319765e-01
2.514453122019335751e+02 1.289711350878397695e+02 2.638372770304126536e-01
2.514406334332929021e+02 1.267251201167975267e+02 2.489501702873392064e-01
2.514028306613863606e+02 1.253171592154827891e+02 2.650492548816127947e-01
2.514785722824607888e+02 1.243608362011298283e+02 2.880717470539908565e-01
2.516760267474482475e+02 1.320953291162099674e+02 3.003822880819210783e-01
2.516690257631136376e+02 1.319966082424667775e+02 2.916542671031313039e-01
2.516788576631846013e+02 1.325296940932294660e+02 3.022250539857920248e-01
2.516718961031033359e+02 1.326381934535391451e+02 2.913541340780702038e-01
2.516528694497646086e+02 1.326321132162814536e+02 2.981376491444936994e-01
2.516525133597348542e+02 1.324275509399504926e+02 2.931638344791801520e-01
2.516555057877347394e+02 1.327204197284050338e+02 2.947560656121314682e-01
2.517417037381822524e+02 1.335877405833263367e+02 3.082785844912618312e-01
2.517938009812823736e+02 1.347443477066530306e+02 3.034026945841249989e-01
2.519060939721588568e+02 1.361227111677463881e+02 3.187603488664891294e-01
2.519036204182023084e+02 1.375299942262545301e+02 3.167573424492380885e-01
2.519745675413763877e+02 1.388710178324799926e+02 3.339386863838803010e-01
