2.519916962164767540e+02 1.621601748889730459e+02 1.547182153062278409e-01
2.519635177470995302e+02 1.622922436051915724e+02 1.537490962922160587e-01
2.519090542913209561e+02 1.622454694116431995e+02 1.350500912314524793e-01
2.518941646297380146e+02 1.621135814369814341e+02 1.268065548937928055e-01
2.518851103384170358e+02 1.621306692601645523e+02 1.340826935656005692e-01
2.518935001893482877e+02 1.621615020484043157e+02 1.314817364960236823e-01
2.518930887871380833e+02 1.621595276620649315e+02 1.308500017213481692e-01
2.519024322649499084e+02 1.622457344992598109e+02 1.331824284779839496e-01
2.518708317554308564e+02 1.621066237477192260e+02 1.182548972355148553e-01
2.518515199504251711e+02 1.620258064516129082e+02 1.220453058835680171e-01
2.518248958584363209e+02 1.620141047268220404e+02 1.187850724687575243e-01
2.519009949392363978e+02 1.624528987503012445e+02 1.284263435122387775e-01
2.519307897545357662e+02 1.625827641408751276e+02 1.373394842840912899e-01
2.518065204668296246e+02 1.618813715702137870e+02 1.086497745033910556e-01
2.516893138706234652e+02 1.609253055392983924e+02 1.027558784039659806e-01
2.516738733776293486e+02 1.604804385995111318e+02 1.033824491341618773e-01
2.516897166660928917e+02 1.603754948875959769e+02 1.156539401659379684e-01
2.517530209660205855e+02 1.605185630185561365e+02 1.124556752848831220e-01
2.518131476572451675e+02 1.606186267084380574e+02 1.250284022446379872e-01
2.517879006437842122e+02 1.605433693668881574e+02 1.202843667160119756e-01
2.518425396770750808e+02 1.607252039797569410e+02 1.224343305677006166e-01
2.519096997968809148e+02 1.608700450993217999e+02 1.286363479877440097e-01
2.519045305883568062e+02 1.610853840327744706e+02 1.265638448032498919e-01
2.518982889799290774e+02 1.610173322546218060e+02 1.325438083106689202e-01
2.518714497194202409e+02 1.609760267841773782e+02 1.315299342445002961e-01
2.518993149034323551e+02 1.609782042895996028e+02 1.326074981925844387e-01
2.518507746066719335e+02 1.609009639549695407e+02 1.220590766688470358e-01
2.518897201087891915e+02 1.609346266395841099e+02 1.320033049884669629e-01
2.519020983234069035e+02 1.609987434158432791e+02 1.368299652287671697e-01
2.519501876269494289e+02 1.611636520122559944e+02 1.474351912417805610e-01
2.519450597307811393e+02 1.612442593038867926e+02 1.472751058629118426e-01
2.519326143835852179e+02 1.612325593004441089e+02 1.340913003063999853e-01
2.519573759768650802e+02 1.614032447412813838e+02 1.385323785588873091e-01
2.519746393775604929e+02 1.614234137776706746e+02 1.257513684717871116e-01
2.519334595655317344e+02 1.614630856887114021e+02 1.277653458188453273e-01
2.519552053568354779e+02 1.616062829207835705e+02 1.219592384755740638e-01
2.519609649877784250e+02 1.617700571487588945e+02 1.294212827486487527e-01
2.519935346163115071e+02 1.618411901401177317e+02 1.315178848073811357e-01
2.519620752573415530e+02 1.619102385788549725e+02 1.250094674148793383e-01
2.519557682376837420e+02 1.620624797741591294e+02 1.307570489207147135e-01
2.519682273556649648e+02 1.621537490962922163e+02 1.311546803456467014e-01
2.520040468895238632e+02 1.624458343374531069e+02 1.349450889936998632e-01
2.520789152063896381e+02 1.627789892243605152e+02 1.403948772678761947e-01
2.520566874376011413e+02 1.631359641271043586e+02 1.367748820876510396e-01
2.520609529383413019e+02 1.632563638241470585e+02 1.341498261438358597e-01
2.520486298068647386e+02 1.633504991909663602e+02 1.427772231211484888e-01
2.520238716562811874e+02 1.633649826143835924e+02 1.297569456398251220e-01
2.519122749337280993e+02 1.630249767617998486e+02 1.184872792370984945e-01
2.518055392983784770e+02 1.625220917822838942e+02 1.061004578786105268e-01
2.517747443797982498e+02 1.621516731504113977e+02 1.134041381209763555e-01
2.517926756635797290e+02 1.621627517471683859e+02 1.171549557613522918e-01
2.518621286191344950e+02 1.622233845147519560e+02 1.141098908665266615e-01
2.518392501807415442e+02 1.621353427204186346e+02 1.193290184872792398e-01
2.518323596240575739e+02 1.620455503150067216e+02 1.235101731676248871e-01
2.519295813681275149e+02 1.621888232863979056e+02 1.006024718559575815e-01
2.519987210383171998e+02 1.624773229593417625e+02 1.098598822597858654e-01
2.519389678796433429e+02 1.625342376148999790e+02 1.132784797053051906e-01
2.519442059420938449e+02 1.624675026680896508e+02 1.167762591661789529e-01
2.519423916411333266e+02 1.625730901642166089e+02 1.186628567494061315e-01
2.519521034874513816e+02 1.624682376837539266e+02 1.189830275071435961e-01
2.519343426171377303e+02 1.624207938857713316e+02 1.190673735669776634e-01
2.519971046923950837e+02 1.626342840913003158e+02 1.255224291665232306e-01
2.519637346369676720e+02 1.626152029469480453e+02 1.244620787000378648e-01
2.518843167969153569e+02 1.622450528453884999e+02 1.112059765208111006e-01
2.518043618962371397e+02 1.619270303301545653e+02 9.793438220814541795e-02
2.517483423417220365e+02 1.615920749130719116e+02 1.014218335800599058e-01
2.518236117327090540e+02 1.617258804695837853e+02 1.106121114056529131e-01
2.519427359107653217e+02 1.620926722208834008e+02 1.140496436809309011e-01
2.519563070196577996e+02 1.622204582228801542e+02 1.181206320790443021e-01
2.518985196405824922e+02 1.620445846386890310e+02 1.109099046373119429e-01
2.518810427927152489e+02 1.619557217612834279e+02 1.143766998313078820e-01
2.518709161014906783e+02 1.619766912245670767e+02 1.128119943539780401e-01
2.518969342789272616e+02 1.621510827279925593e+02 1.221623575584397658e-01
2.519452817846937762e+02 1.623915757221055571e+02 1.262195751712741343e-01
2.519251678314455773e+02 1.624817950218611315e+02 1.262040830378352296e-01
2.519015096223362207e+02 1.624302389231245911e+02 1.249199573105656408e-01
2.517999431955107354e+02 1.618693978724136855e+02 1.120700932970702668e-01
2.517270320515027322e+02 1.613425551692085378e+02 1.041312355837091669e-01
2.517811460736048446e+02 1.614418442524184911e+02 1.119668124074775367e-01
2.518402778255930059e+02 1.613702206768340943e+02 1.223517058560264353e-01
2.518515905256997200e+02 1.613117619719764662e+02 1.212655351671429044e-01
2.519067149791716815e+02 1.614461355733810706e+02 1.282438806072916382e-01
2.518930233759080011e+02 1.615362842978620961e+02 1.196681240747753672e-01
2.519304058938961077e+02 1.617142682548972346e+02 1.171429063242331453e-01
2.519170069198196131e+02 1.619327985678383186e+02 1.283798671119220636e-01
2.518888318931387005e+02 1.619313491926877191e+02 1.212190587668261765e-01
2.518510896133851986e+02 1.618315230488518637e+02 1.138723448204633920e-01
2.518888594347092749e+02 1.618360174888973120e+02 1.267841773677143846e-01
2.519238286225771901e+02 1.619141494818742046e+02 1.289031569525252163e-01
2.519033772850896753e+02 1.620009536268805732e+02 1.191448342341722005e-01
2.519318363342169675e+02 1.621710899576548286e+02 1.268495885977897752e-01
2.519669776569008945e+02 1.622520397975694664e+02 1.250111887630392105e-01
2.519632819224016202e+02 1.625075395049402687e+02 1.319224016249526676e-01
2.519815333769408312e+02 1.626771112335181044e+02 1.361930664096120125e-01
2.520112868798843238e+02 1.627975969979688102e+02 1.353943608634282370e-01
2.519972441215960259e+02 1.628865872551382381e+02 1.324026577615588507e-01
2.520245223258856413e+02 1.631308827073363830e+02 1.318397769132784725e-01
2.520922625400213519e+02 1.633830808689365597e+02 1.397476503597617770e-01
2.520523892312459111e+02 1.634706200296071756e+02 1.379901538885254797e-01
2.519876906393087097e+02 1.632864943023375872e+02 1.310703342858126619e-01
2.518908871828415954e+02 1.627023875098977612e+02 1.241350225496608978e-01
2.518116827899611110e+02 1.622802182669466617e+02 1.225307260646538304e-01
2.517700416566254660e+02 1.621050504355010844e+02 1.155179536613075292e-01
2.517690002409887313e+02 1.620105484215237368e+02 1.157004165662546963e-01
2.517691586050194417e+02 1.619720022721795658e+02 1.155678727579440151e-01
2.518581609116259870e+02 1.620542878782662513e+02 1.237287843839294937e-01
2.518717767755706234e+02 1.621208833958756372e+02 1.179140702998588558e-01
2.519351051743725804e+02 1.624052673253692376e+02 1.217957104003855873e-01
2.519443660274727108e+02 1.625002461527868718e+02 1.245963438565084180e-01
2.519175216029194075e+02 1.624384067201432060e+02 1.215306227837642389e-01
2.518857455158880327e+02 1.623268340964643528e+02 1.195286948738251837e-01
2.518788652872929958e+02 1.623970823148690101e+02 1.236289461906565218e-01
2.518937050297793121e+02 1.624759837504733753e+02 1.342186800702309946e-01
2.519428271422177943e+02 1.625571608083450883e+02 1.299755568561297148e-01
2.519332943161083733e+02 1.627736547664130455e+02 1.008279684649017044e-01
2.519229713911935846e+02 1.626784108513787999e+02 1.107653113918821153e-01
2.519040468895238689e+02 1.626541071367094844e+02 1.033893345268013936e-01
2.519061228354046875e+02 1.626160360794574444e+02 1.064343994216270239e-01
2.518825438083106576e+02 1.625778169862636275e+02 1.105467001755775086e-01
2.518727235170585743e+02 1.625821530622783655e+02 1.064705477329844774e-01
2.519121923090164330e+02 1.627298206355217474e+02 1.107050642062863688e-01
2.519253227527799766e+02 1.627704668296209718e+02 1.162133783178985746e-01
2.519386218886631923e+02 1.628297483388990372e+02 1.164457603194822138e-01
2.519725789238131313e+02 1.630201604296485129e+02 1.202017420043377943e-01
2.520176989017798803e+02 1.631585602643990853e+02 1.181653871312011578e-01
2.520171256928426260e+02 1.631612903225806406e+02 1.192171308568871074e-01
2.520399404413536786e+02 1.632732795125141934e+02 1.213688160567356344e-01
2.520161410816951957e+02 1.632746875753089739e+02 1.127689606499810704e-01
2.520097342238441058e+02 1.632338176059489854e+02 1.142200571487589078e-01
2.520836041587771490e+02 1.633671532344131947e+02 1.267445863600371869e-01
2.520856181361242250e+02 1.635306296691568946e+02 1.179743174854546023e-01
2.520773556649567979e+02 1.637343787654490939e+02 1.234740248562674336e-01
2.520839880194168074e+02 1.638123145247357684e+02 1.303439253623437932e-01
2.521046166557648007e+02 1.640886907425895913e+02 1.393035425345130196e-01
2.520647536750783217e+02 1.642266998313078830e+02 1.351068957207284815e-01
2.520526818604330970e+02 1.642045684580163254e+02 1.310445140634144690e-01
2.519480256136606329e+02 1.637730006541123089e+02 1.153733604158777154e-01
2.518042310737769753e+02 1.630720866182394104e+02 1.091541295142355456e-01
2.517497263056425822e+02 1.627233018900402897e+02 9.901194615622956052e-02
2.517899610975315738e+02 1.626777033772850984e+02 1.093985609529383451e-01
2.518525871862842962e+02 1.626969514924088571e+02 1.083554239680517839e-01
2.518323114263090758e+02 1.626242951079285319e+02 1.139446414431782989e-01
2.518021843908148867e+02 1.625220005508314216e+02 1.170241333012014967e-01
2.518360450304678579e+02 1.624892019829930803e+02 1.169793782490446549e-01
2.518646934278927176e+02 1.625762212965194351e+02 1.228009777257548091e-01
2.519202774813233816e+02 1.626807690983578425e+02 1.225651530278514117e-01
2.519496402382345934e+02 1.627425964815643624e+02 1.190914724412159564e-01
2.519019158605019584e+02 1.626512324852824634e+02 1.250525011188763080e-01
2.518990136675043914e+02 1.625236014046201092e+02 1.240937101938238002e-01
2.519093538059007926e+02 1.625999328674217566e+02 1.302440871690708213e-01
2.519345164733018976e+02 1.626873394842840810e+02 1.288601232485282466e-01
2.519841756463662250e+02 1.628158105828484850e+02 1.395273177952972843e-01
2.519182910455468800e+02 1.627343460598340528e+02 1.268771301683478403e-01
2.519650101559541326e+02 1.627586945295555552e+02 1.242624023134919209e-01
2.519210176610321241e+02 1.628717819396151185e+02 1.178056253657864816e-01
2.519316504286156828e+02 1.629722931800185961e+02 1.238854270664784679e-01
2.519198230454091743e+02 1.629863841360553636e+02 1.251575033566289241e-01
2.519419578613970430e+02 1.630173408613626123e+02 1.200760835886666433e-01
2.519717509553482273e+02 1.631539022962784315e+02 1.184631803628601876e-01
2.519833080868936577e+02 1.633174975040451784e+02 1.326402038076221201e-01
2.519655386098392285e+02 1.633400884772954100e+02 1.332925947602162098e-01
2.519533101525114489e+02 1.634488449753847306e+02 1.292043928805040043e-01
2.519476297035838570e+02 1.634990825214307790e+02 1.283833098082418078e-01
2.519097583227183463e+02 1.635615227045822166e+02 1.211588115812304162e-01
2.519949805487657954e+02 1.637615898371604715e+02 1.317175611939270796e-01
2.520071573656487658e+02 1.638910696457465406e+02 1.291837367025854555e-01
2.520200003442696186e+02 1.641802716287396322e+02 1.348004957482700494e-01
2.520427359107653160e+02 1.643275243570764701e+02 1.325661858367473411e-01
2.520333700554274117e+02 1.645237769821324036e+02 1.380641718594002865e-01
2.520201982993080208e+02 1.647088374014528256e+02 1.330171790546355870e-01
2.519987830068509709e+02 1.648060178331669476e+02 1.305418804007298650e-01
2.519387854167383978e+02 1.645448118566461346e+02 1.194615622955899070e-01
2.517913192412297292e+02 1.638346197541914933e+02 1.107188349915653874e-01
2.517451750611078580e+02 1.632302199882948344e+02 9.936482252900472045e-02
2.519039350018934726e+02 1.628360002754156994e+02 9.702895307604916808e-02
2.519313560780803414e+02 1.628978861844596793e+02 1.053688849106620279e-01
2.518990567012083943e+02 1.628172737287843859e+02 1.076083588666643664e-01
2.518890987021034960e+02 1.627109822012600375e+02 1.115898371604640699e-01
2.519006041932041171e+02 1.627290873412056271e+02 1.179467759148965511e-01
2.519312958308947543e+02 1.628079388577133670e+02 1.161428030433435399e-01
2.519770303301545766e+02 1.628752590628980670e+02 1.244500292629187183e-01
2.519305229455709707e+02 1.627797242400247910e+02 1.213188969600991485e-01
2.518548128894550189e+02 1.626284487210383247e+02 1.145212930767376958e-01
2.518216803800736727e+02 1.624007883774572178e+02 1.077374599786552894e-01
2.518259579302509792e+02 1.623403277446896311e+02 1.110252349640238195e-01
2.518702946948049828e+02 1.625176076703274077e+02 1.112283540468895215e-01
2.518676162770682083e+02 1.625181843219609732e+02 1.133886459875374370e-01
2.518496230247529866e+02 1.624286776603435669e+02 1.135211897958481042e-01
2.518497555685613065e+02 1.623225358901091226e+02 1.124436258477639755e-01
2.518401504458291811e+02 1.623181757152201499e+02 1.128257651392570726e-01
2.518442386477088917e+02 1.623879505628808602e+02 1.177075085206733956e-01
2.518540589389610034e+02 1.623886218886632093e+02 1.179812028780941185e-01
2.518760009639549651e+02 1.624410455468723171e+02 1.143577650015492192e-01
2.518497899955245032e+02 1.621612231900024028e+02 1.101335766172066022e-01
2.518448548903501205e+02 1.620291389816504193e+02 1.195906634075808161e-01
2.517986160360794656e+02 1.619025389885358095e+02 1.131579853341136838e-01
2.517641615313113164e+02 1.616293575928667394e+02 1.161066547319860864e-01
2.517265414672771726e+02 1.613759665369917684e+02 1.134420077804936811e-01
2.517580507453437519e+02 1.612705046992804796e+02 1.158932075601611239e-01
2.517286845457362290e+02 1.611909939064275079e+02 1.163080524666919163e-01
2.517161858367473428e+02 1.611313664061693203e+02 1.159276345233586913e-01
2.517258942403690583e+02 1.609937411780906871e+02 1.207973284676558678e-01
2.517145247357730682e+02 1.607964764003167204e+02 1.222071126105966216e-01
2.516927462388542835e+02 1.605363548731366450e+02 1.155231177057871733e-01
2.516380228595035646e+02 1.596703566633387368e+02 1.175147175267669680e-01
2.515902657761558885e+02 1.585219850586979646e+02 1.035821255207078212e-01
2.515709264295796572e+02 1.577290477501979638e+02 1.046734602540709824e-01
2.516739973146968623e+02 1.573262144111267844e+02 1.238389506661617401e-01
2.517039918063827599e+02 1.570642458773711496e+02 1.195837780149412999e-01
2.516810049230557240e+02 1.565342204014183949e+02 1.152821289634041318e-01
2.517059937342926901e+02 1.559881158123041871e+02 1.151065514510964949e-01
2.520341945811960045e+02 1.606977656900884881e+02 1.292766895032189112e-01
2.519014321616690211e+02 1.603638103762867217e+02 1.232950046476400385e-01
2.518393431335422008e+02 1.599529228491754793e+02 1.202946948049712500e-01
2.517905807828691422e+02 1.594527541570558071e+02 1.197455847419699043e-01
2.517767549144489863e+02 1.591679123489516883e+02 1.241660068165387071e-01
2.518185492477708465e+02 1.592223035081075579e+02 1.230299170310186901e-01
2.518039332805453228e+02 1.589958653217199753e+02 1.259648156436120880e-01
2.517579836127655142e+02 1.586545409164457681e+02 1.268685234275484519e-01
2.517806830309498309e+02 1.584114159809963098e+02 1.237976383103246425e-01
2.517875374393224774e+02 1.583234619754191499e+02 1.346817227252384008e-01
2.517667039625434597e+02 1.580914879333494127e+02 1.308241814989499763e-01
2.517994904809446837e+02 1.581536578648397438e+02 1.299617860708506822e-01
2.517241918270389363e+02 1.578081419767962359e+02 1.248097910283333944e-01
2.517318621544393693e+02 1.575966726340069499e+02 1.262023616896753575e-01
2.517721554721657924e+02 1.574979688091713399e+02 1.290873412056322556e-01
2.517527369435742060e+02 1.573710331531655697e+02 1.253210314318173868e-01
2.517947240678899732e+02 1.574131252797190825e+02 1.288721726856474070e-01
2.518158605019451102e+02 1.573403501222157104e+02 1.336007160808345140e-01
2.518370640685785133e+02 1.573464505800943414e+02 1.342221227665507666e-01
2.519997194202499315e+02 1.629600337384239310e+02 1.334062037387682143e-01
2.519431232141012913e+02 1.628179002995145765e+02 1.351086170688883537e-01
2.519149206458498327e+02 1.625914655558233335e+02 1.211261059661927209e-01
2.518282886356594474e+02 1.619077133611044133e+02 1.220057148758907917e-01
2.519029366199607409e+02 1.609299617860708622e+02 9.282542086962508598e-02
2.518784452783419852e+02 1.605852205046992935e+02 1.074654869693944248e-01
2.518649344166351227e+02 1.605064292353771407e+02 1.062657073019588894e-01
2.519093228216339071e+02 1.605429614073742641e+02 1.144713739801012098e-01
2.518853151788480602e+02 1.604288566805522009e+02 1.260887527111233530e-01
2.518381760594897969e+02 1.603116036079457558e+02 1.232915619513202804e-01
2.518506110785967564e+02 1.603483612765517989e+02 1.173615175405377520e-01
2.518383998347505894e+02 1.603408734120563111e+02 1.188883533583502544e-01
2.517905119289427489e+02 1.601901728233552546e+02 1.206441284814266518e-01
2.518312596825834078e+02 1.601966209935621634e+02 1.171446276723930174e-01
2.518458601576755029e+02 1.601981220091575722e+02 1.206888835335835075e-01
2.518638534099906963e+02 1.601392450166970889e+02 1.229335215340654763e-01
2.518275450132543938e+02 1.600962904947154470e+02 1.263503976314249433e-01
2.517898870795607138e+02 1.599744224876923511e+02 1.255757909594794608e-01
2.518015870830033975e+02 1.599089475677350549e+02 1.182325197094364344e-01
2.517556150376975381e+02 1.598207990498158040e+02 1.201242813371432572e-01
2.517908734120563281e+02 1.598384618032843321e+02 1.245860157675491436e-01
2.517860691293421098e+02 1.597100681653871277e+02 1.199917375288325760e-01
2.518078665610906341e+02 1.595533463008227955e+02 1.253107033428581263e-01
2.518028539952490803e+02 1.596222690811443385e+02 1.163579715633284023e-01
2.518455331015251204e+02 1.596539470513305901e+02 1.264158088615003339e-01
2.518189279443660382e+02 1.595554308534444203e+02 1.254191482769304866e-01
2.518361052776534450e+02 1.595104348125451850e+02 1.236048473164182149e-01
2.518417220366991387e+02 1.596541501704134589e+02 1.386511515819189577e-01
2.518272162357558557e+02 1.596183994904809538e+02 1.292921816366578436e-01
2.518715289014355960e+02 1.597729662271491122e+02 1.324542982063552088e-01
2.518671652838503121e+02 1.597179829242262485e+02 1.282610940888904150e-01
2.517607463765621105e+02 1.593028694873825089e+02 1.238372293180018541e-01
2.517041604985024321e+02 1.585807708197060037e+02 1.212982407821805997e-01
2.516336885048369822e+02 1.577981908630839598e+02 1.174424209040520473e-01
2.516804385995111488e+02 1.571563225117912452e+02 1.157348435294522637e-01
2.516572072847454251e+02 1.567654112300753866e+02 1.238148517919234332e-01
2.516885031156401737e+02 1.562625469067373558e+02 1.350948462836093211e-01
2.519894911694839266e+02 1.613103900574930378e+02 1.382001583640307119e-01
2.519459617172169317e+02 1.611330498846696742e+02 1.297397321582263174e-01
2.518642080077116532e+02 1.608614607360484854e+02 1.281956828588150243e-01
2.517994801528557218e+02 1.606603194822184832e+02 1.206234723035081030e-01
2.517794591524081795e+02 1.603489637484077548e+02 1.110424484456226102e-01
2.517403501222157161e+02 1.598556546287051958e+02 1.155885289358625639e-01
2.517593469205081362e+02 1.598333304644197312e+02 1.281956828588150243e-01
2.517981581574689187e+02 1.597426618927944446e+02 1.296020243054360199e-01
2.517485024271009024e+02 1.595297190759802959e+02 1.199865734843529458e-01
2.517350948462836016e+02 1.590396323200330357e+02 1.204117464798430126e-01
2.517279684649017213e+02 1.588732777911660321e+02 1.236891933762522822e-01
2.517816986263641752e+02 1.588918666299445590e+02 1.346421317175612031e-01
2.517584070644128360e+02 1.587424501669707695e+02 1.276723930182118716e-01
2.518490326023341481e+02 1.590615140978414388e+02 1.416617895135470206e-01
2.519023427548455913e+02 1.590969084587048599e+02 1.440148724481013498e-01
2.518957689262230133e+02 1.592207594588081463e+02 1.384945088993699835e-01
2.518868402933177322e+02 1.592318621544393693e+02 1.460391778841188537e-01
2.518962474610114555e+02 1.591908286570041753e+02 1.489620270595930773e-01
2.518461700003442729e+02 1.591640754639033162e+02 1.427169759355527145e-01
2.518383671291355483e+02 1.591263831032464680e+02 1.329466037800805522e-01
2.518469170654456661e+02 1.591682600612799945e+02 1.359262574448307781e-01
2.518740369057045427e+02 1.591957672048748691e+02 1.393741178090680544e-01
2.518626605157159020e+02 1.593058388129583136e+02 1.419406479154473877e-01
2.519164130547044351e+02 1.594022084896891158e+02 1.387131201156746041e-01
2.519241539573794171e+02 1.596125520707818453e+02 1.406892278032154664e-01
2.519534082693565722e+02 1.598060023410334907e+02 1.538523771818088026e-01
2.519601060350466355e+02 1.600834716149688575e+02 1.495025303817950346e-01
2.519110958102385780e+02 1.604656143491582725e+02 1.053413433401039628e-01
2.518753038179502255e+02 1.601101542327951393e+02 1.140909560367679987e-01
2.517543274692739317e+02 1.596014476538024667e+02 1.126192033600716125e-01
2.516785347884463135e+02 1.592686783488828439e+02 1.043498468000137736e-01
2.516167521602919521e+02 1.589819895342031941e+02 1.066839949048094399e-01
2.515950407959513768e+02 1.587795366130753507e+02 1.091334733363169968e-01
2.515977588046958431e+02 1.584775071435948632e+02 1.104107136709470832e-01
2.515729197507487811e+02 1.582750989775192068e+02 1.096309429545219843e-01
2.516174596343856535e+02 1.582524942334836737e+02 1.210262677729197489e-01
2.516728956518745406e+02 1.583062484938203625e+02 1.329844734395979056e-01
2.517026887458257249e+02 1.582263021998829515e+02 1.208076565566151422e-01
2.517114934416635208e+02 1.582127414190794354e+02 1.315109994147416195e-01
2.516994990876854672e+02 1.581305281096154545e+02 1.362946259510448566e-01
2.517034633524976641e+02 1.580435638792302200e+02 1.314094398733087754e-01
2.516890608324439711e+02 1.579963025441525701e+02 1.398819155162323025e-01
2.517395135470100058e+02 1.581020380762213051e+02 1.396168278996109680e-01
2.517682721107171062e+02 1.582212431576410552e+02 1.482132406100457878e-01
2.517900764278583097e+02 1.583978861844596793e+02 1.408975109305608264e-01
2.518354511653527084e+02 1.585713533239232902e+02 1.472923193445106194e-01
2.519054188040072972e+02 1.587876682617826418e+02 1.493958067958825464e-01
2.519307931972320773e+02 1.589710314318174085e+02 1.523272627121561584e-01
2.518704203532206520e+02 1.590338692463937775e+02 1.409061176713602148e-01
2.519003786965951690e+02 1.590933659241918292e+02 1.432488725169552835e-01
2.518615674596343865e+02 1.592008692808207400e+02 1.400764278582986300e-01
2.519178486590697901e+02 1.593550814197679699e+02 1.329982442248769103e-01
2.519288205322408487e+02 1.595033135952077714e+02 1.396633042999277097e-01
2.519212001239370693e+02 1.595524219368609522e+02 1.390952594071676873e-01
2.519127500258202303e+02 1.595529280132199403e+02 1.376424415602299778e-01
2.518289685681826029e+02 1.592644799807208926e+02 1.356112507315729576e-01
2.517342806486039990e+02 1.588494440045443525e+02 1.278359210934003620e-01
2.517120012393706645e+02 1.586569972802699056e+02 1.268530312941095473e-01
2.517709006093572555e+02 1.585872172685647286e+02 1.315970668227355589e-01
2.517680982545529673e+02 1.582817089544531370e+02 1.325248734809102436e-01
2.517292422625400263e+02 1.580970478879058021e+02 1.182290770131166763e-01
2.516884859021585612e+02 1.576990274382896757e+02 1.241660068165387071e-01
2.516391331290666926e+02 1.561030416221985035e+02 1.161634592212620887e-01
2.516454435914208148e+02 1.536542086962508904e+02 1.337367025854649394e-01
2.516394842840913100e+02 1.530722742451888223e+02 1.316555926601714333e-01
2.516562312803387726e+02 1.528825386442661909e+02 1.335353048507591234e-01
2.519752401280682932e+02 1.590594983991462072e+02 1.461338520329121815e-01
2.520094588081385325e+02 1.593391761627706842e+02 1.553843770441009353e-01
2.520281629772437668e+02 1.601625055943815141e+02 1.644696526319413266e-01
2.519902933177264401e+02 1.605962904947154470e+02 1.468086205115846643e-01
2.520041622198505991e+02 1.609632819224016202e+02 1.550108444934072405e-01
2.519973215822632255e+02 1.611809377904775147e+02 1.575773745997865460e-01
2.520148328570936656e+02 1.614844717182497220e+02 1.530020311908286690e-01
2.520146211312700189e+02 1.618223430991152156e+02 1.594123317382173666e-01
2.520598650463042532e+02 1.620705150273694244e+02 1.560453747374944133e-01
2.520588907632457847e+02 1.623714462767239297e+02 1.603539091816710838e-01
2.520830240644472724e+02 1.626742658450098133e+02 1.650721244878989302e-01
2.520426154163941135e+02 1.629625469067373444e+02 1.512118291045546903e-01
2.520541432850208423e+02 1.633075756532516323e+02 1.531259682583399340e-01
2.520948824319206665e+02 1.635417908906255491e+02 1.565118600888215639e-01
2.521042603366956882e+02 1.637624522325885721e+02 1.583089475677350588e-01
2.520878782662581443e+02 1.640522067683409659e+02 1.430853444417667930e-01
2.520938392949358047e+02 1.640979051192894360e+02 1.450889936998657481e-01
2.521309309050848526e+02 1.645620804213860424e+02 1.454831824284779918e-01
2.521385048369883179e+02 1.646918666299445704e+02 1.420869625090370736e-01
2.520227166316659293e+02 1.642808465590250364e+02 1.314455881846662288e-01
2.518854219024339898e+02 1.637953661307535924e+02 1.198316521499638576e-01
2.518848779564154654e+02 1.630471855957586058e+02 9.384445898027335420e-02
2.518940148724481105e+02 1.630345887699245964e+02 1.074121251764381807e-01
2.519950993217888140e+02 1.633387905807828702e+02 1.259923572141701253e-01
2.520181963713980906e+02 1.633295521052087906e+02 1.211209419217130906e-01
2.519468998519640479e+02 1.632032602334148237e+02 1.172771714807036847e-01
2.519230264743347050e+02 1.632509191999173765e+02 1.210331531655592652e-01
2.519598788170895318e+02 1.632767979481529892e+02 1.197731263125279694e-01
2.519572348263159824e+02 1.633876751471752584e+02 1.312028780941233153e-01
2.519562106241608319e+02 1.635179863669225711e+02 1.343322890487829990e-01
2.519430250972561680e+02 1.634438048679726023e+02 1.225014631459358933e-01
2.519612989293214582e+02 1.634484645574413832e+02 1.197490274382896625e-01
2.519708851172238155e+02 1.634958567149791691e+02 1.185320342892553502e-01
2.519306572107274462e+02 1.634428202568251436e+02 1.261782628154370367e-01
2.518884910662030450e+02 1.633073036802423701e+02 1.163218232519709489e-01
2.518729404069267162e+02 1.632271181189107381e+02 1.136864392191964807e-01
2.518417203153509831e+02 1.631264106448170139e+02 1.192377870348056562e-01
2.518496436809309103e+02 1.630738527214514306e+02 1.187626949426791034e-01
2.518636898819155192e+02 1.629965814025544830e+02 1.187420387647605546e-01
2.519190071263813877e+02 1.630133576617206472e+02 1.349674665197782841e-01
2.519254432471511791e+02 1.629907167693737620e+02 1.272609908080008234e-01
2.518523668537198432e+02 1.627546579681206254e+02 1.182480118428753391e-01
2.518410352187833610e+02 1.625636829965228856e+02 1.176937377353943631e-01
2.518095534822873276e+02 1.623842617137742366e+02 1.193496746651977886e-01
2.517874634213515890e+02 1.621304988466967245e+02 1.143061245567528472e-01
2.517413657176300603e+02 1.618747856921540915e+02 1.222518676627534634e-01
2.516567046510827197e+02 1.610678417736771451e+02 1.061882466347643522e-01
2.516292732468068891e+02 1.592071694150859003e+02 1.040090198643577601e-01
2.516798171928254249e+02 1.572324629049471412e+02 1.077598375047337104e-01
2.516869487382518003e+02 1.560273177952972787e+02 1.209763486762832629e-01
2.516223207215891478e+02 1.550083037835232460e+02 1.177746410989086584e-01
2.515727269597548741e+02 1.541165610906462007e+02 1.167435535511412575e-01
2.519776999345887702e+02 1.590244982270114065e+02 1.322718353014080694e-01
2.518607584259992507e+02 1.585447292319344399e+02 1.315385409852996845e-01
2.517561073432712533e+02 1.581371776775570765e+02 1.293885771336110435e-01
2.518136175852928034e+02 1.580725203979756941e+02 1.356215788205322459e-01
2.518083829655386126e+02 1.577032326918442493e+02 1.370141494818742089e-01
2.517142751402898853e+02 1.572806331118532057e+02 1.322460150790098765e-01
2.517089406823424156e+02 1.567649378593314395e+02 1.363617585292801193e-01
2.518183065376803142e+02 1.570574345027025061e+02 1.454866251247977360e-01
2.518429751781595485e+02 1.570931920680276903e+02 1.412107962956587470e-01
2.518299617860708395e+02 1.569975625710056022e+02 1.429424725444968514e-01
2.518070781836334220e+02 1.570225462181981015e+02 1.453041622198505967e-01
2.518298894894481350e+02 1.570630099493923524e+02 1.501807415567872894e-01
2.518524787413502395e+02 1.570033893345268154e+02 1.475952766206492794e-01
2.518434330567700670e+02 1.568687575308981934e+02 1.499759011257617014e-01
2.518365476641305349e+02 1.566905566839949131e+02 1.384652459806520464e-01
2.517934468275553286e+02 1.564313698488656428e+02 1.376131786415120406e-01
2.517405618480393912e+02 1.561020036492581085e+02 1.424467242744517637e-01
2.517323148690053927e+02 1.557543963232003250e+02 1.401383963920542486e-01
2.517128429786208699e+02 1.553860278169862568e+02 1.459927014838021120e-01
2.516934416635108676e+02 1.548153836885048236e+02 1.384979515956897556e-01
2.516364133989740708e+02 1.540487503012359412e+02 1.308138534099907158e-01
2.519236409956277782e+02 1.587627517471683802e+02 1.586360037181120120e-01
2.517888060729163158e+02 1.581871639067717865e+02 1.407821806038489221e-01
2.517868953764588298e+02 1.574293025097256304e+02 1.331961992632629821e-01
2.517667779805143482e+02 1.569101008710021574e+02 1.309825455296588226e-01
2.517815712466003504e+02 1.568352050125658366e+02 1.323802802354804298e-01
2.517107549833029339e+02 1.562152718008744330e+02 1.385668055220848904e-01
2.516804351568148093e+02 1.557285588873205597e+02 1.374152236031259688e-01
2.516631235583709270e+02 1.552587668261782596e+02 1.381554033118738700e-01
2.518282335525183271e+02 1.551073243364202767e+02 1.216029194064791596e-01
2.519903570076083668e+02 1.559907580817296093e+02 1.542827142217784997e-01
2.519509329707026666e+02 1.558118153337694025e+02 1.465211553688849089e-01
2.519617482011911704e+02 1.558086446104589129e+02 1.605277653458188347e-01
2.519565411230075256e+02 1.556879763831032335e+02 1.511791234895169811e-01
2.519359847832822652e+02 1.555709505284538920e+02 1.524735773057458721e-01
2.519143921919647369e+02 1.554587100216890008e+02 1.496591730643439810e-01
2.518368592281474889e+02 1.552309670533962276e+02 1.542327951251420137e-01
2.517816504286157056e+02 1.549074258959617225e+02 1.427410748097910353e-01
2.516880125314146142e+02 1.544229903260233527e+02 1.441078252487348055e-01
2.516217234137776586e+02 1.540070213791441347e+02 1.435535511412538434e-01
2.516519778290357010e+02 1.538902089716665955e+02 1.441181533376940938e-01
2.519511223190002340e+02 1.613613488484180891e+02 1.457775329638172634e-01
2.519605639136571824e+02 1.615601284125727375e+02 1.492477708541329606e-01
2.519226718766137765e+02 1.614814524735772920e+02 1.503391055874961357e-01
2.519305281096154374e+02 1.615536268805728639e+02 1.613608978552001916e-01
2.519379643336661161e+02 1.616317123971494425e+02 1.573553206871621812e-01
2.519235755843976960e+02 1.617589871587427410e+02 1.452198161600165294e-01
2.518898698660791240e+02 1.616848177092298613e+02 1.397562571005611654e-01
2.519253812786174080e+02 1.617907357042035414e+02 1.430096051227321141e-01
2.518847746755258754e+02 1.618153440974971602e+02 1.475057665163355958e-01
2.518734068922780409e+02 1.617491255551347820e+02 1.501738561641477732e-01
2.518895583020621700e+02 1.616675353737046805e+02 1.502616449203015847e-01
2.519446724274451697e+02 1.617906375873584182e+02 1.481323372465314925e-01
2.519113299135883324e+02 1.616969136227493493e+02 1.387182841601542205e-01
2.519171601198058283e+02 1.618662908389850941e+02 1.515543773883705758e-01
2.519174716838227823e+02 1.617592023272626989e+02 1.498399146211312760e-01
2.519251592247047995e+02 1.617795383344235347e+02 1.492288360243742840e-01
2.519422849175474255e+02 1.618782318311701829e+02 1.428753399662615886e-01
2.518727975350294344e+02 1.616535631906909600e+02 1.384669673288119185e-01
2.518118514820807547e+02 1.610696612386821300e+02 1.320170757737459954e-01
2.517023771818087994e+02 1.601498829483251143e+02 1.269425413984232587e-01
2.516949839914621236e+02 1.594108376080145888e+02 1.286621682101421749e-01
2.517127706819981370e+02 1.589634041381209784e+02 1.468826384824594711e-01
2.517428718972699357e+02 1.587725909732502600e+02 1.314232106585878079e-01
2.516589785520019404e+02 1.583058870107067833e+02 1.258753055392983766e-01
2.516656659896030703e+02 1.580019382380280319e+02 1.356680552208489599e-01
2.516777464109890730e+02 1.578218008744448753e+02 1.386184459668812485e-01
2.516865080731228659e+02 1.575760543257479185e+02 1.443952903914345609e-01
2.517389282886356625e+02 1.575454676902950268e+02 1.414294075119633676e-01
2.518853237855888665e+02 1.580421627018280617e+02 1.556649567941611745e-01
2.518886718077598346e+02 1.580334544014872336e+02 1.455606430956725428e-01
2.518567080937790479e+02 1.580594261025235028e+02 1.538764760560470957e-01
2.518315041140220956e+02 1.580127379763831073e+02 1.526543188625331393e-01
2.518903983199641914e+02 1.581697524701345969e+02 1.643646503941887382e-01
2.518460667194546829e+02 1.580487313664061730e+02 1.606103900574930299e-01
2.518800650669604408e+02 1.581779684649017099e+02 1.554015905256997399e-01
2.518843908148862170e+02 1.581700244431438591e+02 1.521568492443281517e-01
2.518434468275553400e+02 1.582823544600130958e+02 1.473852721451440750e-01
2.518611440079870647e+02 1.582960013082245894e+02 1.437360140462009828e-01
2.518442730746720883e+02 1.582669139670189793e+02 1.414844906530794977e-01
2.518703790408648047e+02 1.582523840672014330e+02 1.502857437945398777e-01
2.518623799359658619e+02 1.583293679209556899e+02 1.550177298860467567e-01
2.518380349089406707e+02 1.583430578028712148e+02 1.490687506455055655e-01
2.518181068612937565e+02 1.581804403208593044e+02 1.516438874926842595e-01
2.517986917753984812e+02 1.579892570661342006e+02 1.463128722415395766e-01
2.517979206114228532e+02 1.578983509484628485e+02 1.429889489448135653e-01
2.517735618136124174e+02 1.575810186938410027e+02 1.464712362722484229e-01
2.517082917340861457e+02 1.570322924914793248e+02 1.388766481908630945e-01
2.516982803731882825e+02 1.569698867352910838e+02 1.331721003890246890e-01
2.518376303921231170e+02 1.566695200881330265e+02 1.282731435260095754e-01
2.518308603298103208e+02 1.565495025303818011e+02 1.372603022687368668e-01
2.518735377147381769e+02 1.567199969015733245e+02 1.439821668330636684e-01
2.519458687644163035e+02 1.569518607773608210e+02 1.620184528522738976e-01
2.519777188694185384e+02 1.571612799944916787e+02 1.641357110889248572e-01
2.519638740661686143e+02 1.570975901125761709e+02 1.605535855682170276e-01
2.518478827417633568e+02 1.567832168554411680e+02 1.506076359004372145e-01
2.517241057596309304e+02 1.561651891761627837e+02 1.436137983268495899e-01
2.516330326711880616e+02 1.556224825283161692e+02 1.298671119220573544e-01
2.516438926567287524e+02 1.553429510792852852e+02 1.404998795056288108e-01
2.516340276104244822e+02 1.551029676042276435e+02 1.339828553723275972e-01
2.516288876648190751e+02 1.549078183633421588e+02 1.375684235893551710e-01
2.519528539952490860e+02 1.614657709918407988e+02 1.480531552311770693e-01
2.519221726856474106e+02 1.614514338830171880e+02 1.448084139498054812e-01
2.518778910042345274e+02 1.614209574138465371e+02 1.503924673804523660e-01
2.518952215375081778e+02 1.614778221503081284e+02 1.514717526766963807e-01
2.518685664612524420e+02 1.613047784624918108e+02 1.482476675732433691e-01
2.518250215168519901e+02 1.611707388026302112e+02 1.384101628395359163e-01
2.518229886046751744e+02 1.611092780665817372e+02 1.427823871656281329e-01
2.517941233173821729e+02 1.610286311839432756e+02 1.403070885117223832e-01
2.517756670224119659e+02 1.609212414362929167e+02 1.463266430268186091e-01
2.518221675216029212e+02 1.609203428925534354e+02 1.464144317829724207e-01
2.518995627775673825e+02 1.609829466037800785e+02 1.517385616414776150e-01
2.518825575790959590e+02 1.609626467449306233e+02 1.430457534340895676e-01
2.518488088270733556e+02 1.610199349330395648e+02 1.425964815643612216e-01
2.518415757221055458e+02 1.609368230798361310e+02 1.458498295865321703e-01
2.518085086239542818e+02 1.606885186077736023e+02 1.356525630874100552e-01
2.517473129755224193e+02 1.604645092436396112e+02 1.346283609322821706e-01
2.517695889420594142e+02 1.604108496574517062e+02 1.370554618377113065e-01
2.517961183598994808e+02 1.603107171136433919e+02 1.372534168760973505e-01
2.517669397872413697e+02 1.600916652322098628e+02 1.395824009364133866e-01
2.517811512376493397e+02 1.601758649774503454e+02 1.440647915447378358e-01
2.517684683444073528e+02 1.601536131097875852e+02 1.427307467208317471e-01
2.517736564877612011e+02 1.601443350432058423e+02 1.382965538609839118e-01
2.517103039900850376e+02 1.598922487692360619e+02 1.318707611801563095e-01
2.516505594381519586e+02 1.590823131476572314e+02 1.388783695390229667e-01
2.516274468964092819e+02 1.585676145557200414e+02 1.305143388301717999e-01
2.516275897683065352e+02 1.582054824938892068e+02 1.252125864977450265e-01
2.516689675353736959e+02 1.579278273143526121e+02 1.373222708024925132e-01
2.517788067614555700e+02 1.581752435707646214e+02 1.438392949357937267e-01
2.517823923296726036e+02 1.580281543705029890e+02 1.483079147588391156e-01
2.517601456260543387e+02 1.579266103212035546e+02 1.411092367542259030e-01
2.518051382242572345e+02 1.579268926223017786e+02 1.435552724894137155e-01
2.517758081729610637e+02 1.577008400179020100e+02 1.484852136193066385e-01
2.517895410885805632e+02 1.577799497366337391e+02 1.523840672014321607e-01
2.518151340930216406e+02 1.578795607119496083e+02 1.511343684373601393e-01
2.519091954418700823e+02 1.582902709402003723e+02 1.582005026336626707e-01
2.520242865011877313e+02 1.591829948015285652e+02 1.699280476469170742e-01
2.520296364512686296e+02 1.594777429682927732e+02 1.759957999104898863e-01
2.520704943711915291e+02 1.596847195923847664e+02 1.781612558956174597e-01
2.520583795228423014e+02 1.599457017936447869e+02 1.725393328054532216e-01
2.520062725926945859e+02 1.599303112197472956e+02 1.727217957104003887e-01
2.519665869108685854e+02 1.599147898233896683e+02 1.709608565428443472e-01
2.519558336489138242e+02 1.600267290942265959e+02 1.598443901263469635e-01
2.519880934347781078e+02 1.602270096739766529e+02 1.702551037972940273e-01
2.520124573966330388e+02 1.603993131820841995e+02 1.758615347540193607e-01
2.520033463008228125e+02 1.605701879712190703e+02 1.684683444073398206e-01
2.519770406582435385e+02 1.605321633903673444e+02 1.590043722243260904e-01
2.518906978345440280e+02 1.601577650015492225e+02 1.490360450304678563e-01
2.518267996695011561e+02 1.595164010052673120e+02 1.409078390195200869e-01
2.518306640961200742e+02 1.587969377216235785e+02 1.169862636416841711e-01
2.518747684786725074e+02 1.587257048920714624e+02 1.337074396667470022e-01
2.518422057355320760e+02 1.586090749474988684e+02 1.380383516370020935e-01
2.518457379419561448e+02 1.585270492649843277e+02 1.381657314008331305e-01
2.517643491582607567e+02 1.584031931008365746e+02 1.404120907494749992e-01
2.518567218645643209e+02 1.586058336489138298e+02 1.441147106413743217e-01
2.519405084862464150e+02 1.589694529555548002e+02 1.580490239955933407e-01
2.520032636761111178e+02 1.591752366853719707e+02 1.683048163321513302e-01
2.519781991255551361e+02 1.593587306778669017e+02 1.577443453712948085e-01
2.520050366647158171e+02 1.596427204186318818e+02 1.589475677350500882e-01
2.520576686060522604e+02 1.598641856301855739e+02 1.579302509725617198e-01
2.520324577409026858e+02 1.598711708610183564e+02 1.545305883568010574e-01
2.520347970530519603e+02 1.600434846972148648e+02 1.656952525217750549e-01
2.520228440114297541e+02 1.601646590009295323e+02 1.612851585361655127e-01
2.520111474506833815e+02 1.603394205942093720e+02 1.587668261782628210e-01
2.519963249216786494e+02 1.602651082727992673e+02 1.623644438324095551e-01
2.519560832443970071e+02 1.601378111336798895e+02 1.563655454952318780e-01
2.519197748476606762e+02 1.599788084828037427e+02 1.464574654869693904e-01
2.518915171962681256e+02 1.599513787998760677e+02 1.417702344476193810e-01
2.519072090060935807e+02 1.599778720694047536e+02 1.464471373980101299e-01
2.519196113195854991e+02 1.599537129479808470e+02 1.511550246152786880e-01
2.520468723103934963e+02 1.604334905497985915e+02 1.675629152752435569e-01
2.521216356250215256e+02 1.609513960133576518e+02 1.786638895583020636e-01
2.520234154990188244e+02 1.607882690122904137e+02 1.597583227183530241e-01
2.518685716252969371e+02 1.601827434846972267e+02 1.440320859297001543e-01
2.517373894033807176e+02 1.595907890659964892e+02 1.292370984955417135e-01
2.517405084862464264e+02 1.593770286088064267e+02 1.432815781319929649e-01
2.517853909181671099e+02 1.594245567528488436e+02 1.434468275553413552e-01
2.518608376080146058e+02 1.597695132027403986e+02 1.541828760285055278e-01
2.518033514648672906e+02 1.596190777016559252e+02 1.448531690019623230e-01
2.518182738320652732e+02 1.595730832788239866e+02 1.486057079904981593e-01
2.518932368230798318e+02 1.596685716252969200e+02 1.592642957964677808e-01
2.518880865493854913e+02 1.598678125107584265e+02 1.606809653320480646e-01
2.519012359279788029e+02 1.598543257479257704e+02 1.521086514958515379e-01
2.518862877405584015e+02 1.597538868041449973e+02 1.483922608186731829e-01
2.518930664096120040e+02 1.596462853306709917e+02 1.429820635521740491e-01
2.518943040589389568e+02 1.596892157537783703e+02 1.438582297655523756e-01
2.518769425413984209e+02 1.597204255172651131e+02 1.488105484215237473e-01
2.518881399111784276e+02 1.598048817433814293e+02 1.504062381657313985e-01
2.519127052707680718e+02 1.600084036217165249e+02 1.519761076875408845e-01
2.519443556993837490e+02 1.601986246428202492e+02 1.484232450855509922e-01
2.519449306296691589e+02 1.604374548146108168e+02 1.618549247770854072e-01
2.519532602334148237e+02 1.606127947808723775e+02 1.637449650566323578e-01
2.519560832443970071e+02 1.607112748304471950e+02 1.488071057252039753e-01
2.519511963369711225e+02 1.607612851585361682e+02 1.533962199194409126e-01
2.519590732261507071e+02 1.608368024236582130e+02 1.412194030364581632e-01
2.519735893551829804e+02 1.609749629910145643e+02 1.560384893448548971e-01
2.519489620270595935e+02 1.610453971150204779e+02 1.424622164078906683e-01
2.519402038076221402e+02 1.611668657692704869e+02 1.500619685337556408e-01
2.519545942782387158e+02 1.613388714841463809e+02 1.482958653217199829e-01
2.519779237098495628e+02 1.616664405962750095e+02 1.639050504355010762e-01
2.520345543429613997e+02 1.618963851688642421e+02 1.666058456983509350e-01
2.520748734809102416e+02 1.621300289186490886e+02 1.807622129651943466e-01
2.520615381967156736e+02 1.623119530416221892e+02 1.648449065307949213e-01
2.520557079904981492e+02 1.624537387682032659e+02 1.634299583433745373e-01
2.520703859262574440e+02 1.626490549798602387e+02 1.539143457155644212e-01
2.520808241814989401e+02 1.630215719351396046e+02 1.621062416084277091e-01
2.521116156573828562e+02 1.634066203050228978e+02 1.720212070093297130e-01
2.520787929906702800e+02 1.636539591007677075e+02 1.582435363376596682e-01
2.520328966846834362e+02 1.638721485867731644e+02 1.627620752573415430e-01
2.519005387819740349e+02 1.640460099149653956e+02 1.014889661582951824e-01
2.518811305814714103e+02 1.638586945295555495e+02 1.250266808964781151e-01
2.517636571763004838e+02 1.632207835576823811e+02 1.167211760250628227e-01
2.517256911212861894e+02 1.630315884600819345e+02 1.081230419664681447e-01
2.517365080731228772e+02 1.629837177677557065e+02 1.136330774262402366e-01
2.517426791062760287e+02 1.628468499328674284e+02 1.182394051020759507e-01
2.517398199469824647e+02 1.629088201879712301e+02 1.298757186628567428e-01
2.517946259510448499e+02 1.629860501945123303e+02 1.288015974110923723e-01
2.518149550728130350e+02 1.629907511963369586e+02 1.315523117705787171e-01
2.518282060109477811e+02 1.631139652976210925e+02 1.340999070471993737e-01
2.518540589389610034e+02 1.631483285709367692e+02 1.359365855337900664e-01
2.518795951389128049e+02 1.632156625469067421e+02 1.377216235755844009e-01
2.518976228181911949e+02 1.633385771336110395e+02 1.313715702137914498e-01
2.519600440665128929e+02 1.636468447688229446e+02 1.471683822769993544e-01
2.520117533652356485e+02 1.639852687024477689e+02 1.492873618618101583e-01
2.520073742555169076e+02 1.642939219196474596e+02 1.493889214032430302e-01
2.520333339071160594e+02 1.644940062657072986e+02 1.456105621923090288e-01
2.520422487692360676e+02 1.646089337969497706e+02 1.504423864770888519e-01
2.519980411057940444e+02 1.646509450201397726e+02 1.485557888938616733e-01
2.520273591076531261e+02 1.648913863738079613e+02 1.501996763865459383e-01
2.520594519227458932e+02 1.650656677109512032e+02 1.509071504802561303e-01
2.520596481564361113e+02 1.651357351877990709e+02 1.460942610252349561e-01
2.520328897992908139e+02 1.652126226460563885e+02 1.357627293696423154e-01
2.520591438014252788e+02 1.653610768754088269e+02 1.397614211450408095e-01
2.521070764622852494e+02 1.656556752848831309e+02 1.473852721451440750e-01
2.521183030949839861e+02 1.657361913450614566e+02 1.469394429717354733e-01
2.520739439529039032e+02 1.657468499328674341e+02 1.423623782146176964e-01
2.521254759527662088e+02 1.659488587461700035e+02 1.477846249182359628e-01
2.521312028780941148e+02 1.661170671670051888e+02 1.477450339105587374e-01
2.521135315178848089e+02 1.663017850380417997e+02 1.474007642785829797e-01
2.521272541054153749e+02 1.663204874857988784e+02 1.428615691809825561e-01
2.521577391813268036e+02 1.666107549833029111e+02 1.477140496436809280e-01
2.521314886218886500e+02 1.668008486246428106e+02 1.527197300926085299e-01
2.520546545254243256e+02 1.668141512032223659e+02 1.345767204874858125e-01
2.519457861397046088e+02 1.662353960822115937e+02 1.206510138740661681e-01
2.518737046855096935e+02 1.656470857575653213e+02 1.223706406857851120e-01
2.518382724549867362e+02 1.654373549764175380e+02 1.163235446001308210e-01
2.518022997211415941e+02 1.652895101043137061e+02 1.228715530003098438e-01
2.518412572726959695e+02 1.654110045787861054e+02 1.244328157813199276e-01
2.518769012290425735e+02 1.655034736805866373e+02 1.338830171790546253e-01
2.518819292870175843e+02 1.654153750817640400e+02 1.258976830653767975e-01
2.519338744104382499e+02 1.655917048232175546e+02 1.296071883499156641e-01
2.519608272799256383e+02 1.657524821840465563e+02 1.394894481357799310e-01
2.519245550315006597e+02 1.655664733018900279e+02 1.283660963266430310e-01
2.519278548559231581e+02 1.655985058697972363e+02 1.343977002788583897e-01
2.519520432402657661e+02 1.657755689055668427e+02 1.371415292457052459e-01
2.519629892932144344e+02 1.659051915860501936e+02 1.366991427686163885e-01
2.519628619134506096e+02 1.659922642613695132e+02 1.365734843529452236e-01
2.519845009811684520e+02 1.660531104761249139e+02 1.349554170826591515e-01
2.519676317692016312e+02 1.659549815815746854e+02 1.356078080352532134e-01
2.519173632388886972e+02 1.657361741315798440e+02 1.310737769821324061e-01
2.518817227252384043e+02 1.656627724033463096e+02 1.291940647915447438e-01
2.518596929114882812e+02 1.657406720143216035e+02 1.368265225324474255e-01
2.518402003649258063e+02 1.656232003304988325e+02 1.253107033428581263e-01
2.518253210314318267e+02 1.654004699280476416e+02 1.304506489482562814e-01
2.518425431197713920e+02 1.653237718180879199e+02 1.349502530381795073e-01
2.518760612111405521e+02 1.652987175956209001e+02 1.312837814576376105e-01
2.518748356112507452e+02 1.653158123041966405e+02 1.379385134437291216e-01
2.518619823045409305e+02 1.651876613763899968e+02 1.278066581746824248e-01
2.517741935483871032e+02 1.643243674045512535e+02 1.267101593968396056e-01
2.518596515991324338e+02 1.631655971356766486e+02 1.051468309980376631e-01
2.518037508176403776e+02 1.626188883533583578e+02 1.216476744586360015e-01
2.517564395634661025e+02 1.623523461975419195e+02 1.225100698867352955e-01
2.517305694219712962e+02 1.621728422900816042e+02 1.257100561159500141e-01
2.517371862842978487e+02 1.621314955072813007e+02 1.205718318587117449e-01
2.517609047405928209e+02 1.621195132027403929e+02 1.375615381967156547e-01
2.517689382724549887e+02 1.620242073191723762e+02 1.328777498536854174e-01
2.517399473267463179e+02 1.619317072331049587e+02 1.227114676214411115e-01
2.517492012944538260e+02 1.618432144455537696e+02 1.311581230419664734e-01
2.517730626226460515e+02 1.618443711915171832e+02 1.284366716011980658e-01
2.517499810651702319e+02 1.617419561400488988e+02 1.305625365786483860e-01
2.518276913278479583e+02 1.618988484180810303e+02 1.379970392811649960e-01
2.519211708610183393e+02 1.622414328502082697e+02 1.413054704444521026e-01
2.519495042517299623e+02 1.624402950390746128e+02 1.416893310841050579e-01
2.519070351499294134e+02 1.622895066616173665e+02 1.391933762522807871e-01
2.519786862670843846e+02 1.626237081282060046e+02 1.383963920542568837e-01
2.520246961820497802e+02 1.627903862705270797e+02 1.447412813715702185e-01
2.519925654972974769e+02 1.627697025510379660e+02 1.399438840499879488e-01
2.519374599786552835e+02 1.626564550555995368e+02 1.321547836265362930e-01
2.519436103556305397e+02 1.625872861224911219e+02 1.371948910386614762e-01
2.519423159018143110e+02 1.627342169587220724e+02 1.386494302337590856e-01
2.519321960959823627e+02 1.629731555754466967e+02 1.471683822769993544e-01
2.519679519399593630e+02 1.630362206079801695e+02 1.368024236582091047e-01
2.520234430405893988e+02 1.631796278445278290e+02 1.408992322787206986e-01
2.520925052501118842e+02 1.635341945811960045e+02 1.591007677212793181e-01
2.521162271491031674e+02 1.638542241883843360e+02 1.660481288945502010e-01
2.521524907907873398e+02 1.642129651943401996e+02 1.749509415774434529e-01
2.521238613281922483e+02 1.642442403690570529e+02 1.673529107997383525e-01
2.520917375288325957e+02 1.641450235824698041e+02 1.519003683685062056e-01
2.520226494990876915e+02 1.638357885495920527e+02 1.439529039143457034e-01
2.518074775364065090e+02 1.628184167039625549e+02 1.302044961613935958e-01
2.516726305642579291e+02 1.618271215616070435e+02 1.120941921713085737e-01
2.516647381829448875e+02 1.611391555065927719e+02 1.195269735256652976e-01
2.516488570248218366e+02 1.607490532585120775e+02 1.152941784005232922e-01
2.516886597583227285e+02 1.606301081006644438e+02 1.207973284676558678e-01
2.517266843391744544e+02 1.605365252866044727e+02 1.262350673047130389e-01
2.516971838744104275e+02 1.604386236100113479e+02 1.295400557716803736e-01
2.517269941818432244e+02 1.604606499810651599e+02 1.333287430715736632e-01
2.517320463386924700e+02 1.604716907081626402e+02 1.370984955417082762e-01
2.517627104348125329e+02 1.602734791889007511e+02 1.338417048232175555e-01
2.517692377870347968e+02 1.601770389368953715e+02 1.360347023789031662e-01
2.517495507281302594e+02 1.599457809756601421e+02 1.385960684408028276e-01
2.517693961510655072e+02 1.599177247220022764e+02 1.355406754570179229e-01
2.517768289324198747e+02 1.598965091059317558e+02 1.467018969256721761e-01
2.517891468998519713e+02 1.598085155093469325e+02 1.406771783660963338e-01
2.518553465073845814e+02 1.598797965366474898e+02 1.450907150480256202e-01
2.518578252487347982e+02 1.599402674975040384e+02 1.377594932351017265e-01
2.518286897097806900e+02 1.597307845904912824e+02 1.459066340758081726e-01
2.517646228526181744e+02 1.594397442076634377e+02 1.324973319103521785e-01
2.517688229421282813e+02 1.589861844596688059e+02 1.400850345990980184e-01
2.517473387957448381e+02 1.586138310324646170e+02 1.409904637311942821e-01
2.517683960477846199e+02 1.586645350638620187e+02 1.499018831548868946e-01
2.517523582469790426e+02 1.585515733122181246e+02 1.466795193995937552e-01
2.517684700657555084e+02 1.583859383068819398e+02 1.444452094880710469e-01
2.517910541536131177e+02 1.585039694288566920e+02 1.452645712121733712e-01
2.517814283747030686e+02 1.584572813027162965e+02 1.586859228147484979e-01
2.517766499122112407e+02 1.583028660446861977e+02 1.411281715839845796e-01
2.517324198712431667e+02 1.580446414431783069e+02 1.421282748648741712e-01
2.517698867352910668e+02 1.581152752435707782e+02 1.385771336110441787e-01
2.517358160911626044e+02 1.580439976589665036e+02 1.355182979309395019e-01
2.518366957000722834e+02 1.579047664130547162e+02 1.190690949151375355e-01
2.519225031844941043e+02 1.580121837022756210e+02 1.289461906565221860e-01
2.518549454332633388e+02 1.581122525562020087e+02 1.347867249629910169e-01
2.518749836471924937e+02 1.581287293007883648e+02 1.354752642269425322e-01
2.519120804213860367e+02 1.582266068785072548e+02 1.515767549144489967e-01
2.518789892243605095e+02 1.582573570420353235e+02 1.524529211278273233e-01
2.517755258718628397e+02 1.579052535545839362e+02 1.383981134024167836e-01
2.516190828657004204e+02 1.570894791200468319e+02 1.341842531070334410e-01
2.515458945846386882e+02 1.565292319344510759e+02 1.177264433504320584e-01
2.515581850105002104e+02 1.560493906427514048e+02 1.275191930319826417e-01
2.515823200330498821e+02 1.555996058112713740e+02 1.336420284366716116e-01
2.516864013495369647e+02 1.558599528350604260e+02 1.530880985988226084e-01
2.516257944021757851e+02 1.555233328743071581e+02 1.434055151995042576e-01
2.516071057252039793e+02 1.549799686714634959e+02 1.423210658587805988e-01
2.516213034048266479e+02 1.546570058870107118e+02 1.487623506730471334e-01
2.516423262299032615e+02 1.542269012290425962e+02 1.441388095156126148e-01
2.515852807518848806e+02 1.536709952835060449e+02 1.374307157365648735e-01
2.519640720212070164e+02 1.600448944813578009e+02 1.714170138052122372e-01
2.519317674802905742e+02 1.599787912693221301e+02 1.701948566116982808e-01
2.518679984163596828e+02 1.598553533927772321e+02 1.629944572589251961e-01
2.518750129101111952e+02 1.597816108376080138e+02 1.548955141666953639e-01
2.518233191035218681e+02 1.597183943264364530e+02 1.537060625882190890e-01
2.518536595861879164e+02 1.597209006093572441e+02 1.592987227596653621e-01
2.518396942885668182e+02 1.595129738010810172e+02 1.529469480497125389e-01
2.518300599029159628e+02 1.592949908768547402e+02 1.426154163941198705e-01
2.517399008503460038e+02 1.588568079319723267e+02 1.423176231624608268e-01
2.516765999931146212e+02 1.583322563431679555e+02 1.331325093813474636e-01
2.517139239852652679e+02 1.581284263435122455e+02 1.514063414466209900e-01
2.516732829552105102e+02 1.576950941577443359e+02 1.427324680689916470e-01
2.516670069198196131e+02 1.573714497194202409e+02 1.413433401039694282e-01
2.516534754019347986e+02 1.568810496781078996e+02 1.381020415189176120e-01
2.516537766378627623e+02 1.564123833786621560e+02 1.403587289565187413e-01
2.516203119082865669e+02 1.559586308396736456e+02 1.426291871793989030e-01
2.516503063999724645e+02 1.557464488587461631e+02 1.481288945502117205e-01
2.517179812028780930e+02 1.559370279202671554e+02 1.550590422418838543e-01
2.517989809618893560e+02 1.562336368643921958e+02 1.640634144662099225e-01
2.519142562054601058e+02 1.567362774124694340e+02 1.804867972596137238e-01
2.519681430096051145e+02 1.572426016456088291e+02 1.828467655868075969e-01
2.519984662787895502e+02 1.574806589320756132e+02 1.787998760629324890e-01
2.519845113092574138e+02 1.575229455709711885e+02 1.926395152683581802e-01
2.518171928254208751e+02 1.568372878438393059e+02 1.622146865425000972e-01
2.516547440355286369e+02 1.561117051674871732e+02 1.609271181189107225e-01
2.515754518538919626e+02 1.555538093434778091e+02 1.525183323579027139e-01
2.515755172651220448e+02 1.551260887527111265e+02 1.533583502599235593e-01
2.516570592488036766e+02 1.552305418804007218e+02 1.604847316418218650e-01
2.517079629565876076e+02 1.552811133679898035e+02 1.678176748029056309e-01
2.517268134402864348e+02 1.552630082280442139e+02 1.728681103039900746e-01
2.517869108685922868e+02 1.555803301545770694e+02 1.764949908768547460e-01
2.518437859331428399e+02 1.558731125417426995e+02 1.750473370743966806e-01
2.518499724584294484e+02 1.561393396908458726e+02 1.818122353427204241e-01
2.518483130788033293e+02 1.562010121527180218e+02 1.758133370055427469e-01
2.518584879677763695e+02 1.562987107102282494e+02 1.694529555547905075e-01
2.518752848831204574e+02 1.564200020656177799e+02 1.667538816401005208e-01
2.518821599476710276e+02 1.565163820704375723e+02 1.671842186800702179e-01
2.518983027507143504e+02 1.566095052845388409e+02 1.749939752814404226e-01
2.519267549144489919e+02 1.566679157916480278e+02 1.715202946948049811e-01
2.518896288773367189e+02 1.566181085826419235e+02 1.666368299652287721e-01
2.518814645230144151e+02 1.566576479498743311e+02 1.731917237580473112e-01
2.518407253761145626e+02 1.564976882294212714e+02 1.621957517127414206e-01
2.517912056322511773e+02 1.563938892140324413e+02 1.563397252728336850e-01
2.518095793025097180e+02 1.560789909457086821e+02 1.353409990704720067e-01
2.517632939718387490e+02 1.555147364615967263e+02 1.425500051640444799e-01
2.517780510896133990e+02 1.555298395703514984e+02 1.501807415567872894e-01
2.518049695321375623e+02 1.555458584363273360e+02 1.669810995972045298e-01
2.517907546390332811e+02 1.555708438048679625e+02 1.655971356766619551e-01
2.517837883430302668e+02 1.554940114297517937e+02 1.612404034840086708e-01
2.517196285330670946e+02 1.552045581299273636e+02 1.607085069026061297e-01
2.515701242813371437e+02 1.546000103280889562e+02 1.448669397872413556e-01
2.514970220676834174e+02 1.539299290804558211e+02 1.402003649258098950e-01
2.515302595793025091e+02 1.537686628567494154e+02 1.497228629462594995e-01
2.515253330808689327e+02 1.536572916308052470e+02 1.628705201914139034e-01
2.519754363617585398e+02 1.603729972114159921e+02 1.533428581264846546e-01
2.519214032430199381e+02 1.602501273797638248e+02 1.553740489551416748e-01
2.519145918683512946e+02 1.604113230281956817e+02 1.611250731572967942e-01
2.518742572382690241e+02 1.603424191827039067e+02 1.552483905394705099e-01
2.518671670051984677e+02 1.601561486556270779e+02 1.527352222260474346e-01
2.517570988398113343e+02 1.597506127999449177e+02 1.481323372465314925e-01
2.517777532963817180e+02 1.595939098702103536e+02 1.395806795882535145e-01
2.517711398767514765e+02 1.593319310083657570e+02 1.382139291493097444e-01
2.517146572795813597e+02 1.591614899989671983e+02 1.465297621096842973e-01
2.518004286156917999e+02 1.594718834991565473e+02 1.444417667917513026e-01
2.518374117809068196e+02 1.595660842772059027e+02 1.518487279237098475e-01
2.518625159224704930e+02 1.596586360037181009e+02 1.543808310668915995e-01
2.518953919509760055e+02 1.597148586773160730e+02 1.676076703274004265e-01
2.518929132096257888e+02 1.597804041725479465e+02 1.546717389059110992e-01
2.518993837573587768e+02 1.597838089992081905e+02 1.530054738871484132e-01
2.519080094329879103e+02 1.597816762488380959e+02 1.552638826729094146e-01
2.519352101766103260e+02 1.598732898406031495e+02 1.638241470719867809e-01
2.518188143353874864e+02 1.594516129032257936e+02 1.465693531173615227e-01
2.516904396323200217e+02 1.585723190002409808e+02 1.350931249354494490e-01
2.516461321306847481e+02 1.573426842703205182e+02 1.424398388818122474e-01
2.516262385100010306e+02 1.567728216339036749e+02 1.317519881571246609e-01
2.516568062106241541e+02 1.566106723585912448e+02 1.391847695114813988e-01
2.517107016215099691e+02 1.564308878713808610e+02 1.476520811099252817e-01
2.518162598547182256e+02 1.567594226598271803e+02 1.480204496161393601e-01
2.517822787206940518e+02 1.564876803112197479e+02 1.675302096602058755e-01
2.517057510242021579e+02 1.561864013495369647e+02 1.494216270182807116e-01
2.517184838365407700e+02 1.559768392605088252e+02 1.540950872723517162e-01
2.516425413984232478e+02 1.554869229180293928e+02 1.520225840878575985e-01
2.516334509587909167e+02 1.550229059799634967e+02 1.574293386580369880e-01
2.516066753881640068e+02 1.546081006644403999e+02 1.535838468688676961e-01
2.515976555238062531e+02 1.543737649326952805e+02 1.605570282645367719e-01
2.516006282920783690e+02 1.540989448135779867e+02 1.518779908424277847e-01
2.517007332943161089e+02 1.541840293317726491e+02 1.773401728233552632e-01
2.517155472165800347e+02 1.541654800840017856e+02 1.740128068303095077e-01
2.517539418872861177e+02 1.541150359761765287e+02 1.835335835025992401e-01
2.516860019967638777e+02 1.539182893241987244e+02 1.697180431714118420e-01
2.516402089716665955e+02 1.536444624229696672e+02 1.769201638723448267e-01
2.517387389403380666e+02 1.538868592281474719e+02 1.865734843529452402e-01
2.517962767239301911e+02 1.539864185630185602e+02 1.823871656281199349e-01
2.517684063758735817e+02 1.539065927634523234e+02 1.745963438565084069e-01
2.517030175233242630e+02 1.533743295348917286e+02 1.816934623196887755e-01
2.515845095879092526e+02 1.525307518848762243e+02 1.724136743897820845e-01
2.515543601748889841e+02 1.521834544014872392e+02 1.658518952043240291e-01
2.516578166419940032e+02 1.522892174751265202e+02 1.731435260095706974e-01
2.516509209212655378e+02 1.521079612352394292e+02 1.781268289324198784e-01
2.519560557028264611e+02 1.588245429820635479e+02 1.651254862808551604e-01
2.518989740764966996e+02 1.585824215925913165e+02 1.663803490894068260e-01
2.518535614693427931e+02 1.587555892174751193e+02 1.680345646710503793e-01
2.518724894137088199e+02 1.588578131992976807e+02 1.769718043171411848e-01
2.518128774055840609e+02 1.592827744689641065e+02 1.268220470272317379e-01
2.518583037835232687e+02 1.590014218335800535e+02 1.382707336385857466e-01
2.517840103969428753e+02 1.588346576238510011e+02 1.478741350225496742e-01
2.517744035528625943e+02 1.586041622198505934e+02 1.388577133611044179e-01
2.517653234413192536e+02 1.584727114676214512e+02 1.385254931662477929e-01
2.517149481874203900e+02 1.583429941129892882e+02 1.434502702516610995e-01
2.516974851103384196e+02 1.582421196681240758e+02 1.441611870416910635e-01
2.517090078149206533e+02 1.581808500017213532e+02 1.539401659379626142e-01
2.517598770957413876e+02 1.582486900540503427e+02 1.542190243398629812e-01
2.517325627431404200e+02 1.581239215753778353e+02 1.500292629187179316e-01
2.517232984473439501e+02 1.580139566908802919e+02 1.554170826591386445e-01
2.517048748579887842e+02 1.579044479636451399e+02 1.556184803938444605e-01
2.517308465590250250e+02 1.579954676902950439e+02 1.616810686129376562e-01
2.517880779426446907e+02 1.580575050779770834e+02 1.617344304058938864e-01
2.518629565875993990e+02 1.582995834337453118e+02 1.635280751884876371e-01
2.518455778565772789e+02 1.583651168795400679e+02 1.627878954797397359e-01
2.518801442489757960e+02 1.584484920990119576e+02 1.742228113058147121e-01
2.518840981856990311e+02 1.584824129858505160e+02 1.763762178538231251e-01
2.518382483561125014e+02 1.585235910765311473e+02 1.685268702447756950e-01
2.518598805384376931e+02 1.585103487451371791e+02 1.645918683512927194e-01
2.518585017385616425e+02 1.585981719282542031e+02 1.677453781801907240e-01
2.518499087685475217e+02 1.585938100320170747e+02 1.627620752573415430e-01
2.518876303921230999e+02 1.585701569869521848e+02 1.608341653182772668e-01
2.518936000275415665e+02 1.585854064103005499e+02 1.604451406341446673e-01
2.518782025682514529e+02 1.585201518229077067e+02 1.553103590732261563e-01
2.519134351223878525e+02 1.587966485351327037e+02 1.586308396736323956e-01
2.519324405274210790e+02 1.590228870451337571e+02 1.639394773986986575e-01
2.519164715805418666e+02 1.592912710434812595e+02 1.635814369814438674e-01
2.520123162460839410e+02 1.598227940923331118e+02 1.743415843288463607e-01
2.520251970943643016e+02 1.599657073019589006e+02 1.716407890659965019e-01
2.519373842393362395e+02 1.598077632802010442e+02 1.562571005611594899e-01
2.517783643749784801e+02 1.589740523978379940e+02 1.504613213068475286e-01
2.516406427514029076e+02 1.582467346025406982e+02 1.447412813715702185e-01
2.516324783970806038e+02 1.576511223190002511e+02 1.443298791613591703e-01
2.516135211897958470e+02 1.573365287293007952e+02 1.418511378111336763e-01
2.516192481151237530e+02 1.571574121251764495e+02 1.541983681619444324e-01
2.516059954556408513e+02 1.569134592212620873e+02 1.548352669810995896e-01
2.516844768822942058e+02 1.569485058697972306e+02 1.532981030743278128e-01
2.518100165249423412e+02 1.573766017144627654e+02 1.666729782765862256e-01
2.518062398870795562e+02 1.572181980927462348e+02 1.716132474954384368e-01
2.518512824043791056e+02 1.573777205907666996e+02 1.737305057320893686e-01
2.518625882190931975e+02 1.574685251488966173e+02 1.777240334630082186e-01
2.518142200571487592e+02 1.572335198127173328e+02 1.740472337935070613e-01
2.518268995076944350e+02 1.572776414087513217e+02 1.739714944744724101e-01
2.518181602230867213e+02 1.572405893896099371e+02 1.736530450648948176e-01
2.518488621888663204e+02 1.573198041105794118e+02 1.786380693359038707e-01
2.518430491961304085e+02 1.574434605983406072e+02 1.767807346713946293e-01
2.518374754707887178e+02 1.573342995834337330e+02 1.683839983475057533e-01
2.518675921781939735e+02 1.573614555720039903e+02 1.773883705718318493e-01
2.518954263779392022e+02 1.574825558577477977e+02 1.780114986057080018e-01
2.518568027679278316e+02 1.574385771336110338e+02 1.764278582986194832e-01
2.518208145419492610e+02 1.573718834991565529e+02 1.711743037146693236e-01
2.518162495266292638e+02 1.574488621888663147e+02 1.682652253244741325e-01
