2.138074861473645569e+02 4.711991115995787238e-01 3.491975889545267364e+01
2.137228843247698933e+02 5.112916151486009975e-01 3.460360740944268798e+01
2.136620609515959188e+02 5.060184549159683076e-01 3.455044305536474525e+01
2.134191841828090048e+02 4.150180885652791085e-01 3.394082863946513129e+01
2.129278117415395855e+02 3.001121948985666643e-01 3.384755689884141816e+01
2.125582245729724775e+02 2.889716994092594859e-01 3.345892521866556990e+01
2.122641605989833806e+02 2.967658103219306676e-01 3.329239478866144708e+01
2.119806875944497904e+02 2.934056875944497933e-01 3.320208018500709812e+01
2.119157164445665558e+02 3.367278014379264661e-01 3.309567362732975937e+01
2.119039085039153747e+02 3.415006640106241775e-01 3.312094724550075853e+01
2.118851009754087045e+02 3.492581398543755933e-01 3.324117438292805815e+01
2.119269233411182825e+02 3.518512158263497613e-01 3.328092686724367155e+01
2.119687457068278604e+02 3.542302056143243338e-01 3.329606630947474599e+01
2.120169242569949972e+02 3.736445024499702172e-01 3.313608668773183297e+01
2.120174531758025296e+02 3.767229930851307418e-01 3.318119361633924314e+01
2.120518203049869612e+02 3.825159133580620097e-01 3.311106264596785564e+01
2.120853768832715218e+02 3.891388469112057602e-01 3.293099441315199272e+01
2.121631691624307336e+02 3.754762558959564012e-01 3.322768237395246871e+01
2.122218963227549580e+02 3.793710216604844754e-01 3.325193822411503675e+01
2.122477240463433645e+02 3.882229701882126682e-01 3.307516943719375035e+01
2.122914937949352066e+02 3.985048312497138090e-01 3.282468402253056894e+01
2.123495993039337009e+02 3.938269908870266067e-01 3.280176306269176223e+01
2.124061684297293482e+02 3.963571003342949983e-01 3.288930942895086673e+01
2.124701653157484884e+02 3.952843797224893652e-01 3.296974286761002304e+01
2.125625372074918857e+02 4.085199432156431665e-01 3.272801895864816402e+01
2.127141697577505965e+02 3.991905939460548836e-01 3.284553395612950766e+01
2.127736937308238225e+02 4.072846544855062700e-01 3.296536841141182350e+01
2.128419883683656053e+02 4.017172688556120419e-01 3.309392888217246309e+01
2.129141125154554288e+02 4.040630581123780818e-01 3.310201034940696729e+01
2.129638835462746727e+02 3.873963914457114188e-01 3.319596098365160231e+01
2.129459644181893054e+02 3.854444291798324040e-01 3.317045038237853305e+01
2.128621056005861476e+02 3.795347346247195386e-01 3.321222924394376719e+01
2.127339973439574976e+02 3.734727755644090541e-01 3.312579223336538803e+01
2.126029926271923784e+02 3.790332921188808157e-01 3.303624811100426228e+01
2.125033990474882160e+02 3.908011631634382144e-01 3.303920524797361935e+01
2.124742707331593294e+02 3.927806017310069842e-01 3.304002152310299323e+01
2.124715998076658821e+02 4.078490635160507138e-01 3.298286051197509039e+01
2.124879985803910927e+02 4.013177176352062947e-01 3.294659637312818035e+01
2.124777201538672955e+02 4.013463387827998496e-01 3.304124765306589495e+01
2.124664560150203840e+02 4.089813161148509457e-01 3.297945688510326789e+01
2.124620197371433790e+02 4.166414800567843635e-01 3.307142922562623255e+01
2.124240749645097708e+02 4.102784265237898742e-01 3.303351879836974092e+01
2.124180668132069343e+02 4.242707331593167375e-01 3.299638343179007904e+01
2.124146712002564357e+02 4.250721252919357207e-01 3.306345766359847715e+01
2.124454538169162561e+02 3.992535604707606600e-01 3.317526560424966675e+01
2.124542656958373357e+02 4.167044465814901399e-01 3.309487109035124064e+01
2.124532090030681957e+02 4.127822045152722552e-01 3.327186999129916956e+01
2.124576555845583243e+02 4.093888812565828483e-01 3.327696455557082089e+01
2.124275255300636616e+02 3.903867289462838452e-01 3.347325182030498780e+01
2.124437949352017085e+02 4.080116316343820326e-01 3.337608989330036025e+01
2.124500446489902572e+02 3.832646425791088607e-01 3.331754819801254541e+01
2.124488528644044436e+02 4.012822274121903288e-01 3.331069057104913611e+01
2.124552800293080566e+02 3.845045106928607348e-01 3.331771076613087956e+01
2.124081226816870469e+02 4.164651737876081672e-01 3.332108119247149602e+01
2.124198436140495403e+02 4.183266932270916505e-01 3.324480697898062687e+01
2.124341507533086144e+02 4.184011082108348156e-01 3.338209575491138992e+01
2.124338027201538637e+02 4.312577277098502693e-01 3.332396162476530321e+01
2.124465654622887882e+02 4.145418326693227073e-01 3.323959793011860597e+01
2.124573613591610695e+02 4.401840912213216273e-01 3.306107065988918237e+01
2.124945413747309715e+02 4.206243989559005358e-01 3.309018981545084159e+01
2.130635057471264417e+02 3.176294820717131540e-01 3.317335829097403632e+01
2.129532273206026503e+02 3.292840133718001328e-01 3.312122429820946223e+01
2.129200233548564256e+02 3.602933095205385627e-01 3.329514012913861620e+01
2.129052204973210678e+02 3.876780235380317685e-01 3.346326990887026653e+01
2.129222248935293180e+02 4.053990932820442095e-01 3.335385584100379930e+01
2.129085542885927680e+02 4.075914731877089414e-01 3.334644868800659623e+01
2.129176775655996607e+02 4.109080917708476388e-01 3.343979026423043166e+01
2.129354146631863216e+02 4.001751614232724186e-01 3.368632367083390733e+01
2.129332692219627177e+02 4.003709300728122145e-01 3.369644067408526666e+01
2.129079910244081191e+02 4.037516600265604327e-01 3.354837775335440142e+01
2.128533715711865284e+02 4.045427485460457162e-01 3.350579978934835168e+01
2.128041901360076906e+02 4.031712231533635671e-01 3.346887850895269167e+01
2.127475580436873202e+02 4.029582818152676604e-01 3.360976095617530035e+01
2.127203713880111877e+02 4.111004258826762015e-01 3.352863717543618804e+01
2.126759067179557690e+02 4.233365389018637903e-01 3.342986330539909545e+01
2.126416037001419568e+02 4.215311169116636725e-01 3.338167903100242739e+01
2.126114060997389856e+02 4.148326235288730124e-01 3.344011082108347921e+01
2.125834627009204496e+02 4.288363786234372643e-01 3.324442689014058772e+01
2.125429031002427109e+02 4.232495306131794921e-01 3.296231052800293071e+01
2.124986296194532258e+02 4.085474195173329770e-01 3.300905115171497783e+01
2.124280338416449183e+02 4.128154050464807323e-01 3.304937491413655692e+01
2.124233571461281258e+02 4.153397902642304573e-01 3.302154256537070154e+01
2.124055593717085628e+02 4.079990383294408440e-01 3.309522942711910787e+01
2.123954343545358654e+02 4.026033795851078345e-01 3.311698951321152151e+01
2.123861450748729283e+02 4.154462609332783551e-01 3.294430210193707609e+01
2.124482964692952294e+02 3.994951229564500661e-01 3.316324586710629063e+01
2.124290493199615355e+02 3.966421669643265813e-01 3.317169940925951721e+01
2.124297053166643821e+02 3.891583092915693598e-01 3.331826945093190773e+01
2.124368045061134751e+02 4.076246737189174185e-01 3.324437651692082341e+01
2.124270114942528664e+02 4.029033292118880949e-01 3.310168177863259587e+01
2.124193227091633389e+02 4.114370105783761722e-01 3.314635595548838864e+01
2.124464910473050452e+02 3.964544122361129963e-01 3.314120414892155253e+01
2.124716249942757713e+02 4.139293401108211090e-01 3.313515134862847589e+01
2.124853642899665829e+02 4.242295187067820494e-01 3.297249622200851604e+01
2.124923741814351672e+02 4.021706278334936102e-01 3.304593236250400423e+01
2.125400524339423782e+02 4.081135229198150083e-01 3.300392338691212046e+01
2.125875990291706614e+02 4.270492741676970017e-01 3.299968058799285586e+01
2.126161915556166093e+02 4.356127215276823783e-01 3.287732518203049636e+01
2.126666117140632934e+02 4.127570179053899335e-01 3.300457938361496701e+01
2.126936254980079752e+02 4.315542427989192409e-01 3.293189655172413666e+01
2.127586870907175864e+02 4.289497183679076842e-01 3.306092411961350308e+01
2.127702351513486292e+02 4.323888354627467012e-01 3.296119544809268831e+01
2.127870220268351886e+02 4.400936483949260403e-01 3.300300636534322507e+01
2.128032101479140863e+02 4.206873654806063123e-01 3.306104776297110703e+01
2.128238883546274565e+02 4.346109813619086770e-01 3.291247882035077765e+01
2.127547923249530584e+02 4.631405412831433033e-01 3.287270458396299944e+01
2.127041832669322616e+02 4.381245134404909147e-01 3.286711315656912547e+01
2.126436071804735093e+02 4.462494848193432895e-01 3.275706484407199071e+01
2.126082177038970542e+02 4.468024453908504001e-01 3.270675230114026988e+01
2.125027762513165612e+02 4.232174749278747039e-01 3.272971447543160650e+01
2.124785204011540145e+02 4.445448092686724584e-01 3.261450863213811147e+01
2.123906454641205244e+02 4.245008471859687549e-01 3.280122040573338893e+01
2.124028460869166963e+02 4.384382012181160526e-01 3.268983720291248574e+01
2.123761437010578277e+02 4.095365663781654897e-01 3.290002862114759097e+01
2.123573338828593648e+02 4.292988963685487880e-01 3.275947932408298158e+01
2.123216398772725313e+02 4.101055547923249667e-01 3.278856642395933818e+01
2.122348033154737266e+02 3.982380821541420257e-01 3.284402848376608830e+01
2.122484842240234570e+02 4.211636213765627135e-01 3.279961075239273072e+01
2.122344175024041704e+02 3.934949855749416137e-01 3.278886408389431040e+01
2.121741356413426729e+02 3.966249942757704705e-01 3.268867747401199608e+01
2.122763577872418352e+02 3.132401428767687679e-01 3.255586962494848535e+01
2.121576876402436369e+02 3.314855520446947645e-01 3.240942437147960220e+01
2.121545370243165394e+02 3.645979301186060284e-01 3.268102188945368169e+01
2.121582886843430913e+02 3.854444291798324040e-01 3.269691578513531738e+01
2.121637427302285062e+02 3.884324769885973416e-01 3.270456335577231499e+01
2.121668761734670454e+02 3.898486513715254120e-01 3.264989352933095290e+01
2.121710571507075258e+02 3.936403810047167662e-01 3.263044603196409810e+01
2.121734086641938006e+02 3.802147730915418911e-01 3.276624078399047590e+01
2.121309577780830580e+02 4.165315748500251769e-01 3.264589000320556522e+01
2.121337569263177159e+02 4.201000595319869801e-01 3.280188785089526959e+01
2.121437468516737681e+02 4.316630031597746830e-01 3.269401360076933827e+01
2.121481121491047190e+02 4.231636671703988828e-01 3.283438544671886916e+01
2.121574128772267329e+02 4.296858542840133466e-01 3.274449901543252395e+01
2.121621204835828962e+02 4.342160095251179075e-01 3.269202271374273039e+01
2.121831776342904163e+02 4.279548472775564494e-01 3.279103013234418995e+01
2.122017275724687408e+02 4.307036222924394142e-01 3.280531551953107083e+01
2.122092503549022240e+02 4.232094610065484930e-01 3.296024637083848319e+01
2.121925779640060341e+02 4.288501167742821973e-01 3.293189769657004007e+01
2.121679546183083858e+02 4.366236204606859794e-01 3.271455213628245673e+01
2.121310516554471803e+02 4.231545084031689274e-01 3.286584695699959013e+01
2.121025690342079884e+02 4.275106470669047809e-01 3.274722603837523138e+01
2.120671715437102307e+02 3.976370380546778160e-01 3.295743119476118466e+01
2.120040893895681506e+02 3.964120529376745639e-01 3.307484315611118575e+01
2.120164056418006169e+02 4.141995237441040700e-01 3.297924050922745920e+01
2.119994653569629577e+02 4.059142739387278653e-01 3.314836401520355480e+01
2.119893552227870259e+02 4.138034070614095561e-01 3.309220474424142822e+01
2.119821839080459824e+02 4.135618445757200945e-01 3.315114026652012313e+01
2.119354249667994736e+02 4.245329028712735431e-01 3.313114782250308821e+01
2.119568267161239987e+02 4.457274350872372781e-01 3.300894010166231851e+01
2.119648795622109390e+02 3.697554609149608651e-01 3.305875120208819595e+01
2.119239123963914437e+02 3.755369327288546888e-01 3.305879585107844321e+01
2.119291237349452786e+02 3.895097769840179525e-01 3.310922058890873387e+01
2.119355783761505734e+02 3.802720153867289454e-01 3.299058707697943760e+01
2.119455225076704608e+02 3.968287768466364218e-01 3.305726633695104510e+01
2.119789348353711489e+02 3.787505151806566661e-01 3.303828479186701372e+01
2.119791363282502061e+02 4.046915785135321020e-01 3.293902665201263602e+01
2.120034150753308495e+02 3.915098227778541218e-01 3.302304574804231407e+01
2.120088118789211080e+02 4.031849613042084446e-01 3.296357901726427286e+01
2.120244619224252460e+02 4.241654073361725286e-01 3.292122200851765257e+01
2.120453748225488937e+02 4.240474882080871866e-01 3.303084672803040434e+01
2.120852166048449874e+02 4.034104959472454843e-01 3.316865755369327218e+01
2.121194120071438363e+02 4.098651371525392495e-01 3.329708522232907342e+01
2.121300224389797222e+02 4.114393002701836610e-01 3.338125543801804440e+01
2.121840889316298160e+02 3.931297797316481435e-01 3.340162224664560142e+01
2.121846121262078100e+02 3.927565599670284624e-01 3.321851788249301762e+01
2.121643655264001325e+02 3.903432248019416684e-01 3.327883294408572823e+01
2.121380512433026411e+02 3.991138892705041741e-01 3.322412304803773253e+01
2.120739078170078358e+02 4.133385996244905436e-01 3.316789623116728336e+01
2.120075937628795089e+02 3.945390850391537474e-01 3.316037459357970363e+01
2.119879424829418042e+02 4.131920593488116467e-01 3.294105760864587751e+01
2.119769553968035893e+02 4.192952328616568192e-01 3.287349338279067723e+01
2.120040046709712840e+02 3.946947840820625442e-01 3.294372509960159334e+01
2.119228969180748265e+02 4.097930118606035732e-01 3.306322525988002070e+01
2.119507201080734546e+02 4.157633832486147263e-01 3.297966868159545584e+01
2.119633935522278705e+02 4.171600952511791971e-01 3.315551701241012950e+01
2.119806337866923229e+02 4.132515913358061899e-01 3.304349956495855878e+01
2.119968528186106198e+02 4.201733296698264564e-01 3.301207125520905095e+01
2.119991940284837710e+02 4.261093556807253879e-01 3.297407725420158187e+01
2.120002198104135118e+02 4.215494344461235277e-01 3.279733136419837791e+01
2.120139236158813105e+02 4.257796400604478837e-01 3.290461143930026822e+01
2.126529926271923898e+02 3.230503274259284852e-01 3.289784768970096707e+01
2.124782090030681729e+02 3.381348170536245812e-01 3.305275564409030409e+01
2.124635584100380186e+02 3.890220726290241071e-01 3.289509433530246696e+01
2.124709529697302628e+02 4.052342354719054573e-01 3.294971264367816133e+01
2.124663873242661509e+02 4.142395933507350136e-01 3.293446673077803410e+01
2.124672688556120477e+02 4.201160873746393465e-01 3.298503915372990747e+01
2.124765684388881368e+02 4.290848101845491369e-01 3.279591290012364624e+01
2.124837786783898821e+02 4.265295141273984791e-01 3.283917319228832099e+01
2.124701218116041446e+02 4.212906992718780108e-01 3.283889613957961018e+01
2.125081558822182615e+02 4.250114484590374331e-01 3.300442025003434310e+01
2.124719077712140063e+02 4.421406328708155642e-01 3.280436415258505889e+01
2.124296927233594374e+02 4.465792004396208492e-01 3.285158675642258430e+01
2.123431584008792470e+02 4.642579108851948577e-01 3.279551334890323488e+01
2.123251121948985656e+02 4.697222603837523658e-01 3.278263039794843792e+01
2.123128039565874303e+02 4.710663094747447044e-01 3.276978751660026745e+01
2.123178870724000546e+02 4.682099189449100418e-01 3.276671246050281638e+01
2.123211521729175217e+02 4.657610935568072263e-01 3.277209209140449531e+01
2.123267573384622438e+02 4.591244218528185983e-01 3.287067248248385454e+01
2.123263451939369020e+02 4.621056005861611249e-01 3.279178458579475119e+01
2.123145681641251201e+02 4.545919769199066041e-01 3.291897467600860949e+01
2.123162934469020513e+02 4.613591610569217627e-01 3.287329417960342681e+01
2.123106367632916545e+02 4.626047534001923589e-01 3.283131954938865249e+01
2.123118285478774681e+02 4.629379035581810964e-01 3.277452145441223763e+01
2.122822709163346531e+02 4.738093602601090026e-01 3.277313161148509124e+01
2.122867964921921384e+02 4.655000686907542207e-01 3.278389888720978007e+01
2.123004442002106487e+02 4.595010761551495126e-01 3.280129253102532516e+01
2.123887049503136950e+02 4.571140724458487847e-01 3.298229495809864176e+01
2.124046686815954672e+02 4.579143197325640235e-01 3.303827563309978643e+01
2.124351708110088452e+02 4.596464715849246652e-01 3.304607775793378011e+01
2.124475969684480390e+02 4.493989559005358014e-01 3.316147708018500850e+01
2.124363477125978932e+02 4.645841919677611287e-01 3.287599029170673504e+01
2.124015180656683697e+02 4.462254430553647677e-01 3.305325708659614747e+01
2.123528632596052432e+02 4.457686495397719662e-01 3.285496634153042805e+01
2.123092572239776530e+02 4.391674680587993040e-01 3.284567591702156619e+01
2.122088496588359305e+02 4.065084489627696085e-01 3.301494138388972743e+01
2.121875372074918857e+02 4.191681549663415218e-01 3.290935453587947279e+01
2.121784356825571365e+02 4.210411228648623938e-01 3.279517561936163617e+01
2.121723645647295768e+02 4.067511562943627590e-01 3.285254270275220989e+01
2.121957354490085663e+02 4.178447131016165272e-01 3.292565256216513347e+01
2.122180530750561047e+02 4.253228465448550821e-01 3.289968860191418543e+01
2.122318427439666664e+02 3.997504235929844052e-01 3.291921738334020375e+01
2.122503732197646116e+02 4.104524431011585817e-01 3.294569308971012589e+01
2.122572468745706828e+02 4.150512890964875856e-01 3.292757017905390171e+01
2.122667616888766702e+02 4.247126436781609171e-01 3.277671039978019252e+01
2.122933003617713155e+02 4.201527224435591124e-01 3.274874639373540219e+01
2.123209495351925682e+02 4.039737601318862392e-01 3.281178160919539977e+01
2.123499347437834786e+02 4.159316755964647117e-01 3.279082749461922219e+01
2.123825124788203595e+02 4.173375463662590823e-01 3.289258941246508527e+01
2.124776457388835524e+02 3.975637679168383953e-01 3.309693982689930181e+01
2.125089149150524293e+02 4.185155928012089799e-01 3.303455831845033686e+01
2.125480606310390499e+02 4.077941109126711483e-01 3.308375120208820164e+01
2.125766531574849978e+02 4.197863717543618423e-01 3.311820648440719594e+01
2.125890163483994968e+02 4.141880752850666259e-01 3.306151714979164069e+01
2.126102852955992262e+02 4.234830791775426873e-01 3.308043458350505972e+01
2.126296698264413578e+02 4.254430553647479130e-01 3.301767298621605562e+01
2.126637038054677760e+02 4.116820076017768115e-01 3.301492764573888650e+01
2.127019508174199700e+02 4.232609790722168808e-01 3.311560768420570611e+01
2.127564122819068473e+02 4.130168979255391948e-01 3.310994871090350955e+01
2.127930851307413889e+02 4.205442597426386486e-01 3.316943375921601245e+01
2.128338153134588140e+02 4.319721115537848433e-01 3.314792782891422718e+01
2.138625990291706671e+02 3.150489994046801190e-01 3.327387118193890814e+01
2.137379367587122658e+02 3.261368319824151651e-01 3.327098273572376996e+01
2.137601387553235384e+02 3.602818610615011186e-01 3.344172390896185476e+01
2.137669906580574377e+02 3.834947566057608781e-01 3.344513326006319431e+01
2.137793389659751710e+02 3.942025003434537767e-01 3.345287585291019639e+01
2.137791008380272046e+02 4.002541557906305614e-01 3.336331226816870554e+01
2.137946924943902616e+02 3.999198607867380795e-01 3.339039245317579940e+01
2.137734727755644144e+02 4.171383431790081087e-01 3.336068255712780939e+01
2.137918624353162045e+02 4.198184274396666305e-01 3.337029010395200856e+01
2.137930622338233206e+02 4.192643220222558309e-01 3.344207652150020493e+01
2.137923535742089030e+02 4.219112057517058201e-01 3.341735357420891006e+01
2.137708602372120765e+02 4.328467738242432472e-01 3.326728259376287866e+01
2.137298793332417404e+02 4.237154828960021935e-01 3.321255552502633179e+01
2.136782559417502512e+02 4.277980033887438527e-01 3.304359573201447375e+01
2.136387473096121141e+02 4.244550533498190892e-01 3.310804941154920300e+01
2.136192173833402137e+02 4.216696432660164140e-01 3.307252255346430303e+01
2.135990543572835065e+02 4.217188716398772574e-01 3.301450290790859299e+01
2.135941372441269266e+02 4.207778083070018993e-01 3.298442437147959794e+01
2.135735094106333349e+02 4.147891193845308355e-01 3.301286921280395603e+01
2.135787127352658388e+02 4.016520126390987766e-01 3.308715711865183096e+01
2.135791615148600897e+02 3.917502404176397834e-01 3.327323235792461986e+01
2.135828376150570023e+02 3.944257452946833276e-01 3.324056189036955544e+01
2.135772988505747207e+02 3.910244081146677653e-01 3.324760612721527764e+01
2.135843843018729729e+02 3.843121765810321722e-01 3.333995970142418486e+01
2.135940364976873980e+02 3.906740852681229170e-01 3.321820762925310078e+01
2.136202248477354999e+02 3.719615789714704190e-01 3.314228488345468548e+01
2.137075090442826308e+02 3.837683747767550724e-01 3.350547236341988366e+01
2.137398578101387443e+02 3.808822182534231104e-01 3.359120414892155537e+01
2.137662018592297386e+02 3.997904931996153488e-01 3.356261505701332482e+01
2.138065840087924130e+02 3.947234052296560991e-01 3.356623620460685942e+01
2.138262249851169940e+02 3.956827860969913679e-01 3.370427370975866666e+01
2.138763268764024303e+02 3.870827036680862809e-01 3.390692402802582706e+01
2.139098571232312054e+02 4.034265237898979062e-01 3.398764367816092147e+01
2.139313481705362392e+02 4.065210422677107416e-01 3.396518867060493818e+01
2.139655286898383508e+02 3.798152218711361439e-01 3.418207972706873932e+01
2.139863064981453533e+02 3.940193249988551694e-01 3.427864289966570510e+01
2.140065759948710991e+02 3.869853917662682830e-01 3.429252530109447150e+01
2.140368388514905860e+02 3.933049411549205399e-01 3.444677382424325884e+01
2.140773560928699055e+02 3.970600357191921836e-01 3.446213078719604539e+01
2.141057642991253260e+02 3.917090259651050954e-01 3.460168292347849928e+01
2.141520366808627500e+02 3.727091633466135256e-01 3.484046114393002824e+01
2.141871078902779573e+02 3.868663277922791410e-01 3.476811489673490030e+01
2.142095514493749135e+02 3.912052937674588837e-01 3.472917868754865367e+01
2.142582234281265698e+02 3.871697119567706347e-01 3.472392155515867529e+01
2.142843797224893478e+02 3.953576498603287859e-01 3.483049411549205132e+01
2.142859882309841169e+02 3.998729221046847249e-01 3.470951595915190069e+01
2.143104638915602038e+02 4.256651554700737194e-01 3.464737944772633682e+01
2.143933850803681764e+02 4.043595732014471089e-01 3.482899894674176977e+01
2.143963101616522522e+02 4.294729129459174954e-01 3.479865824060081536e+01
2.143722008517653421e+02 4.309967028437972081e-01 3.467561249255849987e+01
2.143323602143151447e+02 4.019164720428630155e-01 3.478403626871823207e+01
2.143507372807620186e+02 4.087420433209689730e-01 3.494519737143380667e+01
2.143228591381599983e+02 4.095239730732243566e-01 3.487712368915143912e+01
2.142977721298713334e+02 3.876608508494756578e-01 3.496991917387919813e+01
2.142774522599258091e+02 3.964750194623803403e-01 3.487212071255208912e+01
2.142063825159133614e+02 3.981075697211155506e-01 3.510035604707606183e+01
2.142245260337958541e+02 4.020515638595045238e-01 3.520319526491734052e+01
2.142456953794019228e+02 4.032444932912029878e-01 3.544533246325044473e+01
2.142224275312542829e+02 3.896940971745203042e-01 3.541145876265054682e+01
2.142002942253972719e+02 4.105257132389980579e-01 3.525265375280487490e+01
2.144380981819847136e+02 3.099406969821861813e-01 3.560265604249668314e+01
2.142480423135046124e+02 3.255953198699454987e-01 3.548851948527727984e+01
2.142354284013371739e+02 3.766474332554838322e-01 3.531457503320053348e+01
2.142332898291890046e+02 3.885011677428218402e-01 3.539256193616338919e+01
2.142733273801346456e+02 4.197050876951962106e-01 3.520651188350048244e+01
2.142627066446856361e+02 4.291443421715437356e-01 3.517836584695699997e+01
2.142530601731006925e+02 4.267390209277830970e-01 3.528566538443925538e+01
2.142569640976324479e+02 4.326784814763932618e-01 3.524241196135000109e+01
2.142595606081421522e+02 4.285810779869029807e-01 3.535176535238356621e+01
2.142611817099418374e+02 4.309875440765673082e-01 3.522391239639144800e+01
2.142603345239730857e+02 4.270023354856436471e-01 3.529759124421853045e+01
2.142701447085222242e+02 4.152046984475889491e-01 3.543338027201538409e+01
2.142841564775381187e+02 4.268706782067133720e-01 3.526416059898337352e+01
2.143296205980674927e+02 4.317053624582131155e-01 3.516235632183907711e+01
2.143412854329807260e+02 4.275575857489581910e-01 3.513962998580391428e+01
2.143483193662133033e+02 4.338759902917067590e-01 3.508968379356138456e+01
2.143617816091953898e+02 4.304105417410816758e-01 3.518859161056921891e+01
2.143752690387873656e+02 4.350849475660575894e-01 3.510678664651737790e+01
2.143964006044786288e+02 4.273618170994183951e-01 3.516711659110683996e+01
2.144060802765947642e+02 4.373952465998076633e-01 3.512799720657599778e+01
2.144055067087969917e+02 4.490039840637450319e-01 3.510067087969959232e+01
2.144172230617758714e+02 4.484853688693501983e-01 3.507633031094015053e+01
2.144218253423089209e+02 4.409831936621330661e-01 3.501415258506204964e+01
2.144247893483536984e+02 4.314866968905985423e-01 3.505682442643220043e+01
2.144406065393598055e+02 4.405596006777487972e-01 3.501674108165040877e+01
2.143776091038146205e+02 4.483560012822274121e-01 3.494250698356001550e+01
2.143296274671429273e+02 4.438132527361817181e-01 3.485574369189907173e+01
2.142957663598479598e+02 4.369464670055410727e-01 3.478055021294133553e+01
2.142711544626093314e+02 4.241974630214773168e-01 3.493855039611668190e+01
2.142481877089343811e+02 4.247927828914228043e-01 3.481725511746118684e+01
2.141684526262764905e+02 4.014310573796767145e-01 3.471035055181572915e+01
2.141160301323441786e+02 3.991230480377341294e-01 3.468784402619407103e+01
2.140593350734991134e+02 4.123402939964280756e-01 3.474664216696432817e+01
2.140145807574300534e+02 3.868056509593808534e-01 3.490057814718139184e+01
2.139988482850208413e+02 4.044133809589229300e-01 3.477950954801483618e+01
2.139997126436781514e+02 3.776789394147547774e-01 3.495894239135412107e+01
2.139625452214131940e+02 3.786051197508815136e-01 3.507204744241425232e+01
2.139352509502220983e+02 3.802101937079269134e-01 3.492970531666437495e+01
2.139326578742501397e+02 3.924314237303658803e-01 3.491701698951321475e+01
2.139306406557677462e+02 3.921852818610614966e-01 3.496713948802491245e+01
2.139160850849475537e+02 3.845022210010532460e-01 3.493722351971424445e+01
2.139167777167193378e+02 4.095159591518981457e-01 3.470140930530750722e+01
2.139180233090625904e+02 4.078204423684572144e-01 3.477593648394925907e+01
2.139268397673673121e+02 4.101078444841324555e-01 3.466082795255758242e+01
2.139545267207033987e+02 3.843556807253743490e-01 3.477140518386224954e+01
2.139684881164995147e+02 3.964177771671932859e-01 3.490181458075743137e+01
2.139761654531300223e+02 3.994561981957228669e-01 3.478459495351925312e+01
2.139912533772954077e+02 3.876711544626093575e-01 3.472180473508265663e+01
2.140098639923066344e+02 3.937365480606310197e-01 3.485500641113706166e+01
2.140388961395796059e+02 3.889075880386499984e-01 3.493431103173512753e+01
2.140752289691807562e+02 3.908503915372990578e-01 3.479144685625314537e+01
2.141000652562165101e+02 3.956072262673444029e-01 3.489972409213719828e+01
2.141380409396895175e+02 3.841828089939094415e-01 3.495061020286669162e+01
2.141333505060218840e+02 4.180462059806749897e-01 3.484745958693959977e+01
2.141588427897604845e+02 4.267893941475477404e-01 3.478916975775060649e+01
2.142362114759353346e+02 4.126574163117644467e-01 3.491611027155745006e+01
2.142559440399322170e+02 4.308845079452305882e-01 3.478945940376425483e+01
2.142964521225443093e+02 4.109092366167513832e-01 3.484579841553326673e+01
2.142933060860008254e+02 4.299583276091037964e-01 3.470376654302330621e+01
2.142620884278975950e+02 4.316469753171223167e-01 3.467427187800522148e+01
2.142332302972019988e+02 3.110111279021843811e-01 3.440234464441086004e+01
2.140161320236296092e+02 3.134942986673993626e-01 3.449583962998580233e+01
2.139845514493749192e+02 3.713387827998351209e-01 3.421466547602692998e+01
2.139698447588954480e+02 3.915075330860466329e-01 3.422980377341210101e+01
2.139657599487109110e+02 4.082074002839217730e-01 3.424295232861656757e+01
2.139586733525667341e+02 4.220359939552136286e-01 3.392262902413335013e+01
2.139988162293355174e+02 4.320785822228327966e-01 3.419728671520813634e+01
2.139894456656134025e+02 4.514894445207675022e-01 3.409744699363465514e+01
2.139781277190090236e+02 4.516016394193341776e-01 3.405412030040756832e+01
2.139838748454457971e+02 4.302536978522690791e-01 3.408897055456335323e+01
2.139622807620094420e+02 4.368537344873379968e-01 3.403806040206988115e+01
2.139463811420982609e+02 4.352727022942711743e-01 3.397522095525942376e+01
2.139248912396391518e+02 4.310688281357329399e-01 3.406997298163667409e+01
2.139027270229427131e+02 4.334226313138251352e-01 3.403966089664331207e+01
2.138939243027888324e+02 4.402848376608508585e-01 3.383605119750881585e+01
2.138892911114164121e+02 4.406820991894491168e-01 3.378681709941842115e+01
2.138830711636213664e+02 4.438853780281173944e-01 3.378131153546732435e+01
2.139047522553464376e+02 4.304494665018088750e-01 3.391504899940468221e+01
2.139199592434858346e+02 4.255254842698172890e-01 3.404780876494024255e+01
2.139412831432888993e+02 4.139591061043183529e-01 3.401972683976736533e+01
2.139460468470943795e+02 4.163644273480789360e-01 3.404571255209048530e+01
2.139461853734487420e+02 4.188143975820854403e-01 3.400257017905389745e+01
2.139536944177313842e+02 4.220337042634061397e-01 3.392769267756560225e+01
2.139763680908549759e+02 4.116934560608142002e-01 3.406365343224801734e+01
2.139849017722214626e+02 4.123196867701607315e-01 3.408797682831890796e+01
2.139981934331638911e+02 4.236536612172001615e-01 3.389345949535192659e+01
2.140048117873334377e+02 3.888904153500938876e-01 3.422925195768649331e+01
2.139996977606814141e+02 4.072548884920089707e-01 3.409392430278884234e+01
2.140027441956312657e+02 4.026320007327013895e-01 3.418430645235151388e+01
2.139749576407015752e+02 3.848903237624216045e-01 3.419208453542152881e+01
2.139799422997664635e+02 3.827826624536337374e-01 3.431068484681961905e+01
2.139174646242615836e+02 3.645212254430553744e-01 3.440773686861748359e+01
2.138633202820900294e+02 3.780178138022622369e-01 3.426208499335989188e+01
2.138060230342995851e+02 3.764253331501579702e-01 3.442292210468470870e+01
2.136715563035215553e+02 3.573991390758803899e-01 3.459899024591290129e+01
2.135805891377020771e+02 3.793195035948161431e-01 3.462385286440444787e+01
2.134847357695654182e+02 3.708407748317076313e-01 3.481703416220176450e+01
2.134518512158263377e+02 3.922871731464944722e-01 3.479346407473553882e+01
2.134360843980400375e+02 3.944165865274534277e-01 3.483344438338599502e+01
2.134353425378943996e+02 3.847323350277052634e-01 3.500821197966753573e+01
2.133921635297888884e+02 3.700794523057196472e-01 3.496965929385904559e+01
2.133687880661262852e+02 3.729243943765169211e-01 3.508081696203691280e+01
2.133426145990749774e+02 3.754751110500526567e-01 3.519515730182717306e+01
2.133192608874845462e+02 3.729095113797682992e-01 3.523576613087878684e+01
2.132777430507853751e+02 3.663644273480789471e-01 3.518399963364930727e+01
2.132472764115950099e+02 3.844678756239410244e-01 3.519563584741494111e+01
2.132262112469661588e+02 3.870311856024178931e-01 3.530490680954343219e+01
2.131946467005541024e+02 3.925149974813390008e-01 3.533674840866419231e+01
2.131679042450886072e+02 3.822754957182762925e-01 3.535619705087695053e+01
2.131723084672803168e+02 4.009742638640839130e-01 3.531951389842927114e+01
2.131844060539451391e+02 4.023148784173650183e-01 3.540636648807070230e+01
2.131897009662499443e+02 3.990566469753171197e-01 3.539705774602738586e+01
2.132198138480560488e+02 3.736376333745478062e-01 3.557573957045381974e+01
2.132256090580207797e+02 3.864896734899482267e-01 3.567494046801300556e+01
2.132028403626871693e+02 3.717371891743371237e-01 3.583747195127536145e+01
2.132201893575124814e+02 4.026365801163163671e-01 3.577426386408389192e+01
2.132627890735906817e+02 3.742604295461831043e-01 3.610550785364289794e+01
2.133063401566149082e+02 3.856344735998534778e-01 3.616939025507166861e+01
2.134110042588267504e+02 3.728786005403672554e-01 3.650134519393689914e+01
2.134925344598617016e+02 3.735964189220131182e-01 3.641259216009525090e+01
2.137388617942025064e+02 3.087363190914502731e-01 3.627875852910198518e+01
2.135900089297980458e+02 3.171566607134679860e-01 3.637679053899345405e+01
2.135762410129596560e+02 3.622807620094335435e-01 3.605501556990429179e+01
2.136408881714521328e+02 3.883981316114851201e-01 3.626913724412693796e+01
2.136329704171818378e+02 3.957961258414617323e-01 3.608059142739386971e+01
2.136297396620414872e+02 4.000022896918074555e-01 3.611564889865824313e+01
2.136465734762101079e+02 4.070877409900627297e-01 3.603718573979942619e+01
2.136455488391262634e+02 3.966020973576956377e-01 3.627907336172550856e+01
2.136442872189403204e+02 3.935190273389201909e-01 3.627624902688098274e+01
2.136412487979117998e+02 4.128325777350368431e-01 3.597619521912350393e+01
2.136331673306772814e+02 4.174314237303659025e-01 3.591877661766726249e+01
2.136300006869075503e+02 4.119361633924074062e-01 3.599312520034803242e+01
2.136240429088244639e+02 4.114473141915098164e-01 3.584097403489490574e+01
2.136171486467921454e+02 4.101719558547419764e-01 3.590992123460182484e+01
2.136067614599074886e+02 4.164422768695333343e-01 3.580058272656500407e+01
2.136080047625589486e+02 4.173741814351788482e-01 3.565095938086733440e+01
2.135787161698035561e+02 4.159797591244218662e-01 3.563046778403627002e+01
2.136022187113614450e+02 4.118880798644502517e-01 3.574491230480377624e+01
2.136225614782250375e+02 4.086790767962631965e-01 3.584451847781288336e+01
2.136446547144754220e+02 4.126700096167055798e-01 3.582645967852727154e+01
2.136663071850528866e+02 4.095354215322617453e-01 3.597744653569629492e+01
2.137025049228373916e+02 3.920387415853825996e-01 3.614482644136099054e+01
2.137280407107203359e+02 3.921761230938315967e-01 3.613002472867152193e+01
2.137570717131474112e+02 3.808146723451023563e-01 3.625230114026651762e+01
2.137688819434904133e+02 3.804689288821724857e-01 3.626405985254384490e+01
2.137621388011173735e+02 3.855600586161102572e-01 3.620006869075422173e+01
2.137127112240692384e+02 3.817408526812290925e-01 3.622363534368273719e+01
2.136776068141228109e+02 3.838954526720703142e-01 3.611282112927599997e+01
2.136270424050922827e+02 3.595938086733525552e-01 3.614037642533315164e+01
2.135895521362824638e+02 3.929763703805467800e-01 3.564787402115675263e+01
2.135889247607271955e+02 3.909854833539405661e-01 3.569806750011448315e+01
2.135452500343453721e+02 3.977366396483033584e-01 3.567450084718596770e+01
2.136029731648120276e+02 3.884862847460731627e-01 3.567008975591885189e+01
2.136004464899024526e+02 4.155504419105188196e-01 3.553298644502449832e+01
2.136146918074826999e+02 3.910782158721435864e-01 3.553942047900352463e+01
2.136017504693868148e+02 3.909843385080368217e-01 3.539286303063607875e+01
2.135789646013646461e+02 4.185568072537436679e-01 3.544024705774602779e+01
2.135253342950038871e+02 4.122990795438933875e-01 3.542411503411640439e+01
2.135610294454366453e+02 4.143769748591839552e-01 3.549633076887850791e+01
2.135561867472638085e+02 4.466433118102303701e-01 3.536278907359069734e+01
2.136256456930897230e+02 4.377936529743096661e-01 3.527571209415212650e+01
2.136220691944864143e+02 4.617014699821404000e-01 3.522426271923799135e+01
2.136618502999496343e+02 4.151886706049365827e-01 3.533966891056464021e+01
2.137167593991848662e+02 4.325937628795163969e-01 3.531112790218436714e+01
2.136999335989375766e+02 4.273148784173650405e-01 3.548909190822914894e+01
2.137146105234235449e+02 4.320316435407793865e-01 3.535796698264413607e+01
2.137263554975500313e+02 4.416838393552227626e-01 3.544740921371982978e+01
2.137521088061546948e+02 4.180141502953702570e-01 3.562582657874250458e+01
2.137383889728442625e+02 4.360294454366442363e-01 3.552929431698493090e+01
2.136877650318267285e+02 4.403798598708613676e-01 3.545769450931904743e+01
2.135866946009067249e+02 4.274453908503915156e-01 3.509248637633374557e+01
2.135038810276136871e+02 4.458705408252049418e-01 3.512960685991665599e+01
2.134535272702294151e+02 4.329486651096762229e-01 3.501616751385263626e+01
2.134535913816000345e+02 4.520504190136007683e-01 3.498337912716948495e+01
2.134187846315885793e+02 4.461888079864450019e-01 3.495058616110271288e+01
2.134471252919356914e+02 4.558501625681183334e-01 3.490678435682556824e+01
2.134644353620002732e+02 4.501957686495397515e-01 3.497727251911892665e+01
2.134108222283280725e+02 4.275610202866694243e-01 3.515334981911434653e+01
2.134104741951733217e+02 4.512902413335165286e-01 3.495513348903237727e+01
2.133917387919586020e+02 4.316435407794110835e-01 3.500444085726061161e+01
2.137990921371983291e+02 3.141697577506067929e-01 3.509193913999175862e+01
2.136389075880386486e+02 3.382218253423089349e-01 3.488593785776434686e+01
2.136319068553372631e+02 3.893930027018363549e-01 3.479046686815954814e+01
2.136520172184823991e+02 4.117266565920227328e-01 3.472201996611256192e+01
2.136710743233960841e+02 4.107214818885377983e-01 3.488580391079360510e+01
2.137053281128360140e+02 4.167719924898108941e-01 3.497231075697211367e+01
2.137205053349819082e+02 4.150066401062417198e-01 3.519704858726015573e+01
2.137392018134358977e+02 4.108336767871044737e-01 3.510585474195173106e+01
2.137073945596922613e+02 4.422058890873288295e-01 3.494881851902734127e+01
2.137286280166689494e+02 4.428905069377661596e-01 3.507510303613133829e+01
2.137161743829280454e+02 4.570041672390895982e-01 3.523098410953885917e+01
2.137268351879837098e+02 4.737177725878096712e-01 3.514787745569446287e+01
2.137129802628566324e+02 4.692757704812932085e-01 3.517543733113522819e+01
2.136890816046160069e+02 4.694131519897422056e-01 3.500504190136008020e+01
2.136673787608187922e+02 4.889110225763612094e-01 3.466799468791500516e+01
2.136538008884004114e+02 4.829143197325639902e-01 3.477619979850712184e+01
2.136337809680817088e+02 4.724882080871914414e-01 3.488340660347117250e+01
2.136241379310344826e+02 4.749198607867380906e-01 3.480843751431057598e+01
2.136193753720749271e+02 4.804391628886751642e-01 3.467757819297522559e+01
2.136287951641708958e+02 4.795301552411045387e-01 3.459084466730777763e+01
2.136399642808078170e+02 4.822835096396025367e-01 3.448195837340293934e+01
2.136481293217932773e+02 4.647730915418784581e-01 3.475808490177222154e+01
2.136571392590557252e+02 4.667857306406557605e-01 3.468215872143609602e+01
2.136622338233273695e+02 4.554757979575949078e-01 3.486592480652104342e+01
2.137305376196364080e+02 4.463456518752575986e-01 3.490529376745890033e+01
2.137405252553006392e+02 4.601273068644960440e-01 3.479394262032330687e+01
2.137738952237028798e+02 4.246851673764711066e-01 3.499023560928699084e+01
2.137818679305765386e+02 4.483308146723450904e-01 3.499622887759307588e+01
2.137866224756147915e+02 4.432396849384072635e-01 3.507418601456244289e+01
2.138107867381050369e+02 4.475626230709346398e-01 3.508429042450885760e+01
2.138391743371342102e+02 4.369109767825250512e-01 3.500330173558639046e+01
2.138646002198104270e+02 4.405206759170215425e-01 3.491479255392223990e+01
2.138846052571323924e+02 4.332337317397078613e-01 3.502872303887896521e+01
2.139030899390942011e+02 4.280876494023904133e-01 3.511226129962906839e+01
2.139431526766497313e+02 4.303269679901085554e-01 3.510058959564042880e+01
2.139719764619682110e+02 4.247836241241929045e-01 3.525961670559142647e+01
2.140203507807848951e+02 4.303281128360122998e-01 3.521705133489032136e+01
2.140602383569171536e+02 4.058902321747492881e-01 3.550846155607455046e+01
2.141070946100654737e+02 4.116476622246645345e-01 3.551165911068370207e+01
2.142194932912030083e+02 4.134599532902871188e-01 3.548369052525529810e+01
2.142608004762558949e+02 4.095651875257590446e-01 3.574956037917296214e+01
2.142859756376791722e+02 4.323384622429821134e-01 3.563570087466226965e+01
2.143406248568942658e+02 4.241871594083436170e-01 3.565439849796217686e+01
2.143772622155057945e+02 4.311020286669414170e-01 3.578643701057837490e+01
2.144062771900902078e+02 4.388835462746714100e-01 3.578267733663049199e+01
2.144657805559371582e+02 4.169242569950084576e-01 3.588984750652561928e+01
2.144946306727114518e+02 4.383408893162979991e-01 3.590192906534780093e+01
2.145379768283189037e+02 4.322148188853780493e-01 3.585818221367404135e+01
2.145429569080001784e+02 4.681377936529743100e-01 3.579954664102211837e+01
2.146194074277602226e+02 4.538489719283784196e-01 3.592886156523331920e+01
2.146558764940239143e+02 4.844953519256308128e-01 3.581281883958418888e+01
2.147034952145441196e+02 4.696077757933782015e-01 3.612409099235242849e+01
2.147888743875074340e+02 4.704824380638366055e-01 3.610497092091404170e+01
2.147603608554288712e+02 4.591335806200485536e-01 3.623347643907130333e+01
2.147274064660896613e+02 4.618182442643219976e-01 3.609449901543252537e+01
2.146966742226496194e+02 4.845434354535879673e-01 3.590977583917204896e+01
2.146711281311535515e+02 4.824746989055272994e-01 3.587259696844805035e+01
2.146345732014470968e+02 4.688865228740211610e-01 3.581426363511471322e+01
2.145737566973485286e+02 4.471768100013738256e-01 3.593889957411732183e+01
2.145793733113522990e+02 4.674554654943444687e-01 3.578494527636580358e+01
2.153457846773824258e+02 3.092469203645189513e-01 3.570092274579841529e+01
2.152758586344278058e+02 3.152046984475889713e-01 3.594069354764848612e+01
2.153177599945047405e+02 3.647753812336859691e-01 3.592256605760864829e+01
2.153050533498191044e+02 3.921383431790080865e-01 3.583748111004258874e+01
2.152662911572102473e+02 3.876768786921280241e-01 3.598658927508357408e+01
2.152611691166368928e+02 4.039886431286348611e-01 3.581858886293905186e+01
2.152618835004808489e+02 3.914605944039932228e-01 3.598112721527682112e+01
2.152670078307459676e+02 3.975820854512982505e-01 3.599815565324907141e+01
2.152701550121353762e+02 3.941521271236891333e-01 3.602901955396803402e+01
2.152769519622658834e+02 3.828502083619544916e-01 3.620752621697119622e+01
2.152806005861611141e+02 3.844816137747859019e-01 3.623687663140541559e+01
2.152970989604799286e+02 3.832245729724779171e-01 3.629610294454366226e+01
2.153109870861381978e+02 3.859080917708476166e-01 3.630124330265146426e+01
2.153118388514905917e+02 3.816710170811009051e-01 3.639354764848651058e+01
2.153619384530842069e+02 3.768798369739432830e-01 3.652996290699272208e+01
2.153640369556257781e+02 3.879745386271007956e-01 3.649247950725832368e+01
2.153689884141594462e+02 4.096819618079406422e-01 3.629835142189861585e+01
2.153789016348399628e+02 4.152424783624124038e-01 3.614807551403580987e+01
2.153874868342720958e+02 4.146963868663278152e-01 3.621809085497092440e+01
2.153864221275816249e+02 4.194806978980629153e-01 3.612333424921005331e+01
2.153984796446398207e+02 4.266199569537940106e-01 3.601773938727847479e+01
2.153976393277464751e+02 4.223107569721115673e-01 3.595255758574895566e+01
2.154217383340202332e+02 4.159099235242936232e-01 3.603909763245867026e+01
2.154467852727023001e+02 4.123551769931766975e-01 3.608179351559279979e+01
2.154878073911251590e+02 4.065920227137427290e-01 3.612788730136923476e+01
2.155461899528323499e+02 4.146746347941567268e-01 3.611291042725649447e+01
2.156087649402390412e+02 4.151028071621559734e-01 3.615713010028849794e+01
2.156540138297385170e+02 4.109653340660346932e-01 3.620613179466043619e+01
2.157474882080871907e+02 3.899265008929798104e-01 3.630049342858450956e+01
2.157921349086412874e+02 4.066332371662774170e-01 3.629682076292530724e+01
2.158099029170673759e+02 4.211601868388514802e-01 3.602880546778403925e+01
2.158231132939506267e+02 4.106997298163667098e-01 3.594655057929202968e+01
2.158358107798690355e+02 4.180095709117552794e-01 3.600847185968768827e+01
2.158336470211109486e+02 3.902172917525301155e-01 3.596698149929019905e+01
2.157743600311398211e+02 4.085222329074506553e-01 3.565979644639831747e+01
2.156603413930484976e+02 3.915086779319503774e-01 3.546567523011403011e+01
2.156212082703668216e+02 4.234315611118743550e-01 3.501389156019600080e+01
2.155522748088107221e+02 4.021992489810871652e-01 3.495558226862664242e+01
2.155385870311856138e+02 4.257120941521271296e-01 3.472778655492970756e+01
2.155292439437651808e+02 4.323934148463616789e-01 3.470160278426524059e+01
2.154482792966066711e+02 4.146128131153546947e-01 3.472273320511059325e+01
2.154491688418738704e+02 4.399803086504556759e-01 3.460315405046480919e+01
2.154631519897421867e+02 4.412442185281861273e-01 3.448194921463571205e+01
2.154552548426981673e+02 4.536360305902825685e-01 3.455378943994138297e+01
2.154395223702889552e+02 4.278392178412785407e-01 3.472784723176260258e+01
2.154496325044648870e+02 4.453370426340614308e-01 3.455950909007647454e+01
2.154251453954297801e+02 4.561890369556257929e-01 3.453591038146265646e+01
2.154329269130375053e+02 4.538798827677794634e-01 3.431192357008746541e+01
2.154458590923661632e+02 4.574151669185327895e-01 3.446519553968035865e+01
2.154527567889361990e+02 4.331169574575262082e-01 3.460941635755827406e+01
2.154654267985529259e+02 4.510280716215597230e-01 3.456077528964601697e+01
2.154883317305490777e+02 4.431664148005678427e-01 3.473298301048679093e+01
2.155531620643861288e+02 4.263188624811100613e-01 3.492514081604615939e+01
2.155167914548701731e+02 4.164033521088061351e-01 3.490788913312267994e+01
2.155117152081329834e+02 4.096853963456518755e-01 3.500253125429317436e+01
2.155017275724687522e+02 4.278380729953747963e-01 3.504821861977377750e+01
2.155016646059440291e+02 4.235975637679168515e-01 3.484616820076017518e+01
2.155568553372715996e+02 4.420021065164628782e-01 3.471903077345789512e+01
2.155970108073453275e+02 4.290138297385172050e-01 3.470123986811375261e+01
2.156140838943078393e+02 4.357844484132435969e-01 3.477007029353848822e+01
2.164916655218207495e+02 2.967406237120483459e-01 3.525789485735219841e+01
2.163131771763520703e+02 3.114152585062050504e-01 3.505750332005312231e+01
2.162751717268855600e+02 3.602955992123459961e-01 3.497250652562165385e+01
2.162892418830425356e+02 3.796091496084627037e-01 3.512166735357421032e+01
2.163103471172780132e+02 3.797213445070293791e-01 3.526497229472912665e+01
2.163478522690845693e+02 3.732976141411366022e-01 3.556435293309520773e+01
2.163885217749690923e+02 3.724733250904428417e-01 3.565558799285616232e+01
2.164241184686541146e+02 3.827586206896551602e-01 3.553890415350093690e+01
2.164408813023767095e+02 3.831169574575262193e-01 3.553457091175527438e+01
2.164316298026285779e+02 3.822274121903191935e-01 3.564376173467051245e+01
2.164018374776755138e+02 3.734452992627192436e-01 3.564681160415808137e+01
2.163577196959289211e+02 3.941143472088656785e-01 3.528502427073316028e+01
2.163182236570957571e+02 3.800670879699592497e-01 3.542150593030178385e+01
2.162738906443192661e+02 3.872452717864175442e-01 3.538714567019279400e+01
2.162355806658423774e+02 3.942334111828547649e-01 3.530905916563630598e+01
2.162254258826762054e+02 3.953965746210559851e-01 3.530818564821174732e+01
2.162144078856985914e+02 3.707114072445849007e-01 3.559742753125429005e+01
2.161939895590053595e+02 3.608691670101204507e-01 3.556841255666986967e+01
2.161759044282639479e+02 3.571106379081375737e-01 3.560681297797316347e+01
2.161468757155286937e+02 3.508826761917845927e-01 3.563685831387095249e+01
2.161091965471447622e+02 3.445138984292714368e-01 3.561354467188716200e+01
2.160669231121491123e+02 3.396128131153546836e-01 3.558777648028575413e+01
2.160296652470577499e+02 3.400684617850437408e-01 3.560549411549205701e+01
2.159982106058524494e+02 3.420387415853826107e-01 3.544215895040527897e+01
2.159491379310344712e+02 3.326532948665109624e-01 3.546025323991391076e+01
2.159150787653981638e+02 3.572388606493566154e-01 3.525047167651234048e+01
2.158902596510509682e+02 3.493806383660759129e-01 3.516641709025964957e+01
2.159352257636122090e+02 3.272542015844667196e-01 3.554641777716719275e+01
2.159261677428218036e+02 3.196695974721802669e-01 3.555115743920867999e+01
2.158957537665430095e+02 3.307837615057013236e-01 3.537042863030636397e+01
2.159053784860557812e+02 3.491791454870174505e-01 3.540473508265787217e+01
2.158748843705637341e+02 3.375337729541603715e-01 3.549662041489215625e+01
2.158785249805376338e+02 3.601364656317259660e-01 3.543989902459129127e+01
2.158789680359023748e+02 3.461029445436644147e-01 3.560972546595228039e+01
2.159139636854879427e+02 3.639900169437193522e-01 3.559613614507487256e+01
2.159027590786280086e+02 3.604226771076612934e-01 3.550157988734716241e+01
2.159154634336218237e+02 3.527682373952465977e-01 3.571640449695470920e+01
2.158862057517058304e+02 3.730102578192975304e-01 3.580805513577872290e+01
2.159239650593030149e+02 3.665189815450840549e-01 3.606182625818564702e+01
2.159023950176306244e+02 3.855463204652653797e-01 3.608167674131061631e+01
2.159138652287402067e+02 3.807459815908778578e-01 3.592735265833218961e+01
2.159112824563813717e+02 4.039531529056188952e-01 3.588724069240280556e+01
2.159147009662499386e+02 4.110351696661629362e-01 3.585441452580482746e+01
2.158798644502450088e+02 3.869876814580757163e-01 3.576888652287401982e+01
2.158423512845170933e+02 4.016233914915052217e-01 3.548932660163941932e+01
2.157904164949397909e+02 3.908526812291065466e-01 3.559257796400604690e+01
2.157525678893620977e+02 3.801380684159911816e-01 3.570521706278334761e+01
2.157091885332234256e+02 3.732357924623345702e-01 3.569706118056509325e+01
2.156748614736456489e+02 3.724813390117689971e-01 3.556943032467830079e+01
2.155839847506525757e+02 3.458854238219535859e-01 3.560541397627878979e+01
2.155563859504510731e+02 3.608199386362595518e-01 3.565130970371387775e+01
2.155285936712918442e+02 3.676180336126757542e-01 3.550279914823465077e+01
2.155052147730915522e+02 3.773400650272473178e-01 3.535035490223015842e+01
2.154686323670833872e+02 3.680908549709209221e-01 3.548781426020057950e+01
2.154519141823510608e+02 3.604387049503137153e-01 3.553549136786188711e+01
2.154261551495168874e+02 3.798472775564408765e-01 3.547656385950450897e+01
2.153599590145166474e+02 3.594300957091175475e-01 3.550875807116361926e+01
2.153324002839217712e+02 3.874101295965562963e-01 3.530393712506296566e+01
2.153166185831387054e+02 3.896666208728304936e-01 3.529835027705270534e+01
2.153135561203461918e+02 3.836550350322846525e-01 3.533867861885790518e+01
2.151777212987131804e+02 3.076109355680725632e-01 3.530721023950176374e+01
2.150470199661125719e+02 3.237876081879378920e-01 3.523154851856939729e+01
2.150411377478591248e+02 3.737360901222695486e-01 3.508505518157256375e+01
2.151368502999496286e+02 4.052891880752850784e-01 3.513220909465585606e+01
2.151909213719833360e+02 4.356253148326235114e-01 3.516553784860558096e+01
2.151818919723405088e+02 4.344335302468287918e-01 3.537350712094151817e+01
2.151659385446718886e+02 4.436712918441177989e-01 3.514560837111324787e+01
2.151471527682373903e+02 4.456713376379539127e-01 3.511317946604386719e+01
2.151349361175985848e+02 4.365057013326006374e-01 3.520816389613958108e+01
2.151331455786051094e+02 4.429569080001831693e-01 3.501321152172917550e+01
2.151121559738059261e+02 4.552972019966112782e-01 3.481145418326693175e+01
2.151023331959518146e+02 4.450096167055914154e-01 3.479025621651325650e+01
2.150996416632321200e+02 4.466902504922837247e-01 3.480654393918578648e+01
2.151072789302560011e+02 4.494504739662041337e-01 3.480292966066767235e+01
2.151120758345926731e+02 4.551850070980446028e-01 3.461820533956129253e+01
2.151171852818610546e+02 4.381897696570041800e-01 3.491261276732151941e+01
2.150988734716307249e+02 4.424657691074781463e-01 3.482232335027705261e+01
2.150608760360855456e+02 4.440181801529514138e-01 3.473311237807391194e+01
2.150235471905481575e+02 4.420043962082703670e-01 3.472321289554425761e+01
2.149833001328021282e+02 4.355863900718963122e-01 3.474864679214177698e+01
2.149192574529468232e+02 4.252862114759353163e-01 3.479160598983376929e+01
2.148683266932270897e+02 4.293172139030086432e-01 3.484700508311581046e+01
2.148037356321839013e+02 4.181778632596052647e-01 3.469178344094884636e+01
2.147694394834455238e+02 4.221241470898017267e-01 3.480869853917662482e+01
2.147199420707972592e+02 4.003079635481064380e-01 3.490087122773275041e+01
2.146800659431240490e+02 3.996096075468241748e-01 3.473786692311215063e+01
2.145944578009799955e+02 4.001476851215826080e-01 3.488258689380409550e+01
2.145559199981682355e+02 3.985964189220130849e-01 3.505104409946421384e+01
2.145557849063516187e+02 4.033486742684434523e-01 3.508592068507579143e+01
2.145400329715620273e+02 3.997389751339469610e-01 3.518524293630077437e+01
2.145129150066400996e+02 3.949649677153455052e-01 3.521459793011860739e+01
2.145555204469478383e+02 4.068999862618491448e-01 3.513905641800613466e+01
2.144714109080917694e+02 3.766428538718688546e-01 3.531270549983972273e+01
2.144472878600540469e+02 4.029617163529788937e-01 3.509547213445070213e+01
2.144164376974859181e+02 4.016004945734303888e-01 3.504518248843705663e+01
2.143984189678069470e+02 3.832199935888629394e-01 3.495496176214681583e+01
2.143996519668452549e+02 3.851753903924531874e-01 3.509368731968677224e+01
2.143648383477583934e+02 3.892773732655584462e-01 3.507639900169436942e+01
2.143594827586206861e+02 3.798633053990932984e-01 3.499354993817831883e+01
2.143865389018638155e+02 3.903420799560379240e-01 3.503760131886247819e+01
2.144142819526491621e+02 3.799136786188578863e-01 3.513107913174886932e+01
2.144310791317488736e+02 3.598067500114484618e-01 3.546150684617850146e+01
2.144247057746027281e+02 3.715150890690113172e-01 3.545734876585611772e+01
2.144223187708934404e+02 3.889888720978156300e-01 3.535932476988597273e+01
2.144312852040115445e+02 3.898200302239318571e-01 3.528558066584237451e+01
2.144582051105921039e+02 3.637587580711636459e-01 3.531223496817328567e+01
2.144556532490726681e+02 3.694280349864907942e-01 3.534447153913083639e+01
2.144414617392498883e+02 3.763543527041260384e-01 3.544646929523285905e+01
2.143981087145670301e+02 3.831867930576544623e-01 3.529676581032192928e+01
2.142597621010212094e+02 3.652836928149471030e-01 3.494254590832073859e+01
2.142050018317534352e+02 3.760086092411961123e-01 3.509953290287127459e+01
2.141238414159454067e+02 3.709598388056967733e-01 3.525146540275678575e+01
2.139413151989742232e+02 3.778369281494710630e-01 3.527012410129596276e+01
2.139035364289966594e+02 4.007991024408114611e-01 3.517781059669368204e+01
2.138472832806704105e+02 3.814512066675825319e-01 3.527502289691807391e+01
2.138349372624444698e+02 3.967257407152997017e-01 3.533404542748546362e+01
2.138028117415395855e+02 3.999988551540962778e-01 3.538768603745936048e+01
2.137512971104089274e+02 3.805937170856802942e-01 3.547055570820167958e+01
2.137649070385126038e+02 3.980869624948482066e-01 3.547153569629527681e+01
2.137569560837111453e+02 4.107386545770939090e-01 3.540596121262078100e+01
2.136960250950222076e+02 3.060562348307917513e-01 3.555165430233090973e+01
2.135511036314512126e+02 3.154371021660484775e-01 3.553452397307322741e+01
2.135602749919860912e+02 3.449500847185968944e-01 3.562767550487704682e+01
2.135059325914731971e+02 3.853024682877684848e-01 3.575388446215139737e+01
2.135110271557448414e+02 4.014631130649814472e-01 3.563274946192242254e+01
2.135199890094793318e+02 4.121296423501396577e-01 3.561515890461144096e+01
2.135299102440811509e+02 4.074712643678161106e-01 3.577862000274762977e+01
2.135706610340248233e+02 4.083356230251408148e-01 3.576590305444887008e+01
2.135846739478866141e+02 4.112366625452213986e-01 3.572291180107157516e+01
2.135966616293446805e+02 4.015821770389705336e-01 3.591027613683198183e+01
2.135975603333791355e+02 4.060482209094655737e-01 3.583119705087695195e+01
2.136121365114255752e+02 4.063081009296148904e-01 3.593143174428721665e+01
2.136213948802491132e+02 3.951973714338050114e-01 3.602420204240509349e+01
2.136467417685579449e+02 3.992890506937766260e-01 3.599151669185327762e+01
2.136550968539634425e+02 4.045175619361633945e-01 3.593668315244767797e+01
2.137108726015478339e+02 3.828753949718368133e-01 3.622768008426066189e+01
2.137165876722993119e+02 4.005998992535604875e-01 3.602856047076063817e+01
2.136762604753400296e+02 3.845388560699729563e-01 3.604573315931675381e+01
2.136257659019096025e+02 3.658171910060905585e-01 3.617342583688235891e+01
2.135760223473920405e+02 3.758666483491321930e-01 3.590319412007143995e+01
2.135394113202362973e+02 3.639682648715482638e-01 3.596216284288134801e+01
2.134916609424371359e+02 3.530212483399734480e-01 3.624448985666528955e+01
2.134783566881897627e+02 3.622223748683427447e-01 3.606491619727984954e+01
2.134824987406695129e+02 3.566126299400100841e-01 3.617448481934331994e+01
2.134779010395200771e+02 3.693581993863626067e-01 3.606147135595549003e+01
2.134948756697348529e+02 3.518077116820075845e-01 3.613738494298667092e+01
2.135432373952465923e+02 3.754682419746301902e-01 3.626269634107249118e+01
2.134957411732380876e+02 3.783967577964005846e-01 3.614110798186563756e+01
2.134875955946329498e+02 3.918132069423455599e-01 3.609861931584008943e+01
2.133658446673077833e+02 3.739078170078307672e-01 3.631916815496634143e+01
2.134110947016531554e+02 3.930210193707927013e-01 3.622283509639602528e+01
2.134010601273068630e+02 3.834489627696112124e-01 3.632030384210285234e+01
2.134088439346064092e+02 4.068370197371433683e-01 3.620720680496405208e+01
2.134232712826853628e+02 3.931423730365892766e-01 3.626733869121216003e+01
2.134431778632595922e+02 4.027590786280166868e-01 3.628310550899848863e+01
2.134644662728396725e+02 4.182717406237120294e-01 3.610193478957732083e+01
2.134778289142281551e+02 4.116648349132207008e-01 3.619664331181022732e+01
2.134875486559509170e+02 4.079223336538901901e-01 3.630698928424234140e+01
2.134997767550487708e+02 4.033395155012135525e-01 3.629275999450474188e+01
2.135269588313412896e+02 4.183919494436049158e-01 3.631996038833172946e+01
2.135608565737051663e+02 4.067465769107478368e-01 3.638958304712186020e+01
2.135488059257224052e+02 4.085313916746806107e-01 3.649415670650730448e+01
2.135150478545587873e+02 4.131290928241058702e-01 3.624421623849429608e+01
2.134852406466089576e+02 3.885629894216238722e-01 3.641340614553281085e+01
2.134260830242249369e+02 3.832634977332051163e-01 3.633064981453496500e+01
2.133619808123826544e+02 4.057425470531666467e-01 3.620275678893620608e+01
2.133168292347849899e+02 4.063630535329944560e-01 3.622783921784127870e+01
2.132515146311306466e+02 3.839824609607546679e-01 3.632149219215093439e+01
2.132720680496405237e+02 3.917124605028163287e-01 3.624176626826029235e+01
2.132774350872372509e+02 3.901463113064981281e-01 3.635515066172093412e+01
2.132540206988139460e+02 3.907175894124650939e-01 3.633954870174474650e+01
2.132079017264276217e+02 3.654393918578559552e-01 3.649656660713468170e+01
2.132272702294271198e+02 3.748385767275724811e-01 3.676813092457755516e+01
2.131954389339194904e+02 3.750171726885561108e-01 3.694765993497275502e+01
2.131186712918441231e+02 3.613328296011356633e-01 3.706149654256537218e+01
2.130947898062920842e+02 3.656214223565508181e-01 3.714226656592022380e+01
2.130827299995420674e+02 3.799262719237990749e-01 3.694569766909373953e+01
2.130290035261253934e+02 3.668143517882492821e-01 3.695905802079040114e+01
2.130220886568667993e+02 3.718917433713422316e-01 3.706106493565965820e+01
2.130411343133214359e+02 3.720268351879836843e-01 3.723915830929156812e+01
2.131121903191830427e+02 3.196902046984476109e-01 3.753570201950817165e+01
2.129800407565141711e+02 3.275862068965517127e-01 3.757431881668727414e+01
2.129734006502724810e+02 3.671394880249118642e-01 3.766240326052113119e+01
2.129185487933324055e+02 3.877387003709300561e-01 3.776438040939689245e+01
2.129386362595594733e+02 3.882264047259239015e-01 3.779771374273023099e+01
2.129107443788066121e+02 4.168635801621101700e-01 3.745120895727435339e+01
2.128547327929660753e+02 4.134931538214956515e-01 3.739956953794019512e+01
2.127826590190960303e+02 4.178962311672848595e-01 3.721275014882996857e+01
2.127014161743829277e+02 4.216261391216742371e-01 3.707750721252919135e+01
2.126340591656363017e+02 4.095777808307001777e-01 3.722731029903375344e+01
2.125826807711682136e+02 4.116110271557448241e-01 3.707252026377249621e+01
2.125570797270687251e+02 4.088645418326693481e-01 3.712102852955992205e+01
2.125217566515547105e+02 4.075834592663827305e-01 3.715761665979758988e+01
2.125155882218253396e+02 3.994229976645143343e-01 3.719407542244813669e+01
2.125057333882859325e+02 4.000457938361496324e-01 3.720317007830745837e+01
2.124704686999129990e+02 4.083207400283921928e-01 3.714168383935522399e+01
2.124528838668315132e+02 4.119407427760223284e-01 3.706219604341255547e+01
2.124340328341805275e+02 4.175287356321839005e-01 3.715004922837385948e+01
2.124204446581490231e+02 4.214429637770756298e-01 3.708013234418647386e+01
2.124186735815359270e+02 4.134942986673993404e-01 3.714289852085909160e+01
2.124220783532536529e+02 4.096819618079406422e-01 3.719547213445070355e+01
2.124204858726015459e+02 3.982552548426981920e-01 3.712438979713330411e+01
2.124246634153043090e+02 3.918750286211475919e-01 3.706535696295278370e+01
2.124355623483079114e+02 3.871273526583322022e-01 3.709260315061592905e+01
2.124432373952465980e+02 3.914502907908595231e-01 3.702625475111049980e+01
2.124982071713147320e+02 3.886786188579017254e-01 3.705801621101799981e+01
2.124914869258597889e+02 3.928824930164399598e-01 3.699733250904428417e+01
2.125037802811741585e+02 3.893094289508632344e-01 3.693269679901085567e+01
2.125148314786829644e+02 3.740097082932637429e-01 3.693003159774694666e+01
2.125097323350277065e+02 3.923993680450611476e-01 3.687926913037505017e+01
2.125112950496863107e+02 3.783887438750744292e-01 3.691761345422906260e+01
2.125489009479323954e+02 4.043114896734899544e-01 3.667032788386683251e+01
2.125599475660576161e+02 3.870094335302468047e-01 3.667330677290836860e+01
2.125720943810962922e+02 4.074105875349178230e-01 3.668061546915784987e+01
2.125634336218344913e+02 4.013703805467784269e-01 3.661756880523881819e+01
2.125795438933919570e+02 4.144502449970233759e-01 3.652576590190960104e+01
2.126093270595777938e+02 4.054769428034986634e-01 3.643971012501717155e+01
2.126341530430004241e+02 4.128360122727480763e-01 3.652270801850070825e+01
2.126662362046068608e+02 4.028941704446581396e-01 3.647051792828685279e+01
2.126918498420112655e+02 4.185728350963960342e-01 3.640740715299720875e+01
2.126893712506296765e+02 4.300464807436918946e-01 3.629830104867884444e+01
2.127238311123322774e+02 4.084627009204561121e-01 3.639809268672436815e+01
2.127423879195860366e+02 4.198470485872601299e-01 3.639855749416128816e+01
2.127595812153683994e+02 4.240692402802582750e-01 3.636655218207629048e+01
2.127957377387003817e+02 4.085313916746806107e-01 3.628457549113889513e+01
2.127606081421440649e+02 4.122544305536474663e-01 3.627433598937582815e+01
2.125872899207766693e+02 3.753961166826945139e-01 3.624781105463204511e+01
2.125235345972432128e+02 4.019393689609378484e-01 3.592724962220085416e+01
2.124547430965791932e+02 3.849956495855657579e-01 3.609954664102211552e+01
2.124247950725832368e+02 3.797133305857031682e-01 3.614397238631680409e+01
2.122907748317076653e+02 3.802456839309428793e-01 3.603676329166093950e+01
2.122534173650226705e+02 4.034185098685716953e-01 3.583314328891331257e+01
2.122284849109310017e+02 3.998236937308238259e-01 3.580524453908503801e+01
2.122127226725282867e+02 4.296217429134038812e-01 3.563275862068965694e+01
2.121990108531391570e+02 4.036921280395658895e-01 3.562498053761963490e+01
2.121818507578879860e+02 4.096086916701012215e-01 3.565719650135091712e+01
2.121918406832440382e+02 4.066790310024270827e-01 3.548536314512066525e+01
2.121411400375509402e+02 4.038878966891056299e-01 3.538219535650501513e+01
2.121366281998442958e+02 4.269267756559966820e-01 3.526252117964921950e+01
2.121646368548793191e+02 4.325353757384255982e-01 3.524765535558913854e+01
2.123001350918166281e+02 3.217600860924119677e-01 3.538340316893346227e+01
2.121731087145670074e+02 3.427245042817236853e-01 3.519296835645921817e+01
2.121840053578788172e+02 3.747847689700966045e-01 3.549877158034528435e+01
2.121916174382928091e+02 3.968104593121765666e-01 3.549558432934927055e+01
2.121996657049961073e+02 4.102784265237898742e-01 3.546565691257956843e+01
2.122271042267710754e+02 4.099029170673627598e-01 3.553006021889453336e+01
2.122389591061043177e+02 4.190708430645235238e-01 3.566487498282731394e+01
2.121974653111691111e+02 4.417811512570408161e-01 3.578624009708293130e+01
2.121640964876127669e+02 4.528838668315244842e-01 3.597207606356184328e+01
2.121690822915235515e+02 4.618697623299903854e-01 3.598010257819297664e+01
2.121849830562806289e+02 4.643918578559325661e-01 3.595469043366762918e+01
2.121951653157485111e+02 4.508689380409396930e-01 3.609817855016714816e+01
2.122047511105005242e+02 4.601616522416082655e-01 3.596846636442734990e+01
2.122225958236021484e+02 4.483090626001740020e-01 3.619075193478957431e+01
2.122371548289600298e+02 4.501419608920639304e-01 3.614811901818015372e+01
2.122543263726702492e+02 4.586000824289050426e-01 3.610758803865000033e+01
2.122828513532078603e+02 4.449775610202866827e-01 3.619604684709437947e+01
2.122999313092457783e+02 4.461613316847552468e-01 3.621816183541695011e+01
2.123957961258414571e+02 4.615446260933278588e-01 3.626839652882721765e+01
2.123867793195036029e+02 4.407439208682511489e-01 3.640296057150707298e+01
2.124125887255575265e+02 4.564615102807162428e-01 3.629516875028620859e+01
2.124895223702889666e+02 4.513314557860512166e-01 3.642396620414891828e+01
2.125190479461464577e+02 4.580482667033017319e-01 3.643167788615652114e+01
2.125454984659064905e+02 4.567729083665338918e-01 3.651420982735723442e+01
2.125458762650547158e+02 4.488391262536062798e-01 3.660046595228282484e+01
2.124834180519302151e+02 4.421681091725053747e-01 3.642055112881806167e+01
2.124269347895773308e+02 4.518649539771946722e-01 3.611713376379539397e+01
2.123538489719283859e+02 4.163300819709667144e-01 3.623067958052845938e+01
2.123296503640609956e+02 4.383775243852177650e-01 3.600355703622292225e+01
2.122787745569446258e+02 4.152310299033750152e-01 3.601636786188579009e+01
2.122786509135870290e+02 4.265661491963181895e-01 3.599533246325044900e+01
2.122611427851811072e+02 4.303052159179374669e-01 3.587630397948436212e+01
2.122278495214544023e+02 4.054620598067499859e-01 3.589706003571919268e+01
2.121919505884507942e+02 4.241344964967715403e-01 3.569483903466593233e+01
2.121920112652836963e+02 4.205122040573338604e-01 3.583793103448275730e+01
2.121675813985437458e+02 4.034322480194165728e-01 3.583802262215505863e+01
2.121710102120254646e+02 4.202672070339332211e-01 3.584900169437193540e+01
2.121767779456885137e+02 4.206392819526491578e-01 3.588312840591656538e+01
2.121802147730915351e+02 4.280567385629894250e-01 3.577022942711911213e+01
2.121662865778266109e+02 4.080562806246278984e-01 3.568855268580848872e+01
2.121769473828822754e+02 4.122292439437651446e-01 3.588010830242249227e+01
2.121868915144021628e+02 4.234292714200668661e-01 3.563377867838988777e+01
2.121807173604432819e+02 4.019828731052800252e-01 3.575696066309474475e+01
2.121941063332875501e+02 4.182488437056371966e-01 3.579502106516462590e+01
2.121897856848468109e+02 4.349040619132664709e-01 3.560918051930210027e+01
2.121565153180382026e+02 4.124547785868022398e-01 3.568477698401795095e+01
2.121769382241150481e+02 4.323522003938269909e-01 3.569934171360534947e+01
2.122014081604615967e+02 4.177954847277556283e-01 3.576030246828776882e+01
2.122237635664239690e+02 4.264310573796766812e-01 3.584073819663873195e+01
2.122490474882080775e+02 4.231384805605165611e-01 3.572569492146357106e+01
2.122841793744561869e+02 4.281780922287860003e-01 3.577470005037321954e+01
2.123043801804277280e+02 4.378131153546732657e-01 3.574709094655859332e+01
2.123499885515409744e+02 4.161640793149242179e-01 3.594724321106379250e+01
