2.550000000000000000e+02 0.000000000000000000e+00 1.000000000000000000e+00
2.518713956894747810e+02 1.364589502148824067e+02 5.033801728716983392e-01
2.518735219791716986e+02 1.357638337598789633e+02 4.995299950102209952e-01
2.518324319539008798e+02 1.355503436509086157e+02 4.691824810468878115e-01
2.518482189708178396e+02 1.355634039950424210e+02 4.155455759975533736e-01
2.517434142965216495e+02 1.361188661934424715e+02 3.288071208975164028e-01
2.516696653628856950e+02 1.360513512643456124e+02 2.568094387303426762e-01
2.516252531105638468e+02 1.361368567611505398e+02 2.462391552787032978e-01
2.516589791877927382e+02 1.364296473352970622e+02 2.288312649894570783e-01
2.516621645983227893e+02 1.364356785294638428e+02 2.160896228692838761e-01
2.515244611843481835e+02 1.352522751782638863e+02 2.002993867400646999e-01
2.514710126032159963e+02 1.334498527210391501e+02 2.090862266003508940e-01
2.514407423503468806e+02 1.322634345775588827e+02 2.139601139601139679e-01
2.514695253271524393e+02 1.320108761086162303e+02 2.064786646707550688e-01
2.515603215993046433e+02 1.324914755259387960e+02 2.284819804593815895e-01
2.515759846765496377e+02 1.329852753231284339e+02 2.220580423970254513e-01
2.516082830331417881e+02 1.330898836254768582e+02 2.307740595876189016e-01
2.516133452444186958e+02 1.332540682794920031e+02 2.246221449611280063e-01
2.515836785938480773e+02 1.331542855763194666e+02 2.138249070452460376e-01
2.515419849662787612e+02 1.327757367972057239e+02 2.093550308239573721e-01
2.515242889564923416e+02 1.323827739952033653e+02 2.079707695526904487e-01
2.515421829478326572e+02 1.321614273987155457e+02 2.060569478648574815e-01
2.515297068907238440e+02 1.323146828271121933e+02 2.226584254832842391e-01
2.516057350266389676e+02 1.326285833856455270e+02 2.300577848600447450e-01
2.516080415922223779e+02 1.329104640494471141e+02 2.202874756547072987e-01
2.516534904308915657e+02 1.334693498800843372e+02 2.189563313857099125e-01
2.517262462375456664e+02 1.338609412976644535e+02 2.391794227952420138e-01
2.517173756981666486e+02 1.343336681314082455e+02 2.299869621903520289e-01
2.516786775476041100e+02 1.344212178279974808e+02 2.378257440404333012e-01
2.516474141677531406e+02 1.345970447631464708e+02 2.322822605308481059e-01
2.516595441595441685e+02 1.347699245094725313e+02 2.131858934118820992e-01
2.516731920099151694e+02 1.346655238463148123e+02 2.237111078918988527e-01
2.516718495984032700e+02 1.347981022743734627e+02 2.235324416115376522e-01
2.516809744555507393e+02 1.350530075490527508e+02 2.278622820995702403e-01
2.516434802903729349e+02 1.346045133355867733e+02 2.246446794469393327e-01
2.514917652550420826e+02 1.329246285833856405e+02 1.998020184460862492e-01
2.514303491235694707e+02 1.310791684774735586e+02 2.127352036956556836e-01
2.514304102886023884e+02 1.303191092439680006e+02 2.035668871827063797e-01
2.515039837751702123e+02 1.305151222495855166e+02 2.192541085196452466e-01
2.515418658554251863e+02 1.309830492378515032e+02 2.200235002494889403e-01
2.516495790879971537e+02 1.314840278783781571e+02 2.337952902924654297e-01
2.516814895295121346e+02 1.318149097815764605e+02 2.255830798203679599e-01
2.517248909491847257e+02 1.320538606403013091e+02 2.340270735750961673e-01
2.516370772771902580e+02 1.320052939945595369e+02 2.376100568190963602e-01
2.516267339482028831e+02 1.318055241682360190e+02 2.268015516603087145e-01
2.515934006148695516e+02 1.316340882386080011e+02 2.403351199961369367e-01
2.516004635665652529e+02 1.316863634168718988e+02 2.199768216717369329e-01
2.515953675535596403e+02 1.319759138538799448e+02 2.274936822959421900e-01
2.516407503983775200e+02 1.323399085743718615e+02 2.389975373026220484e-01
2.516543467413523842e+02 1.328236048738873478e+02 2.310911519951067972e-01
2.516783717224395218e+02 1.332677547604101278e+02 2.214061519146264811e-01
2.517341799861573861e+02 1.337635874901411626e+02 2.260144542630418418e-01
2.517535837880470524e+02 1.342165596278590556e+02 2.376486873662014832e-01
2.517923270075812354e+02 1.345689394305213398e+02 2.382812625750478919e-01
2.517412960548553826e+02 1.347582822283387145e+02 2.326025721505947386e-01
2.517544368792956391e+02 1.349970415439341878e+02 2.430167238076842706e-01
2.517316351988668259e+02 1.352893250921499373e+02 2.445957474206061910e-01
2.517214029327023752e+02 1.351953756015902854e+02 2.382072206930964109e-01
2.516403302911777473e+02 1.348121798895810173e+02 2.327731904003090546e-01
2.515463566565261431e+02 1.329789914207993320e+02 2.021568722133693929e-01
2.515737891737891800e+02 1.305869976016868748e+02 2.259838717465836033e-01
2.514693112495372418e+02 1.300144993320134574e+02 2.107409017013536778e-01
2.515312183108793249e+02 1.301591546348608404e+02 2.186199237046694555e-01
2.515950214882418265e+02 1.306553543547893810e+02 2.089059507138603111e-01
2.517697426239799086e+02 1.312162634603312483e+02 2.299901814026107938e-01
2.517616076746020326e+02 1.315366233682617860e+02 2.242809084616994297e-01
2.517639593091570589e+02 1.318025689313824955e+02 2.319056126965731435e-01
2.516773286976676900e+02 1.317901604777310922e+02 2.258872953788207960e-01
2.516247090636921087e+02 1.315978173740885495e+02 2.280650924718721217e-01
2.515890047805302174e+02 1.315554155198223043e+02 2.191028055434835198e-01
2.515758526888470499e+02 1.316037938416469615e+02 2.119223526003186919e-01
2.515898820158707281e+02 1.318765818404236541e+02 2.210085792006696026e-01
2.516358958262913177e+02 1.322512852704943214e+02 2.376631738213659251e-01
2.516205498414537942e+02 1.327029890385822455e+02 2.313680042493601874e-01
2.516753537109469221e+02 1.331799088962930853e+02 2.389637355739050728e-01
2.516844431567595279e+02 1.336030711284948609e+02 2.354934247589614837e-01
2.516993513287298470e+02 1.339062291757207106e+02 2.603698874885315706e-01
2.517123649942859061e+02 1.342961063627730312e+02 2.462053535499863222e-01
2.516864744796948230e+02 1.346014100149693320e+02 2.317510905081526518e-01
2.516815394273021411e+02 1.347137154538284562e+02 2.352664702947188935e-01
2.517132969562348137e+02 1.348795757078243014e+02 2.410031065398297034e-01
2.517041898047547761e+02 1.351016627231316534e+02 2.192460604889983344e-01
2.517063853075152622e+02 1.353475236209699517e+02 2.262204838476024882e-01
2.516980733014631255e+02 1.357239267951132433e+02 2.358604149564601515e-01
2.517287137637420074e+02 1.360459204532650972e+02 2.303877541165676723e-01
2.516007790493666221e+02 1.353430859368712618e+02 2.078774123971864063e-01
2.514416179760812611e+02 1.330178328263073979e+02 2.047241939897307128e-01
2.513434303925829454e+02 1.310958729698842831e+02 1.984901894506414244e-01
2.513365026478020923e+02 1.302470004989779113e+02 1.943728169716870402e-01
2.514433756659745427e+02 1.302515106153524300e+02 2.257166771291065077e-01
2.515625734382796566e+02 1.307554927809165122e+02 2.317446520836351220e-01
2.515965940734302251e+02 1.312980040883995798e+02 2.340882386080126165e-01
2.516307386482527590e+02 1.317201828512563111e+02 2.350894136204870755e-01
2.516225843836013212e+02 1.321802952017641246e+02 2.375424533616624090e-01
2.516558935728427286e+02 1.323260981537817713e+02 2.334331289133549092e-01
2.516409725240233684e+02 1.321299145299145437e+02 2.367392599031017120e-01
2.515429780932605865e+02 1.320717127818822689e+02 2.237738825309446844e-01
2.515307853268305109e+02 1.319918167624382193e+02 2.257456500394353638e-01
2.515981409049205695e+02 1.323495436766623072e+02 2.298227823651552426e-01
2.516689506977642452e+02 1.327843771629082426e+02 2.215864278011170641e-01
2.516567611505464583e+02 1.331962979059024121e+02 2.368503227260289334e-01
2.516970109614177318e+02 1.335496064513013721e+02 2.455277093695172885e-01
2.517162200009657624e+02 1.339442625589518343e+02 2.370627907351071095e-01
2.517083232732950364e+02 1.343171020651246579e+02 2.248941683969932492e-01
2.517365879569269396e+02 1.345970898321180869e+02 2.369227550018510597e-01
2.517436074492571549e+02 1.349111915914175768e+02 2.324110290211985064e-01
2.517302106974423452e+02 1.352015693659761553e+02 2.402980990551611962e-01
2.517502615609960230e+02 1.354283467735445186e+02 2.439068359972314803e-01
2.517065060279749673e+02 1.354595055289970560e+02 2.228982567965618888e-01
2.517233199736024574e+02 1.357392904856181701e+02 2.381186923559804880e-01
2.517192991774912798e+02 1.362212548489384574e+02 2.323740080802227659e-01
2.516938545237980236e+02 1.364415552014422133e+02 2.281890321438344027e-01
2.517003525037423231e+02 1.366945482640397813e+02 2.252080415922223799e-01
2.517484604117372555e+02 1.370618700404011179e+02 2.207204597035105631e-01
2.517510985561833081e+02 1.374750446665700849e+02 2.421604133468540365e-01
2.517496483010607164e+02 1.378804996217425582e+02 2.332287089349236175e-01
2.517328037729167534e+02 1.380126466753585532e+02 2.190625653902490144e-01
2.516077084037536054e+02 1.370546139359698543e+02 2.104350765367714593e-01
2.515342073494615818e+02 1.343992450947253303e+02 2.093518116116986072e-01
2.513595232346644650e+02 1.324361211711494093e+02 1.776731533793680651e-01
2.516037519918875773e+02 1.311422328456226865e+02 2.308529302879585299e-01
2.515770888663544156e+02 1.315231187728362841e+02 2.176557696331707648e-01
2.516538525922706810e+02 1.320653323031854143e+02 2.063820883029922615e-01
2.516647367489175338e+02 1.323128607529737337e+02 2.092101662723131750e-01
2.516857276224507984e+02 1.325740933893476381e+02 2.193442464628905242e-01
2.517247171117227538e+02 1.328409709144172552e+02 2.271556650087723506e-01
2.517341654997022147e+02 1.329238801165354857e+02 2.185426626104592096e-01
2.516970544207832461e+02 1.327297101099360930e+02 2.249408469747452843e-01
2.516402304955977343e+02 1.325050766977320791e+02 2.270397733674569818e-01
2.516059442754358031e+02 1.324445699937225243e+02 2.206061776683245490e-01
2.516385581148292943e+02 1.324995058509182684e+02 2.264973361018558784e-01
2.516598097445555027e+02 1.325682633959470138e+02 2.360551772981151486e-01
2.516559547378756463e+02 1.328535564247428624e+02 2.417065044183688283e-01
2.516361404864229598e+02 1.330276755677885490e+02 2.229529834049608084e-01
2.516372237513480457e+02 1.331572746149017235e+02 2.291531862153331212e-01
2.516343055354354874e+02 1.332545334556633918e+02 2.325043861767025488e-01
2.516445458496305889e+02 1.332475831763967449e+02 2.401757689893282977e-01
2.516171310380349837e+02 1.333473352970528083e+02 2.321470536159801756e-01
2.516205562798783149e+02 1.334074460379545144e+02 2.323466447760233200e-01
2.516330387754116487e+02 1.334759267307289861e+02 2.344954689587457897e-01
2.516465192267452267e+02 1.336325285302686439e+02 2.197015790236129251e-01
2.516898610909910303e+02 1.338579683551434982e+02 2.397701482447245069e-01
2.517105557969964877e+02 1.341666232073011713e+02 2.326154489996297980e-01
2.517109759041962320e+02 1.344683937740435056e+02 2.456275049495388607e-01
2.516735493424758943e+02 1.346704927004361991e+02 2.419946239155278678e-01
2.516666038920276094e+02 1.350353469506011947e+02 2.517536658779596648e-01
2.517172195663721084e+02 1.354572681764772142e+02 2.507508812593558511e-01
2.516984998470874189e+02 1.357765866692420502e+02 2.264281230382925170e-01
2.517689104576110140e+02 1.361417177716612628e+02 2.451913016884768315e-01
2.517080641267081944e+02 1.359096463695333625e+02 2.403689217248539400e-01
2.515380092391391713e+02 1.340979026832134196e+02 2.109887810452782120e-01
2.514306436814911478e+02 1.316782510019798167e+02 2.000354113348463692e-01
2.513894506414280556e+02 1.301637436219357085e+02 1.917201860704685623e-01
2.513920662513882860e+02 1.297522027459880576e+02 1.866933861284143792e-01
2.514920903954802327e+02 1.298014132341816094e+02 2.095079434062484813e-01
2.515587232604181622e+02 1.301533230318541143e+02 2.084922819386096360e-01
2.515889500539217920e+02 1.304741947945337870e+02 2.314967727397105879e-01
2.516084037536014932e+02 1.306842500040240225e+02 2.422585993207462263e-01
2.515407632752265386e+02 1.305687140856632311e+02 2.108712797978334608e-01
2.515378547169507613e+02 1.302198110322404148e+02 2.224153749577478523e-01
2.515560674103047063e+02 1.300058074589148021e+02 2.408775572617380401e-01
2.515441048175511582e+02 1.297831071836721435e+02 2.204886764208797978e-01
2.515775669193748172e+02 1.297984467300851463e+02 2.346338950858724848e-01
2.516094886281327092e+02 1.301629516957200678e+02 2.315579377726270371e-01
2.516483944178859531e+02 1.304933893476266462e+02 2.234519613050686415e-01
2.516904630836834258e+02 1.309353694850869942e+02 2.461200444251291641e-01
2.516634442351956409e+02 1.312285238302187338e+02 2.371786823764224783e-01
2.516546300320311502e+02 1.313425982262140508e+02 2.234278172131279605e-01
2.516942826790284471e+02 1.315697152606757072e+02 2.342331031596568414e-01
2.516698375907415368e+02 1.316830250937595679e+02 2.337566597453603068e-01
2.516399520337373303e+02 1.316608189675986296e+02 2.426046646385629502e-01
2.515900188323917064e+02 1.315610298260015725e+02 2.247509134514784346e-01
2.516404832037600272e+02 1.316872036312714158e+02 2.454263041833663339e-01
2.516650908622659983e+02 1.319585252788642720e+02 2.470713216475928231e-01
2.516449852721039235e+02 1.320734704717755505e+02 2.432179245738567697e-01
2.515654256603409067e+02 1.314610604085180228e+02 2.114314227308577709e-01
2.514505335844318950e+02 1.293993271846379116e+02 2.181982068987718681e-01
2.513297905902425669e+02 1.275469506011878877e+02 1.925958118048513579e-01
2.513068263395946929e+02 1.266723051169378920e+02 1.910827820432340340e-01
2.513177442979702789e+02 1.265434126869155165e+02 2.090250615674344448e-01
2.516835272908719219e+02 1.268207268981280293e+02 2.435897435897435848e-01
2.516694689909379292e+02 1.273674264007597401e+02 2.380156775637001509e-01
2.516674086950923197e+02 1.276626265552819177e+02 2.209458045616237709e-01
2.516959598886152492e+02 1.278880470648832244e+02 2.245754663833759990e-01
2.515993287942440588e+02 1.276949828576947255e+02 2.152526276820062034e-01
2.515398457997328023e+02 1.271944388108229873e+02 2.244466978930255707e-01
2.514538654691197053e+02 1.268264796304344344e+02 2.038839795901942753e-01
2.514929209522429971e+02 1.268695913210037531e+02 2.060006116503291518e-01
2.515087546477377032e+02 1.269824086146119981e+02 2.199816504901250802e-01
2.515337437828963232e+02 1.271385420187680069e+02 2.225264377806750737e-01
2.515646176380639645e+02 1.273237175463164164e+02 2.203856616285994885e-01
2.515530445699937161e+02 1.274615722632671719e+02 2.185635874901411535e-01
2.515982954271089795e+02 1.277076697732064900e+02 2.325188726318669907e-01
2.516196452428090709e+02 1.279215622837091786e+02 2.337759750189128682e-01
2.516451784248394290e+02 1.282101179841292833e+02 2.456709643150321032e-01
2.516242116953981451e+02 1.283956299193587256e+02 2.455003460653178149e-01
2.516467815925443006e+02 1.285098234262076176e+02 2.546976354885959193e-01
2.515915350813655778e+02 1.283906723324802499e+02 2.529222399278896471e-01
2.514206399793970377e+02 1.268641991404703333e+02 2.123102676774993036e-01
2.513328375746454810e+02 1.247174658361099091e+02 2.120607787274453870e-01
2.513081784087433732e+02 1.236337904614740779e+02 1.981392953144365532e-01
2.513474898192412184e+02 1.234246221449611340e+02 2.096399311088576745e-01
2.514764900928742861e+02 1.236890321438344102e+02 2.351022904695221072e-01
2.515352294493537499e+02 1.241594105622354220e+02 2.324738036602443381e-01
2.515715502116632081e+02 1.243586315128687971e+02 2.558211405669033045e-01
2.515444122523218482e+02 1.247054034477763338e+02 2.434384406135818579e-01
2.515609911954544771e+02 1.246428348383150677e+02 2.564086468041270050e-01
2.515161652743573768e+02 1.243900445860897861e+02 2.359167511709884535e-01
2.514744346258470671e+02 1.241053036521963122e+02 2.416791411141693546e-01
2.514872808923656464e+02 1.240640027685225419e+02 2.561044312456741689e-01
2.515507573196838678e+02 1.242435655994977992e+02 2.632060134884993685e-01
2.515862764981409043e+02 1.247333784023049503e+02 2.594540216009142419e-01
2.516058525278864124e+02 1.251921724853928310e+02 2.547893830379706070e-01
2.516312183108793192e+02 1.254823265246994026e+02 2.791411141693627695e-01
2.516128688010043959e+02 1.258041399069647639e+02 2.564891271105960158e-01
2.516037841840101805e+02 1.259650345260514683e+02 2.676002382217071429e-01
2.516268836415729027e+02 1.261812400405620735e+02 2.494068601413234054e-01
2.516361115135126454e+02 1.263569027958858442e+02 2.597147777938738633e-01
2.516584415793455207e+02 1.266938577430102839e+02 2.542083152252643807e-01
2.516026606789318691e+02 1.269620744603795401e+02 2.653870297938094591e-01
2.515384245175205535e+02 1.263245786855956396e+02 2.522462053535499682e-01
2.513355706858531846e+02 1.244780964797913896e+02 2.195776393516506442e-01
2.512714761697812662e+02 1.222924284127673928e+02 2.101662723131649813e-01
2.512711800022534590e+02 1.212980105268240862e+02 2.059716387400003235e-01
2.513340029294831481e+02 1.211705248925587881e+02 2.298662417306485128e-01
2.514648413733159487e+02 1.214297761037874039e+02 2.514945192911294813e-01
2.514775958922851657e+02 1.219140373750543205e+02 2.503983775170215975e-01
2.515290871923640168e+02 1.222984322436299891e+02 2.541181772820190754e-01
2.515635311539266468e+02 1.224503388220902309e+02 2.715212387528771476e-01
2.515626909395271014e+02 1.224541407117678347e+02 2.648606885895021246e-01
2.515497851175817345e+02 1.223850258341783785e+02 2.690714182239605790e-01
2.515254510921177484e+02 1.221667213932750684e+02 2.479340705329405870e-01
2.515079417966423705e+02 1.220661419350684866e+02 2.500812851095337019e-01
2.515443929370483147e+02 1.224229932235581941e+02 2.520272989199542901e-01
2.515330983308384418e+02 1.227693836818130535e+02 2.298018574854732987e-01
2.516212387528771615e+02 1.232414763307418610e+02 2.667390989424887615e-01
2.516474737231799281e+02 1.238285141725819756e+02 2.539459494261754324e-01
2.516663946432308023e+02 1.242497030276691277e+02 2.849694979638482395e-01
2.516996539346821748e+02 1.245944935374313900e+02 2.608302348415342808e-01
2.516865871521238773e+02 1.247821913177845374e+02 2.700902989038582169e-01
2.517014631319715932e+02 1.249523476105397037e+02 2.631979654578524563e-01
2.515969530155970801e+02 1.253192009915173770e+02 2.468846073365847382e-01
2.515700017705667335e+02 1.255341542324593149e+02 2.273423793197804632e-01
2.515881710045551927e+02 1.257081188533165914e+02 2.321116422811338176e-01
2.515991275934778741e+02 1.259874611682521248e+02 2.313132776409612679e-01
2.516237127174980230e+02 1.263070790477570142e+02 2.483187663978624338e-01
2.515776779821977698e+02 1.262238849453538734e+02 2.413990696476572273e-01
2.514536819740209523e+02 1.245575965361276047e+02 2.191011959373541373e-01
2.513298195631529097e+02 1.220227743171246004e+02 2.215783797704701796e-01
2.513395625090540477e+02 1.205241167286364998e+02 2.230463405604648508e-01
2.513629372092648850e+02 1.201984338532361107e+02 2.093582500362161369e-01
2.514548602057076607e+02 1.205795644405813931e+02 2.453297278156035266e-01
2.514338033383231163e+02 1.209214029327023638e+02 2.461940863070806451e-01
2.515127448613324361e+02 1.213182432758704010e+02 2.630337856326556700e-01
2.515806798976290395e+02 1.218365348399246670e+02 2.642152365316207119e-01
2.515851095336971071e+02 1.221739710592817971e+02 2.413878024047515503e-01
2.515023757786469787e+02 1.220885058026300953e+02 2.616430859368712447e-01
2.515021295089091780e+02 1.220253384196887083e+02 2.502535129653773449e-01
2.515412654723389210e+02 1.218594105622354249e+02 2.658006985690601343e-01
2.515460476121492945e+02 1.220529302879585316e+02 2.622177153250599413e-01
2.515869122925620047e+02 1.223453426046646371e+02 2.673845510003702297e-01
2.516094017094017090e+02 1.227945724081317280e+02 2.750333993271846245e-01
2.516126016063869031e+02 1.234009641540715023e+02 2.630836834226664700e-01
2.516810855183736635e+02 1.238554380543081095e+02 2.633363915849791792e-01
2.516621887424147417e+02 1.243743348302670313e+02 2.688702174577880522e-01
2.517054324206866625e+02 1.248993143077888845e+02 2.726640591047370665e-01
2.516885041930239595e+02 1.253845461715518184e+02 2.559595666940299719e-01
2.516769311249537111e+02 1.258331031596568295e+02 2.657765544771194532e-01
2.517017818339852226e+02 1.261302638144446036e+02 2.679012345679012141e-01
2.517093244483075125e+02 1.264470906369211463e+02 2.584673330436042527e-01
2.516966182175221718e+02 1.268145814219260501e+02 2.635762228982567734e-01
2.516354209924831480e+02 1.270482608205771982e+02 2.446585220596519950e-01
2.516839554461023454e+02 1.274666859819402163e+02 2.596680992161218282e-01
2.516964894490318159e+02 1.278705699615304070e+02 2.596777568528981228e-01
2.517071048014550740e+02 1.283259806525343265e+02 2.653644953079981605e-01
2.516954770067764287e+02 1.287695092310911491e+02 2.564215236531620645e-01
2.517276546429088739e+02 1.292108004571281299e+02 2.576866740708548820e-01
2.516517971252434620e+02 1.296697506720105650e+02 2.460009335715550305e-01
2.516411946496692167e+02 1.300687398393613137e+02 2.439551241811128701e-01
2.516988829333461979e+02 1.304330081928951870e+02 2.532988877621645818e-01
2.516945321679785081e+02 1.308309768699599260e+02 2.530542276304988403e-01
2.517232571989634096e+02 1.312365123054388505e+02 2.568480692774477991e-01
2.516251211228612306e+02 1.306940830878683926e+02 2.385098266454198646e-01
2.513958810179149168e+02 1.283701868752716280e+02 2.012587119931752710e-01
2.513233119255718009e+02 1.262594668984499435e+02 1.933893476266357603e-01
2.513125919487501392e+02 1.253454472290630548e+02 1.779580536642683397e-01
2.514474769423921998e+02 1.253472628647769938e+02 2.310589598725192040e-01
2.514867931817084354e+02 1.259623593606644505e+02 2.261496611779097721e-01
2.516270011428203475e+02 1.267997923608093060e+02 2.438134788417274379e-01
2.516578894844431602e+02 1.273057318074267243e+02 2.367569655705248910e-01
2.516700983469345090e+02 1.274262623336069709e+02 2.676356495565535010e-01
2.516446086242696367e+02 1.275205852527886492e+02 2.620792891979332739e-01
2.516000692130635628e+02 1.274833405765609200e+02 2.399520337373444723e-01
2.515877959663270360e+02 1.271629420380832869e+02 2.552465111787145524e-01
2.515525327152445811e+02 1.269891158433531331e+02 2.360616157226326783e-01
2.515757754277528306e+02 1.269493634007758232e+02 2.463518277077599017e-01
2.516509343763580944e+02 1.272826516651375357e+02 2.571442368052537786e-01
2.516342749529190144e+02 1.278956250905403493e+02 2.394594942617541411e-01
2.516526824086146235e+02 1.282722487807233449e+02 2.378112575852688870e-01
2.516792183752635594e+02 1.285569736185555314e+02 2.393468218326975372e-01
2.516702399922738778e+02 1.288935342121782810e+02 2.466254607497545270e-01
2.515671350620503119e+02 1.292235936066444424e+02 2.351119481062984018e-01
2.515612213691309762e+02 1.292796191671897930e+02 2.135045954254993772e-01
2.515471051233762978e+02 1.293517762003637586e+02 2.017979300465176096e-01
2.515755034043169758e+02 1.294617927793069043e+02 2.141355610282164035e-01
2.515945852849807522e+02 1.295621726463534458e+02 2.213144043652518211e-01
2.515872647963043391e+02 1.298668469425531669e+02 2.300706617090797768e-01
2.516100986688557271e+02 1.299051330339465835e+02 2.306565583401741504e-01
2.516096560271701605e+02 1.301673169475429290e+02 2.326556891528643034e-01
2.516271138152494018e+02 1.303554718560368144e+02 2.255299628180984228e-01
2.515576528723421461e+02 1.299468701208814139e+02 2.114169362756933290e-01
2.514076858692677945e+02 1.278590548392808302e+02 2.268916896035540198e-01
2.512973328826436159e+02 1.260862668405041234e+02 2.050766977320649664e-01
2.513122861235855510e+02 1.253169169604197890e+02 2.017576898932831042e-01
2.513594234390844520e+02 1.254445876993899560e+02 2.115183414618442836e-01
2.515081574838636982e+02 1.260964588665153627e+02 2.345759492652148004e-01
2.515949828576947311e+02 1.265674038662739207e+02 2.318380092391391922e-01
2.516142772063676034e+02 1.270462858338564587e+02 2.528127867110918081e-01
2.516144928935889311e+02 1.274013681652099734e+02 2.428605920131343965e-01
2.515748273697426214e+02 1.270578331482286245e+02 2.490865485215767727e-01
2.514740322243146977e+02 1.265949426175414914e+02 2.187422537705023540e-01
2.514741368487131297e+02 1.264578460250776573e+02 2.296312392357590104e-01
2.515401419672606096e+02 1.264681555523363414e+02 2.304263846636727953e-01
2.515126579426014359e+02 1.266340512176670359e+02 2.291306517295217948e-01
2.515814508989650164e+02 1.268721167930207514e+02 2.463952870732531719e-01
2.515844801777005273e+02 1.272388494535387196e+02 2.393935004104495723e-01
2.515686818935406563e+02 1.276412525954898882e+02 2.613871585622998261e-01
2.516506398184364173e+02 1.282436847103513742e+02 2.607948235066879228e-01
2.517141886780304958e+02 1.292225248281745564e+02 2.564118660163857699e-01
2.517656510051990324e+02 1.296389830508474574e+02 2.585574709868495025e-01
2.517443156759540841e+02 1.299428509343763665e+02 2.654707293125372347e-01
2.516396687430585644e+02 1.300048851546026754e+02 2.430939849018945165e-01
2.516750414473578417e+02 1.301831264989457111e+02 2.518325365782992931e-01
2.516623175109050692e+02 1.302669821494680207e+02 2.393790139552851304e-01
2.516047386804448820e+02 1.295428090846170051e+02 2.392148341300883718e-01
2.514683728491638135e+02 1.274414586250744463e+02 2.277399520337373418e-01
2.513458528498076419e+02 1.257529769665362949e+02 2.083152252643778179e-01
2.513467751541197970e+02 1.248836206480274313e+02 2.156662964572569063e-01
2.514128768490350296e+02 1.250704476314645746e+02 2.153701289294509547e-01
2.515839554461023511e+02 1.258219019106024774e+02 2.427881597373122702e-01
2.516285817760393968e+02 1.265324367827192731e+02 2.373959792038888017e-01
2.516420847618587686e+02 1.270528675133194838e+02 2.607465353228065053e-01
2.516769391729843619e+02 1.272651777809969929e+02 2.402594685080560732e-01
2.516562106652501996e+02 1.270681796964282881e+02 2.571651616849356947e-01
2.516057318074267357e+02 1.269403737505432446e+02 2.404767653355223966e-01
2.515534244370402632e+02 1.267112608044811424e+02 2.464484040755227090e-01
2.515699856745054603e+02 1.267042493601815636e+02 2.347674923946110326e-01
2.516221369130973642e+02 1.268326315450609201e+02 2.457675406827949105e-01
2.516648606885894992e+02 1.271903504112543715e+02 2.612068826758092155e-01
2.517206914867931857e+02 1.275947897049591973e+02 2.535805688348061193e-01
2.516825293350717061e+02 1.280194730149532347e+02 2.505190979767251136e-01
2.517172984370724578e+02 1.283357960307112933e+02 2.692178923817342140e-01
2.517028538316673973e+02 1.287955011508683754e+02 2.573164646610974216e-01
2.516931318106459230e+02 1.290701933136961372e+02 2.355465417612310208e-01
2.516815523041511824e+02 1.291942392196629612e+02 2.497641927020458064e-01
2.516960419785278589e+02 1.294290710963027209e+02 2.369678239734736847e-01
2.516957763935164962e+02 1.296396188452685578e+02 2.424678481175656375e-01
2.516535451574999627e+02 1.300637613276031459e+02 2.408196114410803557e-01
2.516930481111272115e+02 1.301523685354193844e+02 2.490125066396252917e-01
2.516022115988217820e+02 1.299099908252450746e+02 2.313213256716081523e-01
2.517044006631577133e+02 1.278678416791411081e+02 2.396542566034091382e-01
2.514704556794952168e+02 1.256654401467960724e+02 2.392840471936517055e-01
2.513724821736121271e+02 1.244281037230189781e+02 2.112559756627553353e-01
2.512867207494326180e+02 1.242045567949522820e+02 2.098443510872889384e-01
2.514140228885991633e+02 1.244419865758848829e+02 2.339707373605678653e-01
2.514361066846942663e+02 1.248231960339305004e+02 2.397781962753714191e-01
2.514935503082395769e+02 1.250883754245336235e+02 2.272216588600769471e-01
2.515376293720926526e+02 1.253299193587329228e+02 2.286960580745891480e-01
2.515218745472982675e+02 1.254247412558147090e+02 2.312907431551499415e-01
2.515161813704186500e+02 1.252097896244788870e+02 2.384180790960452045e-01
2.514690521029503998e+02 1.249997987992338295e+02 2.439808778791829613e-01
2.514740467107698692e+02 1.246637870813012086e+02 2.431197385999645799e-01
2.514625847055225449e+02 1.246204741899657193e+02 2.535532055306066734e-01
2.514696878973715002e+02 1.247216846137750110e+02 2.438649862378675925e-01
2.515352020860495372e+02 1.252025624929579664e+02 2.442351956476250252e-01
2.515764289278413628e+02 1.256301978205932954e+02 2.682440806734592287e-01
2.516004539089284719e+02 1.259321808553446971e+02 2.517053776940782472e-01
2.515938094548264132e+02 1.263370112833389669e+02 2.599787531990921940e-01
2.516276884446375846e+02 1.266490044586089851e+02 2.468330999404445836e-01
2.516869815056255675e+02 1.268235050783073348e+02 2.710351377018043739e-01
2.516307788884060130e+02 1.270721377179004321e+02 2.541439309800891944e-01
2.516638595135770231e+02 1.271819788497754615e+02 2.472467687156952587e-01
2.516356012683696406e+02 1.274166771291065032e+02 2.418706842435655868e-01
2.516349107473401148e+02 1.276375682070597293e+02 2.631883078210761617e-01
2.516578959228676808e+02 1.280577397910731179e+02 2.521625058348221926e-01
2.516686851127529110e+02 1.283117565631689843e+02 2.552577784216202295e-01
2.516818130603441261e+02 1.286819675825325646e+02 2.458093904421587983e-01
2.516344343039258433e+02 1.283331530574468502e+02 2.534518003444556911e-01
2.514918392969240415e+02 1.263777375376245402e+02 2.341011154570476482e-01
2.513376374201232863e+02 1.241889162521930814e+02 2.120318058171165587e-01
2.513197595248442724e+02 1.230869654095642858e+02 2.093389347626635755e-01
2.513735928018413972e+02 1.230565261480515744e+02 2.108342588568577203e-01
2.514877798702657401e+02 1.234355545897918773e+02 2.557310026236579992e-01
2.515724757351875951e+02 1.240551338387496543e+02 2.511693788529946736e-01
2.516251999935615800e+02 1.242737167415133541e+02 2.538381058155069203e-01
2.516218842049350428e+02 1.245296408968725359e+02 2.545608189675986344e-01
2.516058541374925426e+02 1.244732547845542143e+02 2.547346564295716598e-01
2.515809503114587926e+02 1.242088560529238492e+02 2.668050927937933858e-01
2.515945547024643076e+02 1.241558468942649682e+02 2.500088528337116034e-01
2.515678481175656316e+02 1.239683068553125054e+02 2.509649588745633819e-01
2.515418433209393640e+02 1.238617863408823894e+02 2.442030035250374320e-01
2.516583723662819807e+02 1.244425370611811275e+02 2.613935969868173004e-01
2.516906530172066994e+02 1.249099618523347317e+02 2.532039210005311847e-01
2.517215107763130391e+02 1.251401580633219055e+02 2.613420895906771735e-01
2.517064834934891451e+02 1.253647946947381939e+02 2.515798284159865839e-01
2.516786566227244180e+02 1.257615271942955530e+02 2.572971493875448878e-01
2.516501891287202000e+02 1.260450142450142437e+02 2.361066846942553032e-01
2.516579216765657350e+02 1.262926151270784061e+02 2.579619167189788898e-01
2.516688138812432669e+02 1.265095481835594882e+02 2.671350620503162854e-01
2.516676903761649555e+02 1.265493891544739000e+02 2.658345002977771099e-01
2.516015580987332498e+02 1.266219099586331254e+02 2.411898208508377883e-01
2.516544578041753084e+02 1.268990551612020568e+02 2.647930851320681733e-01
2.516087047499476910e+02 1.271095272586798046e+02 2.405331015500506986e-01
2.516428927841357108e+02 1.270857871778775774e+02 2.447921193683905428e-01
2.516914127512997652e+02 1.273627955639255021e+02 2.545801342411511681e-01
2.517190529077534791e+02 1.278640011589164089e+02 2.504466657009030151e-01
2.516715888422102978e+02 1.281443430392583025e+02 2.351650651085679389e-01
2.515601509810549317e+02 1.275230221964685171e+02 2.217007098363030504e-01
2.514561655962785949e+02 1.251694722101501753e+02 2.346226278429668355e-01
2.513364913805591812e+02 1.236028055434835125e+02 2.206705619134997631e-01
2.516455937032208112e+02 1.225272908719236398e+02 2.594910425418899824e-01
2.515873645918843522e+02 1.227773109920002526e+02 2.611972250390329764e-01
2.516161346918408981e+02 1.233662079289197919e+02 2.410900252708162439e-01
2.516435752571345859e+02 1.237339900526341268e+02 2.416533874160992912e-01
2.516783894281069536e+02 1.241541165676758851e+02 2.439535145749834877e-01
2.516594218294783332e+02 1.244137057961916781e+02 2.593542260208926975e-01
2.516026574597196088e+02 1.243262880873050307e+02 2.601525906610652195e-01
2.515469715260675798e+02 1.240251130748305854e+02 2.448693804626007886e-01
2.515348592399439838e+02 1.237583305165226051e+02 2.421555845284658892e-01
2.515676662320730088e+02 1.237090379384164720e+02 2.412863972186005956e-01
2.515745988056722524e+02 1.239608221868108870e+02 2.352568126579425989e-01
2.515914626490897774e+02 1.243817985738889718e+02 2.428251806782880107e-01
2.516439792682730570e+02 1.247952822444347873e+02 2.464500136816520914e-01
2.517369501183060549e+02 1.254008128510953384e+02 2.597179970061325727e-01
2.517677676372591691e+02 1.259223735251983811e+02 2.736555764804352586e-01
2.517294509633492794e+02 1.262864374587538379e+02 2.739179422795242069e-01
2.517515106153524300e+02 1.265938175028570498e+02 2.806106845654868231e-01
2.516957570782429627e+02 1.266621919616269878e+02 2.696991646144188404e-01
2.516668469425531498e+02 1.268093823941281499e+02 2.520079836464017009e-01
2.516646111996394382e+02 1.270668582097960666e+02 2.445361919938191242e-01
2.516675439020071678e+02 1.273558130925362519e+02 2.748595618652115991e-01
2.516342153974922269e+02 1.276413041028860249e+02 2.651987058766719918e-01
2.515677885621388441e+02 1.269550292143512422e+02 2.535065269528546383e-01
2.513657282662932460e+02 1.250070323691792566e+02 2.200782268578878875e-01
2.513076037793551905e+02 1.229898466045358703e+02 2.009641540714987018e-01
2.513417386965409435e+02 1.221943583305165220e+02 2.264587055547507555e-01
2.513511548923978296e+02 1.223078580971236278e+02 2.251146844367183375e-01
2.514813140824440154e+02 1.229298260015774105e+02 2.562637822524828080e-01
2.515535966648961050e+02 1.233777504144735815e+02 2.571506752297712528e-01
2.516117404671076940e+02 1.239579780127802735e+02 2.667020780015130210e-01
2.516058686239477140e+02 1.243870748627810769e+02 2.556650087723534304e-01
2.515970801744813059e+02 1.241883351843803780e+02 2.514784232298356570e-01
2.515669901974986828e+02 1.238857823490591841e+02 2.596342974874048526e-01
2.514872953788207894e+02 1.238672364672364665e+02 2.403592640880776454e-01
2.514795016659423368e+02 1.239014727896083770e+02 2.260482559917588175e-01
2.515204049769021424e+02 1.241038501778614744e+02 2.488515460266872703e-01
2.515378531073446311e+02 1.245019234793246028e+02 2.503420413024932678e-01
2.515983887842645004e+02 1.247706729763227003e+02 2.552014422070918997e-01
2.516050960130056069e+02 1.251630997794839573e+02 2.464757673797221826e-01
2.516761424179503308e+02 1.254931688315869138e+02 2.597550179471083687e-01
2.516321229095240426e+02 1.259464129927406759e+02 2.563989891673507659e-01
2.516332126128736206e+02 1.262523331240845295e+02 2.580649315112591990e-01
2.516687221336938762e+02 1.264656928549583910e+02 2.731614273987155173e-01
2.516853735091023339e+02 1.267445619456918848e+02 2.646015420026719411e-01
2.516623094628744468e+02 1.268360471292674703e+02 2.614080834419817423e-01
2.516817551145234688e+02 1.270268160381154701e+02 2.587860350572214752e-01
2.516830798203679649e+02 1.271598692999822902e+02 2.504225216089622785e-01
2.516686030228403013e+02 1.276314661902232501e+02 2.626104592206287003e-01
2.517109453216797874e+02 1.280683261705860616e+02 2.616994221513995744e-01
2.516998599642667500e+02 1.286237706633186804e+02 2.657475815667906249e-01
2.516779113750865235e+02 1.288633685837075689e+02 2.535081365589840208e-01
2.515871843159978880e+02 1.277996700307434708e+02 2.525842226407198354e-01
2.514152510180758782e+02 1.252745521270944948e+02 2.174996378386208906e-01
2.513057688283676896e+02 1.229980443285528082e+02 1.985111143303233683e-01
2.513336230624366294e+02 1.222007355900011305e+02 2.093469827933104876e-01
2.513666731050911949e+02 1.223506655721345027e+02 2.122684179181354436e-01
2.514170183656059407e+02 1.227717594604600322e+02 2.374152944774413632e-01
2.515204548746921489e+02 1.231128382184879371e+02 2.450947253207140242e-01
2.515181145073800337e+02 1.232442448532843997e+02 2.458995283854041036e-01
2.515274920726898245e+02 1.234865356447277378e+02 2.549857549857549865e-01
2.516581518502422341e+02 1.231535081365589832e+02 2.693547089027314989e-01
2.515557712427768990e+02 1.227951953257038014e+02 2.660099473658795732e-01
2.514702576979413209e+02 1.226036827788240231e+02 2.514655463808005975e-01
2.513938126740386565e+02 1.223270156292755217e+02 2.277174175479260154e-01
2.513964701337582710e+02 1.222685241521399746e+02 2.278397476137589139e-01
2.514202263106217856e+02 1.223837719510035953e+02 2.211502245400550348e-01
2.514655882305599732e+02 1.226101984644357543e+02 2.313052296103143557e-01
2.515245883432324092e+02 1.230240008369951852e+02 2.514462311072480638e-01
2.515849147713554430e+02 1.233181949876865104e+02 2.742623979912115484e-01
2.515755629597437633e+02 1.235356415085228576e+02 2.628100503806718446e-01
2.515377758462504119e+02 1.237488837381492743e+02 2.570734141355610070e-01
2.515848632639593063e+02 1.239561124792763280e+02 2.603087224556150936e-01
2.515559869299982267e+02 1.240681909636711850e+02 2.548940074363802988e-01
2.515280103658634800e+02 1.241597888196758248e+02 2.533874160992805047e-01
2.515495388478439338e+02 1.243983324480499562e+02 2.551612020538573944e-01
2.515432662127577430e+02 1.246146940943551158e+02 2.498076520675390766e-01
2.515951309414586206e+02 1.248949055966005091e+02 2.646900703397878640e-01
2.516694078259050116e+02 1.252196307563539222e+02 2.765174561784731200e-01
2.516836077711784014e+02 1.255441885170698697e+02 2.653065494873404484e-01
2.516281809841131860e+02 1.253873694207027540e+02 2.619601783443591403e-01
2.514429088801970238e+02 1.237608640365702541e+02 2.190561269657314847e-01
2.513158417435253682e+02 1.213008659680976109e+02 2.227244193345888357e-01
2.512833228708934996e+02 1.198236338467976907e+02 2.362917893991340335e-01
2.513288441418384878e+02 1.194286123585558670e+02 2.240491251790686922e-01
2.514778164083248839e+02 1.198165692854958451e+02 2.506140647383585107e-01
2.515584303121026153e+02 1.199635971477779322e+02 2.666634474544078981e-01
2.515703671511581092e+02 1.202115408759476622e+02 2.670384856825535058e-01
2.515136526791893914e+02 1.202418014711799970e+02 2.546783202150433856e-01
2.515171471340962910e+02 1.200216314967727413e+02 2.476604374909459616e-01
2.514515202729891996e+02 1.195680348318766448e+02 2.462053535499863222e-01
2.514243452927068745e+02 1.189453313374217345e+02 2.464854250164984495e-01
2.514051040610362691e+02 1.183142804255798666e+02 2.486921950198786313e-01
2.514408727284433382e+02 1.179730551933941740e+02 2.591015178585799883e-01
2.514393258969530223e+02 1.180129911310702227e+02 2.544384889017657359e-01
2.514803708532521966e+02 1.182208057688283702e+02 2.519371609767089848e-01
2.515051925893733937e+02 1.184364157290711006e+02 2.804915737119126895e-01
2.515733481417097153e+02 1.186355642474286611e+02 2.822041946335731577e-01
2.515516651375408514e+02 1.189329212741642152e+02 2.546590049414907964e-01
2.515624366217586498e+02 1.191482093131810700e+02 2.599159785600463346e-01
2.515689040191865047e+02 1.191060762631384051e+02 2.924235839490076927e-01
2.515021391665459589e+02 1.187938432565551210e+02 2.768265005553141034e-01
2.514255879086387608e+02 1.184770518454134276e+02 2.599417322581164536e-01
2.513922594041238199e+02 1.184430811080528656e+02 2.536224185941700071e-01
2.514281391343538132e+02 1.184093035234278233e+02 2.411286558179213668e-01
2.514739098942488909e+02 1.184258567128623696e+02 2.554444927326283143e-01
2.514350588311040156e+02 1.179855940251420492e+02 2.518808247621807106e-01
2.512969417483541861e+02 1.161879987766993452e+02 2.294123328021633046e-01
2.512742768844463797e+02 1.137867577703735833e+02 2.301350459542549909e-01
2.512675744845236352e+02 1.123256072239123142e+02 2.606901991082782311e-01
2.512948911101453575e+02 1.120702351634555072e+02 2.652099731195776133e-01
2.513930738648252827e+02 1.125775975018912902e+02 2.792006695961498086e-01
2.514464467944693808e+02 1.132210439905355202e+02 2.913757303587812264e-01
2.514808601735155378e+02 1.138323241102902159e+02 2.843208266937080619e-01
2.515194295555877488e+02 1.142221192074299410e+02 2.929177330307273786e-01
2.514477055064625688e+02 1.141439261512707901e+02 2.787145685450770349e-01
2.513450094161958646e+02 1.135528449788336758e+02 2.617187374249521081e-01
2.513129138699760290e+02 1.130463630949506637e+02 2.446971526067571179e-01
2.513358346612583887e+02 1.128791636486551795e+02 2.607352680799008282e-01
2.513753311764611169e+02 1.129838186295813358e+02 2.614241795032755666e-01
2.514286381122539353e+02 1.133978753199092182e+02 2.867609895858483360e-01
2.516221256458544531e+02 1.133766059845155922e+02 3.041833663302589974e-01
2.515360986366636098e+02 1.137498559402514218e+02 2.917362821317623367e-01
2.515357879826806311e+02 1.139269190529077491e+02 2.825084101920259938e-01
2.516239589872358238e+02 1.141500008048030708e+02 2.963107827514607218e-01
2.516211663206013611e+02 1.142847731260160629e+02 3.077518631190947485e-01
2.516006583289069169e+02 1.144634635504692000e+02 3.105107280248523005e-01
2.516128800682473070e+02 1.146942875078468234e+02 3.081719703188629533e-01
2.515696718013102213e+02 1.148685257617460991e+02 2.887472435495034295e-01
2.515270784039145724e+02 1.147753327860672528e+02 2.781254527017238964e-01
2.513332045648429869e+02 1.131854266261045865e+02 2.407890289246221449e-01
2.511843337035427339e+02 1.103636856761150540e+02 2.350008852833711526e-01
2.512075957313245453e+02 1.083202247010156611e+02 2.484909942537061045e-01
2.512219775620905580e+02 1.078461667230028809e+02 2.665733095111625928e-01
2.513269238817261453e+02 1.080770164340785868e+02 2.826564939559290113e-01
2.513981441241328127e+02 1.083995831120124933e+02 2.902908558275789641e-01
2.514628068311684217e+02 1.087595795708790121e+02 3.013311442689973751e-01
2.514801728716983007e+02 1.090835884559048452e+02 2.951373798831425921e-01
2.514813333977175773e+02 1.091941861026606801e+02 2.933474978672718780e-01
2.514191317784538171e+02 1.088428493247702278e+02 2.901202375778647036e-01
2.514118467011122391e+02 1.085820915222045215e+02 2.933265729875899619e-01
2.513899125983871841e+02 1.085746889436154987e+02 2.905435639898916733e-01
2.514166674714697365e+02 1.088591964846202131e+02 3.097252402337147825e-01
2.514489449031821948e+02 1.091645886651536301e+02 2.988249875255524768e-01
2.515262494567579381e+02 1.095584158256474581e+02 2.974632607400968798e-01
2.515814026107811401e+02 1.101724853928243704e+02 3.110628229272296985e-01
2.515802195502760412e+02 1.105977481610249953e+02 3.081623126820867142e-01
2.515693144687494964e+02 1.110434175157339070e+02 3.096850000804803327e-01
2.514419254108519510e+02 1.058384245175205649e+02 3.270928903697265522e-01
2.514476942392196577e+02 1.058273246736523561e+02 3.191816762438231536e-01
2.515081156341043425e+02 1.065580085952967266e+02 3.172919986479308396e-01
2.514956894747855074e+02 1.069621163101389101e+02 3.096672944130571259e-01
2.514870684243565506e+02 1.073378128671914027e+02 3.142321373959792163e-01
2.515502068343876374e+02 1.077058605759170717e+02 3.266180565615594000e-01
2.515129412332802303e+02 1.077617670256088331e+02 3.225650683277802022e-01
2.515010639496515239e+02 1.076566146763886849e+02 2.981151512224958777e-01
2.514330468234423108e+02 1.075549857549857506e+02 2.867786952532715428e-01
2.514004716145959151e+02 1.072670111223783493e+02 2.957860511532827696e-01
2.514448999629790649e+02 1.073480580102049089e+02 3.131520916831651569e-01
2.514590258663704958e+02 1.076380687945659673e+02 3.069985674505448792e-01
2.515617412719107620e+02 1.079779741497255685e+02 3.038276433756659789e-01
2.516095079434062427e+02 1.086585703478358909e+02 3.332995316046163392e-01
2.515745601751251570e+02 1.092376857083071826e+02 3.247476942392196753e-01
2.515728958423873678e+02 1.096282534163890148e+02 3.327989440983791236e-01
2.515778582580842340e+02 1.101694416276337165e+02 3.178006341848149674e-01
2.515542517745907674e+02 1.103367505271460089e+02 3.221288650667181730e-01
2.515613726721071259e+02 1.104958520450045825e+02 3.218938625718286706e-01
2.515576963317076320e+02 1.107307241617976103e+02 3.156743444879038241e-01
2.515429732644421961e+02 1.109618008273375551e+02 3.213288908204162686e-01
2.515599626571377883e+02 1.114771065720218246e+02 3.110837478069116702e-01
2.515927921837526355e+02 1.118708854443317762e+02 3.076408002961675270e-01
2.515373847119609820e+02 1.116902908558275840e+02 3.102451430135045873e-01
2.513513737988314176e+02 1.095570283451639426e+02 3.035749352133532697e-01
2.512096850000804693e+02 1.072158884221031059e+02 2.611070870957876711e-01
2.511459510357815361e+02 1.059769295153475923e+02 2.525665169732966286e-01
2.512176155294799287e+02 1.058532393323353773e+02 2.766703687607642292e-01
2.513876720266550819e+02 1.062347803692436514e+02 2.910827820432340118e-01
2.514837140051829181e+02 1.067280747501086466e+02 3.082347449579088128e-01
2.515083779999034164e+02 1.071721409371126867e+02 3.251404381347884343e-01
2.514922272120012110e+02 1.077370032353083218e+02 3.217602652630900950e-01
2.514633235147359471e+02 1.079167302461087843e+02 3.212081703607127525e-01
2.515816859014599061e+02 1.074158932509214992e+02 3.316834870507187061e-01
2.515066122619794839e+02 1.072686641878732274e+02 3.241537495774783895e-01
2.514267725787499899e+02 1.072838411640671552e+02 2.972169910023017558e-01
2.515021037552110954e+02 1.074764321470536146e+02 2.966230463405604700e-01
2.515862797173531646e+02 1.079216636888953218e+02 3.168219936581518348e-01
2.516846008981602267e+02 1.084981248088592736e+02 3.506945450448275547e-01
2.516580536642683512e+02 1.089061744491122994e+02 3.425145266953176781e-01
2.516576448243114896e+02 1.093798557792908070e+02 3.503597469699164524e-01
2.516386836641073899e+02 1.098680654143931008e+02 3.552288055112913789e-01
2.516444685885363981e+02 1.102381557132969618e+02 3.585429845316850939e-01
2.515911004877106620e+02 1.104577220854057060e+02 3.384084214592689155e-01
2.515430215526260724e+02 1.104153572520804119e+02 3.399246704331450042e-01
2.515144928935889368e+02 1.103865839329116199e+02 3.182207413845831723e-01
2.515469151898530527e+02 1.107124792763210905e+02 3.235533664912195739e-01
2.514977256265391929e+02 1.107955896792054915e+02 3.210117984129283730e-01
2.515233827482415165e+02 1.111056963960918722e+02 3.311378305728588378e-01
2.515122748563426569e+02 1.114333252853026863e+02 3.232700758124487095e-01
2.514226455486342502e+02 1.109493263798348579e+02 2.999549310283773362e-01
2.512761955349525920e+02 1.088059812963767712e+02 2.516603087224555946e-01
2.511944677837333302e+02 1.061818050123134896e+02 2.559627859062887367e-01
2.511748563426529586e+02 1.049537962560561368e+02 2.580665411173885815e-01
2.513157483863698474e+02 1.051114330323369899e+02 2.834693450512659751e-01
2.513955832407809794e+02 1.057785471695076183e+02 2.938271604938271775e-01
2.514644727735123126e+02 1.062123617750736457e+02 3.142981312472837852e-01
2.514793680686336188e+02 1.067959952999501070e+02 3.137379883142594750e-01
2.514893009480580019e+02 1.071355996587634962e+02 3.416823603264281251e-01
2.514621452830492387e+02 1.070341719381267467e+02 3.053889613211647203e-01
2.513651987058766792e+02 1.065351216057430719e+02 3.063482865742752637e-01
2.513288312649894465e+02 1.062237803209554556e+02 3.041495646015420218e-01
2.513751138796336591e+02 1.061400936790767275e+02 2.981586105879890924e-01
2.514200830556762867e+02 1.064215107763130419e+02 3.046243984097091184e-01
2.514496531298791240e+02 1.067987670417048918e+02 2.960516361646305383e-01
2.514108712797978455e+02 1.068584560658006950e+02 2.956444058138973374e-01
2.514115537527966922e+02 1.070636486551740774e+02 3.099924348511919336e-01
2.514583128108551762e+02 1.074058686239477254e+02 3.218697184798879896e-01
2.514564521061696212e+02 1.079471019041640574e+02 3.203293254140711643e-01
2.515046243984097032e+02 1.083097413362950050e+02 3.115811161008901209e-01
2.515061197225039109e+02 1.086026381444460611e+02 3.103578154425611912e-01
2.514741191430456979e+02 1.089042075104221965e+02 3.101823683744587834e-01
2.515123585558613684e+02 1.090976789479614268e+02 2.997955800215686972e-01
2.515047064883223129e+02 1.088350700983469324e+02 2.990648188388301265e-01
2.513124744475026944e+02 1.071141693627569396e+02 2.740193474656751338e-01
2.511594524119947778e+02 1.045692468652920581e+02 2.605018751911407082e-01
2.511519387705828308e+02 1.028752506961546516e+02 2.705876671978366677e-01
2.512064126708194465e+02 1.027162393162393101e+02 2.836544497561446776e-01
2.513100777439760520e+02 1.032826098153781800e+02 3.018832391713747731e-01
2.514406522124036201e+02 1.040162232201780199e+02 3.191768474254350063e-01
2.514867078725835654e+02 1.044678996249617740e+02 3.308561495002173003e-01
2.515250229368873534e+02 1.050133323675696602e+02 3.395544610233875993e-01
2.514591819981650360e+02 1.051083232732950279e+02 3.071836721554235816e-01
2.513800972202102173e+02 1.048012361775073629e+02 3.226873983936131007e-01
2.513320585252788533e+02 1.047032433563506970e+02 2.909990825245062362e-01
2.514044392937048258e+02 1.045868801004394157e+02 3.155777681201409890e-01
2.513834242760796371e+02 1.047667036876076452e+02 3.137379883142594750e-01
2.514175092954753836e+02 1.051058686239477140e+02 3.163552078806315948e-01
2.514921644373621916e+02 1.054692967630820704e+02 3.350588311040288425e-01
2.515425451092117726e+02 1.059452701723888168e+02 3.252096511983517679e-01
2.515291564054275852e+02 1.062541053004329825e+02 3.363481256136623410e-01
2.515225521914787521e+02 1.067792795402964856e+02 3.319297567885138300e-01
2.515141774107875676e+02 1.071235195647625034e+02 3.219437603618394705e-01
2.515845477811579372e+02 1.074715083619038438e+02 3.284739324287346829e-01
2.514661081333397590e+02 1.077228065092471923e+02 3.148373493006261237e-01
2.514595892285157959e+02 1.078719542228016763e+02 3.005182931736604113e-01
2.515795274196404137e+02 1.081135931237626124e+02 3.173241907705184328e-01
2.515948283355062927e+02 1.084623416549970187e+02 3.353582178440935313e-01
2.516506752297712808e+02 1.089029729425209609e+02 3.567402256667793203e-01
2.515810388397958945e+02 1.092992998213337188e+02 3.484765077985417236e-01
2.516104543918103218e+02 1.097454440098507860e+02 3.379834854411125633e-01
2.516353678754808811e+02 1.101158449627376115e+02 3.345292706874627986e-01
2.514156614676388699e+02 1.089282711220564295e+02 2.880840858241988101e-01
2.512329083973151853e+02 1.059843079498446770e+02 2.659230286348930328e-01
2.511562444669789329e+02 1.036818871022260851e+02 2.713377436541278276e-01
2.511792875883271279e+02 1.032707260933249671e+02 2.583272973103481474e-01
2.512325913049076860e+02 1.034881903198287318e+02 2.589212419720894331e-01
2.513702641363658188e+02 1.040434577558871325e+02 3.039226101372993760e-01
2.514717127818822746e+02 1.047059185217377291e+02 3.162377066331868436e-01
2.514606869798960247e+02 1.048863714649025383e+02 3.063692114539572353e-01
2.514400115891641292e+02 1.048343345083458047e+02 3.138699760168686681e-01
2.514157902361292258e+02 1.046742511307483028e+02 3.113461136060006185e-01
2.513644357525713531e+02 1.043805205466222361e+02 2.929225618491155259e-01
2.514345212226568265e+02 1.041304006309655961e+02 3.068939430521351319e-01
2.513877444589309107e+02 1.040576222898256731e+02 2.957699550919890008e-01
2.514208411801632224e+02 1.042971268530590550e+02 3.005263412043073235e-01
2.514930786936436675e+02 1.045490752812786752e+02 3.215574548907882413e-01
2.515390104141516474e+02 1.050488177442979634e+02 3.260192830814299669e-01
2.515202794276240468e+02 1.056016257021906739e+02 3.263202794276240382e-01
2.515958761890965150e+02 1.059844013070001836e+02 3.192106491541519819e-01
2.515991227646594837e+02 1.065333590870313998e+02 3.310155005070259393e-01
2.516067844898353485e+02 1.069278574532811774e+02 3.333574774252740514e-01
2.515596165918199745e+02 1.071918875851079207e+02 3.322500684082604905e-01
2.515086677290067030e+02 1.072660437490945924e+02 3.181805012313486669e-01
2.515453522623014067e+02 1.074494342234455218e+02 3.223171889838556403e-01
2.515575482479437142e+02 1.075767524586733686e+02 3.155391375730358661e-01
2.515219840005150616e+02 1.077757126531137857e+02 3.120076617251758555e-01
2.515561961787950622e+02 1.081295217860189553e+02 3.111610089011219160e-01
2.515074138458319339e+02 1.080578894844431517e+02 3.039515830476282598e-01
2.513618265810356149e+02 1.062077389862700585e+02 3.038775411656767789e-01
2.512177893669419007e+02 1.035197820593300833e+02 2.712556537415294344e-01
2.511730149532409371e+02 1.022827401934746518e+02 2.713828126257504803e-01
2.512768232813430416e+02 1.021842934633895084e+02 2.997666071112398689e-01
2.514101839779805800e+02 1.030629774494181277e+02 3.383472564263524940e-01
2.514772981151512283e+02 1.040504015967292872e+02 3.191237304231654415e-01
2.515468025174239983e+02 1.047108503549181506e+02 3.401226519870587661e-01
2.514638015677563772e+02 1.051009528868285940e+02 3.300658328906916350e-01
2.514208604954367559e+02 1.050298082959099872e+02 3.181450898965023089e-01
2.514217119770792124e+02 1.049732934151013239e+02 3.352632510824601342e-01
2.513870104785358990e+02 1.047753054227630543e+02 3.131633589260707784e-01
2.514177137154538286e+02 1.049098749336037457e+02 3.167125404413539957e-01
2.514517810291821718e+02 1.053121895472177982e+02 3.163841807909604786e-01
2.515341944726125405e+02 1.060151946818613453e+02 3.313164968532200105e-01
2.515989473175913815e+02 1.069168767202665578e+02 3.328182593719317128e-01
2.515979783347015086e+02 1.078157226326717790e+02 3.618829172501488722e-01
2.515561575482479384e+02 1.083448645516442070e+02 3.322178762856728973e-01
2.515533777584625170e+02 1.085878587409660838e+02 3.392792183752635915e-01
2.516006164791475612e+02 1.089496676163342812e+02 3.311845091506108729e-01
2.516067587361372659e+02 1.092709562670014662e+02 3.313519081880663686e-01
2.515321422247975818e+02 1.092653644953079919e+02 3.125307837172243697e-01
2.515144333381621493e+02 1.092883206979252151e+02 3.182207413845831723e-01
2.515126740386627375e+02 1.094129380140679615e+02 3.144075844640816242e-01
2.515319249279701239e+02 1.097526309012184669e+02 3.185410530043298327e-01
2.515663688895327255e+02 1.099999967807877397e+02 3.352036956556730396e-01
2.514058155069454585e+02 1.080430505255364011e+02 3.074621340158063543e-01
2.513034300706617046e+02 1.052598741288006892e+02 2.756708033544191805e-01
2.512735670481433203e+02 1.036908027105767189e+02 2.671076987461168395e-01
2.513326476411222075e+02 1.034735734865678438e+02 2.716081574838636881e-01
2.515034864068762488e+02 1.041675197579152439e+02 3.132534968693160837e-01
2.516328150401596702e+02 1.052625573422183578e+02 3.648220580423970349e-01
2.516239718640848650e+02 1.059673845510003645e+02 3.573373895407793710e-01
2.515757577220853989e+02 1.064960789994688355e+02 3.417547926022502236e-01
2.515119802984209798e+02 1.063858370756675811e+02 3.285833856455325219e-01
2.514526212435816888e+02 1.061392599031017170e+02 3.384599288554090979e-01
2.513795467349139585e+02 1.058339449836624908e+02 3.131633589260707784e-01
2.514210230656558451e+02 1.055998937659954606e+02 3.061261609284208207e-01
2.513949039869943931e+02 1.057201039805559617e+02 3.153846153846153744e-01
2.514675422924010491e+02 1.061919407021101875e+02 3.190786614515427888e-01
2.515244370402562595e+02 1.067452218842049376e+02 3.148083763902972954e-01
2.515698359811354123e+02 1.072414715019234848e+02 3.180694384084214454e-01
2.515644695543000751e+02 1.077670336568641716e+02 3.234020635150578471e-01
2.515639078017609052e+02 1.078948444315675914e+02 3.057430746696283563e-01
2.514933861284143859e+02 1.081159254430440910e+02 3.165306549487340582e-01
2.515394433982004614e+02 1.084557776812014112e+02 3.203067909282598658e-01
2.515472773512321396e+02 1.088029504080351586e+02 3.389395914819643418e-01
2.515476185877315913e+02 1.090697039934328103e+02 3.258744185297857698e-01
2.515360036699019872e+02 1.093193378080383695e+02 3.226407198158610656e-01
2.515496547394852485e+02 1.096455277093695173e+02 3.207059732483461545e-01
2.514985175527548336e+02 1.096749867207494304e+02 3.128704106105236193e-01
2.513393065816794660e+02 1.080101936356173695e+02 2.999034236322372093e-01
2.512223348946512829e+02 1.050956669402997079e+02 2.687334009367907672e-01
2.511367875480869714e+02 1.032798911906256478e+02 2.825068005858966114e-01
2.511821800505416320e+02 1.028285672895842424e+02 2.860994414666730989e-01
2.512956717691180870e+02 1.030716097670899956e+02 2.977690859046790983e-01
2.514550807217473789e+02 1.039689700130378043e+02 3.229658602539958734e-01
2.515379158819836789e+02 1.043173225811643903e+02 3.260546944162763250e-01
2.515446086242696424e+02 1.047182271798091051e+02 3.466318991742720623e-01
2.514879231252112675e+02 1.048949957345437554e+02 3.387400003219212530e-01
2.514503999871231485e+02 1.047465546380800561e+02 3.302380607465353335e-01
2.514388430151142018e+02 1.045160751364141163e+02 3.272280972845944547e-01
2.514516200685692127e+02 1.043729811515122208e+02 3.228692838862330383e-01
2.514788562138844554e+02 1.045015387834596936e+02 3.338467976886055899e-01
2.515045358700726013e+02 1.048446102338757697e+02 3.466383375987895921e-01
2.515309623835047432e+02 1.053478020828303272e+02 3.480724966600672876e-01
2.515201989473175956e+02 1.059136027813993906e+02 3.575756112479276383e-01
2.515593542260209006e+02 1.065404349155761565e+02 3.516586991163262454e-01
2.515610893814283600e+02 1.070366088818066288e+02 3.447132486680509200e-01
2.515685837075667450e+02 1.074800795145427941e+02 3.419221916397057748e-01
2.515220516039724998e+02 1.077148582741803011e+02 3.368535419382877039e-01
2.515753971703124137e+02 1.078605807458914825e+02 3.362435012152526492e-01
2.515645226713023419e+02 1.080758639560899468e+02 3.468491960017383580e-01
2.515506559144977246e+02 1.084234648381541035e+02 3.392212725546058794e-01
2.515714085663238109e+02 1.088254816746342186e+02 3.445925282083474039e-01
2.515768361581920942e+02 1.090754985754985711e+02 3.342813913435382367e-01
2.515714053471115506e+02 1.094122330065832926e+02 3.350105429201474250e-01
2.515843449707856507e+02 1.100039580214721440e+02 3.357622289825679673e-01
2.516454166465465789e+02 1.106354065060279765e+02 3.427447003718190333e-01
2.515602507766349447e+02 1.107795209812158959e+02 3.295378820802549735e-01
2.514353147584785972e+02 1.098912711059603708e+02 3.080045712814074577e-01
2.512580279105702914e+02 1.071058959872519125e+02 2.703542743090765477e-01
2.511883062114700635e+02 1.042744507219083516e+02 2.752442577301334459e-01
2.511748837059571429e+02 1.029962399600817662e+02 2.693370032353083476e-01
2.512407487887713842e+02 1.031187615690440538e+02 3.104946319635585317e-01
2.515565116615964030e+02 1.037055515315402374e+02 3.636776280844077336e-01
2.515033914401145978e+02 1.043802131118515319e+02 3.412944452492475134e-01
2.515211969031178114e+02 1.047103385001690157e+02 3.468604632446440350e-01
2.516058283837944884e+02 1.051111352552030525e+02 3.629323804465047210e-01
2.515756901186279606e+02 1.051690360068891152e+02 3.499911471662884299e-01
2.515189466737489283e+02 1.050296891850564123e+02 3.467027218439647784e-01
2.514787692951534837e+02 1.046754937466801891e+02 3.466753585397653326e-01
2.514851658699116399e+02 1.045656220322887009e+02 3.444830749915495649e-01
2.514467027218439625e+02 1.044848149757754214e+02 3.437764579007516752e-01
2.514681813060344098e+02 1.049622708323273343e+02 3.473417354773287169e-01
2.515611505464612776e+02 1.055646401725497725e+02 3.599079305293994557e-01
2.515753971703124137e+02 1.060430456967180106e+02 3.290533906353115268e-01
2.516039934328069876e+02 1.065268900799974290e+02 3.402884414183849349e-01
2.516263830540666788e+02 1.070319619489111034e+02 3.379335876511017633e-01
2.516250663962528336e+02 1.071919745038389067e+02 3.473690987815281628e-01
2.515544400985078823e+02 1.073073655576480405e+02 3.288795531733385014e-01
2.515089735541712912e+02 1.074841952774156226e+02 3.268079900848262498e-01
2.515620438778630898e+02 1.083352181821108360e+02 3.305664203969288506e-01
2.514582918859755125e+02 1.077207945015854591e+02 3.154586572665668553e-01
2.514362435012152446e+02 1.078023918747082632e+02 3.153813961723566095e-01
2.515363432967952804e+02 1.085618233618233575e+02 3.255380108487452850e-01
2.514060521190464783e+02 1.079097075345662944e+02 2.942279524200427931e-01
2.512765528675133169e+02 1.052194569188919502e+02 2.873146940943551164e-01
2.512345791684774667e+02 1.029151850242245700e+02 2.618362386723968593e-01
2.512004024015323580e+02 1.019691551177426874e+02 2.675245867336262795e-01
2.512921515605131333e+02 1.020262494567579381e+02 2.954657395335361647e-01
2.514488225731163595e+02 1.030311233441176881e+02 3.270413829735863698e-01
2.515083860479340672e+02 1.034031612664381043e+02 3.466978930255766311e-01
2.515166481561961689e+02 1.037226326717852203e+02 3.410787580279105446e-01
2.515367408695092308e+02 1.041334331289133530e+02 3.299917910087401540e-01
2.514902023274904650e+02 1.041882868961965016e+02 3.389283242390587203e-01
2.514156968789737050e+02 1.036876350057140996e+02 3.227694883062114939e-01
2.513323482543821399e+02 1.033920678609944162e+02 2.917974471646788137e-01
2.513702448210922853e+02 1.034164775379464629e+02 3.230479501665942110e-01
2.514500088528337187e+02 1.036811563410433479e+02 3.291000692130635619e-01
2.514685804883544904e+02 1.040831828351602297e+02 3.391842516136301389e-01
2.514174288151689325e+02 1.043056883480612242e+02 3.083715614789060977e-01
2.514854057012249200e+02 1.046629275516281155e+02 3.345019073832632972e-01
2.514949377887230924e+02 1.051482350668791383e+02 3.125629758398120184e-01
2.515162489738760883e+02 1.056046147407729308e+02 3.368615899689346160e-01
2.515077502535129668e+02 1.058625734382796537e+02 3.463148067667841667e-01
2.515351167769246956e+02 1.060010864841373319e+02 3.280296811370257970e-01
2.514817003879150832e+02 1.062062887311474952e+02 3.285125629758398058e-01
2.514883223075313481e+02 1.063737006454520611e+02 3.253593445683841123e-01
2.514900655109694583e+02 1.065196371947784399e+02 3.179068681893540416e-01
2.514318911262413963e+02 1.057689812802807126e+02 3.263766156421523679e-01
2.512783845992885574e+02 1.031307257714037320e+02 2.816601477618426719e-01
2.511585220596520003e+02 1.002829172501488841e+02 2.947800473224201911e-01
2.511884365895665212e+02 9.940044908011009284e+01 2.995525294960323381e-01
2.512947043958343443e+02 9.942561044312456886e+01 3.154103690826854933e-01
2.513891657411431311e+02 1.001463582661322818e+02 3.389460299064818716e-01
2.514895987251919394e+02 1.006779693209071809e+02 3.451832536578299249e-01
2.515069164775379420e+02 1.013898675294155538e+02 3.536868028393452268e-01
2.515509134514784364e+02 1.016992483139375736e+02 3.585381557132969466e-01
2.515133613404799746e+02 1.018718383311603617e+02 3.554525407632752043e-01
2.514039193909250400e+02 1.016288135593220403e+02 3.292223992788964604e-01
2.513605775266792079e+02 1.013892768039660695e+02 3.345534147794034796e-01
2.513901733545801278e+02 1.013848407294734955e+02 3.334701498543306553e-01
2.514329679527419614e+02 1.018351006808633912e+02 3.383971542163632384e-01
2.514784232298356699e+02 1.023165161684935640e+02 3.543998583546605907e-01
2.514471099521946940e+02 1.029968017126209219e+02 3.396172356624334032e-01
2.514789431326154556e+02 1.035704991388607255e+02 3.495082653274743656e-01
2.515014309398490298e+02 1.039501360117179303e+02 3.313647850371014281e-01
2.515764208798107120e+02 1.043397959019427930e+02 3.630289568142675560e-01
2.515453345566340033e+02 1.047349123569462535e+02 3.479984547781158066e-01
2.515194327748000092e+02 1.047903021230704894e+02 3.446311587554525269e-01
2.515080818323756091e+02 1.048127094499975840e+02 3.337019331369613928e-01
2.514947478551998188e+02 1.050077019653290904e+02 3.464725481674634233e-01
2.514259066106523619e+02 1.051778099699003661e+02 3.382925298179535467e-01
2.514930448919149626e+02 1.054162827756048131e+02 3.534920404976902297e-01
2.515367199446295388e+02 1.056625637806428699e+02 3.574838636985529505e-01
2.515365026478020809e+02 1.059885154602668678e+02 3.510953369710431704e-01
2.514976145637162688e+02 1.058787290550002353e+02 3.207365557648043652e-01
2.512594282679028481e+02 1.033559434706327380e+02 2.792763210842306720e-01
2.512330854539894176e+02 1.000769488306211485e+02 2.863666360841501946e-01
2.511824327587039534e+02 9.874208798107103746e+01 2.981988507412235978e-01
2.512916751170988334e+02 9.857150353308544766e+01 3.288377034139746136e-01
2.513826484459252697e+02 9.905279830025592958e+01 3.613984258052054810e-01
2.514281616688396355e+02 9.961989634136526206e+01 3.785165869911632508e-01
2.514846652824053876e+02 9.988410192026010748e+01 3.712910650763758258e-01
2.514599674859561844e+02 1.002540183817019965e+02 3.506704009528868182e-01
2.513919085099876156e+02 1.002086387560963772e+02 3.412477666714954783e-01
2.513473449546895893e+02 9.979271331305230319e+01 3.420622273729618246e-01
2.513429072705908993e+02 9.947126692098443357e+01 3.196452428090846287e-01
2.513126370177217552e+02 9.926702721843965094e+01 3.193361984322436453e-01
2.513473723179937735e+02 9.935718608656462436e+01 3.261013729940283601e-01
2.514401146039564026e+02 9.977844093550308457e+01 3.523701450255122825e-01
2.514932879424404746e+02 1.003254494825116296e+02 3.659648783942568984e-01
2.515206721715196352e+02 1.007496128897258814e+02 3.556827144397765594e-01
2.515277608769134190e+02 1.013356624334025469e+02 3.764900928742736519e-01
2.515455277093695088e+02 1.019136076102177810e+02 3.743380494792923896e-01
2.515286719139826346e+02 1.024041012764176628e+02 3.710818162795563868e-01
2.515389331530574566e+02 1.028547266083989200e+02 3.696830685531250493e-01
2.515438118692356113e+02 1.031847650779854177e+02 3.853429265858644426e-01
2.515018446086242818e+02 1.033429539491686455e+02 3.647013375826935189e-01
2.514784006953498476e+02 1.035665073156598623e+02 3.402079611119159241e-01
2.515459365493263704e+02 1.038180388558919702e+02 3.572311555362402968e-01
2.515119722503903290e+02 1.042767106089140015e+02 3.626394321309575619e-01
2.515632881034011064e+02 1.048861944082283060e+02 3.712266808312005839e-01
2.514967646916799424e+02 1.054612213691309677e+02 3.511420155487952055e-01
2.515068891142337577e+02 1.057981714874370311e+02 3.447599272458029551e-01
2.514628840922626125e+02 1.060504434464886430e+02 3.604020796111191416e-01
2.513178247782767585e+02 1.039052424871633917e+02 3.209103932267773907e-01
