7.196567055586422157e+01 3.749728814456173565e-01 4.947830515649390470e+00
7.187403762203349800e+01 3.714051379739132797e-01 4.899571394555123582e+00
7.176119136439399426e+01 3.697780247109558882e-01 4.858958382940445020e+00
7.149199275074741422e+01 3.022104928962616177e-01 4.702317644257481000e+00
7.094549170569092666e+01 2.380069846813239187e-01 4.473979416355795102e+00
7.028538640632854140e+01 1.990885520014815946e-01 4.196831759134322937e+00
6.999058920020107166e+01 2.102561049818768568e-01 4.024345847554038791e+00
7.045062438817895156e+01 2.216869063682302965e-01 3.982891499325343254e+00
7.080026192554964837e+01 2.426330132021059793e-01 3.976200492102548001e+00
6.888532952350715277e+01 2.473291531073894822e-01 3.981453554514908788e+00
6.516167023837870431e+01 2.345093525941212287e-01 3.907233378310448035e+00
6.454135910257427611e+01 2.491613090986057044e-01 3.851785856020319088e+00
6.512400058205678022e+01 2.667896923036219836e-01 3.924959652882503924e+00
6.614656189644681206e+01 2.664523639442283875e-01 3.951846707410640924e+00
6.719417678651744552e+01 2.667394237637907839e-01 3.977174114347699518e+00
6.797102283249994059e+01 2.715863692885678859e-01 4.021614149271106164e+00
6.924937428896473079e+01 2.607746646559250814e-01 4.020501627113262977e+00
7.043133449744688335e+01 2.515040876260020708e-01 4.056172447548747506e+00
7.072092494113289263e+01 2.635883800301611068e-01 4.066898166521152547e+00
7.086829377992962975e+01 2.669881207503240761e-01 4.080957483398153229e+00
7.127214593750827021e+01 2.688493795803899578e-01 4.087206656612958788e+00
7.173938143238881082e+01 2.717940577294494231e-01 4.052775352541207354e+00
7.217121596952138418e+01 2.731341111728444182e-01 4.093090721485832084e+00
7.255055824536339060e+01 2.739741249305500670e-01 4.091583988147207585e+00
7.287379686218483243e+01 2.690914622853665672e-01 4.119412916369023847e+00
7.293721459375082361e+01 2.738484535809720399e-01 4.049296240442362915e+00
7.296217556948964500e+01 2.877794533957721557e-01 4.017128343519327238e+00
7.300071169669550386e+01 2.898563378045876382e-01 4.009516628303833485e+00
7.298493663518269159e+01 2.827459851310950567e-01 4.078536656348387801e+00
7.293518930073815909e+01 2.940736037251633905e-01 4.059049660025928041e+00
7.271325766595232665e+01 2.875400164034182526e-01 4.096589676429346127e+00
6.943269571659126882e+01 2.476426700531788316e-01 4.045674259861893773e+00
6.645295526099954486e+01 2.543905600973622172e-01 3.897687647167764613e+00
6.551415059396248353e+01 2.719382490673862840e-01 3.856262401777919013e+00
6.561244146360822072e+01 2.850332036934148383e-01 3.919149667963065742e+00
6.631201153530703607e+01 2.803463237823107801e-01 3.931112257586581116e+00
6.751382384845358331e+01 2.614162499669285822e-01 3.948355689604995167e+00
6.861177871259623373e+01 2.538759689922480689e-01 3.934443209778553996e+00
7.006179987829722222e+01 2.411262798634812299e-01 3.905176336746302823e+00
7.103996481202212010e+01 2.429875386935471115e-01 3.914288171018863949e+00
7.141107495303860730e+01 2.527290525703098090e-01 4.024398761806492253e+00
7.162660396327750334e+01 2.674193719078233888e-01 4.066358441146122438e+00
7.169531576580152432e+01 2.840476757414609477e-01 4.029268195888562332e+00
7.207661983755323831e+01 2.796491785062306668e-01 3.975802312352832324e+00
7.302783421964706179e+01 2.658464957536312290e-01 4.010668836151017658e+00
7.376774611741672061e+01 2.610815673201576925e-01 3.980702172130063055e+00
7.444979495727173457e+01 2.595589597057967324e-01 3.974537661719184101e+00
7.494446649204962796e+01 2.617443183321427891e-01 3.950095245654416942e+00
7.538076170066406689e+01 2.617125697806704232e-01 4.031722094346112506e+00
7.573549223483345827e+01 2.706841812842288864e-01 4.013565891472867797e+00
7.587088525544355377e+01 2.862065772415799958e-01 4.009838082387490843e+00
7.618299997354287711e+01 2.823729396512950629e-01 4.047200836045188765e+00
7.653096012911078105e+01 2.827406937058496439e-01 3.949170569092784966e+00
7.664080218006719747e+01 2.828240336534645349e-01 4.004246368759424968e+00
7.313545387200042569e+01 2.607931846442839152e-01 3.951735587480488032e+00
7.065824271767600351e+01 2.596489139349683617e-01 3.895321057226764250e+00
7.048208191126279587e+01 2.670754292668730545e-01 3.988345635897029062e+00
7.147176098632166941e+01 2.685570283355822041e-01 3.937819139085112496e+00
7.243106595761568656e+01 2.559740191020451472e-01 3.941975553615366223e+00
7.289750377014048865e+01 2.604915734052967169e-01 4.020554541365716439e+00
7.411271926343360406e+01 4.174643490224091980e-01 4.145411011455935935e+00
7.584900521205386781e+01 2.902161547212741555e-01 3.973925179247030037e+00
7.614955552027939234e+01 2.782509193851364082e-01 3.965456253141783627e+00
7.616743127761462517e+01 2.933605841733470943e-01 4.039782257851152636e+00
7.653355954176257114e+01 3.022925099875651278e-01 3.961084213032780355e+00
7.803465883535730541e+01 2.583445776119797643e-01 3.934972352303093057e+00
7.947392121067809967e+01 2.610947958832711691e-01 3.890712225838029337e+00
8.014110246844987273e+01 2.845754954096885725e-01 3.971700134931343662e+00
8.004156943672778368e+01 3.170079635949943353e-01 4.028195359420060129e+00
7.955806413207398009e+01 3.440947694261449197e-01 4.036693388364155588e+00
7.866224038944889685e+01 3.688096938910495615e-01 4.066756620895838559e+00
7.756187660396328454e+01 3.769770087573087736e-01 4.033883641558853483e+00
7.679962695452020682e+01 3.656044130486546528e-01 4.016981506468767726e+00
7.647932772442257487e+01 3.118779268195888688e-01 4.022026880440246366e+00
7.626023361642458553e+01 2.906368230282826426e-01 4.050611159615842283e+00
7.330699394131809754e+01 2.486890493954546644e-01 3.942913458740111565e+00
6.866953726486228504e+01 2.734780538137947525e-01 3.806417175966346544e+00
6.769588723972802313e+01 3.082572690954308303e-01 3.838485858666031536e+00
6.814124401407518405e+01 2.843810355319205119e-01 3.836051803053152298e+00
6.870559303648437321e+01 2.811823689710823415e-01 3.900589993914861164e+00
6.896027727068285174e+01 2.802378495647802614e-01 3.922093023255813993e+00
6.900215096436225792e+01 2.915006481995925380e-01 3.962444109320845786e+00
6.975689472709474614e+01 2.823187025425298313e-01 3.917705108871074593e+00
7.034906077201894448e+01 2.734568881128132123e-01 3.953711934809641004e+00
7.034085509431965022e+01 2.762586977802470867e-01 3.984154827102680319e+00
7.006876868534540392e+01 2.898576606608990192e-01 4.049415297510384093e+00
6.986605947561976393e+01 2.887795327671508483e-01 4.053430166415323832e+00
6.997212609466359368e+01 2.857237346879382134e-01 4.045130565917929744e+00
7.056318226314257913e+01 2.802643066910072145e-01 4.023577268037145771e+00
7.107530624123607765e+01 2.824218853348149372e-01 3.979991798290869465e+00
7.157810011376564319e+01 2.776463740508505751e-01 3.963268248802815030e+00
7.196211471809931481e+01 2.814575230838426423e-01 3.952170807206921044e+00
7.217398999920628455e+01 2.810646347593724337e-01 3.950493425404132619e+00
7.242017488160435335e+01 2.829391221525517919e-01 3.982953673571976605e+00
7.241654628674233152e+01 2.810672804719951401e-01 4.051969733047596556e+00
7.232294891128925940e+01 2.768592745455988324e-01 3.991348519723787458e+00
7.078877688705452442e+01 2.833862475857872321e-01 4.016501309627748206e+00
6.614667433923327167e+01 2.854803291266502785e-01 3.864589782257850992e+00
6.446043336772760313e+01 2.654218588776887100e-01 3.878117310897690295e+00
6.405892398867635507e+01 2.931648014392676527e-01 3.881744582903404961e+00
6.392033230150541101e+01 2.964097679710029909e-01 3.864247162473211983e+00
6.401717861205915483e+01 3.124520464587136614e-01 3.889265021033415426e+00
6.421482392782496618e+01 3.149958991454347990e-01 3.921578432150699900e+00
6.472652856046775582e+01 3.002288541418631218e-01 3.856497870201338607e+00
6.601993809032462934e+01 2.661520755615525147e-01 3.780983940524380138e+00
6.651088313887345294e+01 2.684445855491176536e-01 3.833013202105987283e+00
6.659878164933725486e+01 2.722980659840728013e-01 3.867194486334894155e+00
6.654664523639442564e+01 2.902412889911897831e-01 3.917813583088604723e+00
6.673152763446834967e+01 2.847263010291822272e-01 3.902144350080694046e+00
6.715907347143952677e+01 2.906222716088578406e-01 3.889440960922824431e+00
6.753290869645739747e+01 2.944096092282456056e-01 3.902530624123607517e+00
6.780063232531682615e+01 2.996335688017567334e-01 3.953963277508797169e+00
6.785698468132390815e+01 2.962629309204434236e-01 3.984727623885493397e+00
6.788030134666772142e+01 2.873362965314707473e-01 3.947964124136836173e+00
6.813720797946926666e+01 2.900931290843188348e-01 3.912162340926528703e+00
6.842616609783844694e+01 2.898192978278699150e-01 3.926224303516152148e+00
6.853414556710849581e+01 2.918736936793925318e-01 3.969620604809905640e+00
6.852387491070719250e+01 2.975408101172050679e-01 3.976712437495039332e+00
6.771073762467921142e+01 2.994258803608751962e-01 3.996089636743656914e+00
6.364907400058205411e+01 2.364526285154906482e-01 3.761612032701008079e+00
6.020817922057305793e+01 4.194645077651665277e-01 3.766129587004259704e+00
6.012115776384369070e+01 3.129904489774320564e-01 3.725274492684604422e+00
6.093249596528824696e+01 2.909728285313649132e-01 3.728086885202529288e+00
6.182731169140407701e+01 2.953025372384051606e-01 3.729527475725586516e+00
6.280064158531100560e+01 2.807484721009603779e-01 3.709033785750191825e+00
6.430381247188930161e+01 2.590364314628145204e-01 3.666399449691774670e+00
6.614038680318543584e+01 2.538376061592189648e-01 3.690427811731089580e+00
6.700206894727094209e+01 2.719117919411593309e-01 3.730391300896896745e+00
6.724722993888403266e+01 3.034698521046643727e-01 3.714677090774400003e+00
6.729308146149165282e+01 3.304931608328703363e-01 3.772448871603566456e+00
6.751705029499696309e+01 3.016628303833637781e-01 3.749490700320131431e+00
6.749774452998914853e+01 3.000251342699156165e-01 3.816671958091911954e+00
6.674105352276635017e+01 3.017660131756488839e-01 3.893861946715347688e+00
6.564206947641346801e+01 3.055282165251210214e-01 3.909355239833849360e+00
6.501290446331719863e+01 2.925576103923591686e-01 3.866650792390930569e+00
6.453115458898854229e+01 3.044421514935047868e-01 3.874693758763922968e+00
6.445504669682779308e+01 3.008016509246765890e-01 3.862487763579120159e+00
6.491339524300870778e+01 3.064753816440458078e-01 3.903071672354948785e+00
6.569740058734819854e+01 2.956517713046009077e-01 3.907064052702595269e+00
6.636171653834961148e+01 2.863520914358282377e-01 3.848935100669365283e+00
6.655345530068524340e+01 2.886829642564224807e-01 3.889141995396459883e+00
6.427342513956133985e+01 3.009101251422070522e-01 3.882999973542873740e+00
6.121211207238669516e+01 2.556896049951054573e-01 3.649407360372516340e+00
6.075001719713204551e+01 2.778448024975527231e-01 3.696309230891340558e+00
6.137476387014842771e+01 2.838161758869751639e-01 3.679565838558615631e+00
6.263638913141254250e+01 2.666600523851099247e-01 3.743301055639336461e+00
6.379505384025187453e+01 2.547252427441331069e-01 3.752490938434267065e+00
6.449719422176363537e+01 2.633410058999391401e-01 3.768149588591687138e+00
6.558249861100087230e+01 2.652538561261476024e-01 3.792783818821599429e+00
6.611479879355503897e+01 2.707728126570891902e-01 3.831890097097653047e+00
6.591250892928010785e+01 2.926898960234939340e-01 3.836799216869063667e+00
6.560970976532529164e+01 2.993597375453078135e-01 3.911286610048416712e+00
6.543122470037305050e+01 2.986837579702092960e-01 3.928000899542291702e+00
6.552449929888615543e+01 3.058523163214011964e-01 3.915235336137788735e+00
6.560901923433077343e+01 2.969256819324285201e-01 3.883810884461729618e+00
6.549978040585232009e+01 2.977167500066142947e-01 3.893398947006376343e+00
6.514876709791782616e+01 2.997063258988808543e-01 3.945973225388258232e+00
6.461945657062729254e+01 3.081329206021641842e-01 3.920177527316982768e+00
6.411997116173240840e+01 2.988610207159298482e-01 3.875810249490700521e+00
6.382230335740931793e+01 2.981347726010000754e-01 3.895864751170727835e+00
6.371137127285233959e+01 3.084279175595946998e-01 3.874486070323041709e+00
6.357229674312775813e+01 3.186059740191020673e-01 3.912580363520914428e+00
6.082392914781596716e+01 2.938341667328094875e-01 3.758643543138344256e+00
5.734167923380162790e+01 2.386737042622430471e-01 3.610659576156837858e+00
5.644426938645923997e+01 2.433089927772045524e-01 3.629498372886736934e+00
5.643710082810805062e+01 2.618025240098420525e-01 3.646826467709077590e+00
5.717657882900759603e+01 2.572704182871656253e-01 3.574953038600947153e+00
5.801612958700425793e+01 2.629997089716115122e-01 3.617537106119533163e+00
5.853820012170277920e+01 2.695584305632722222e-01 3.672212080323835171e+00
5.950210069582242056e+01 2.680464057994020877e-01 3.705934333412704618e+00
5.986682673228033735e+01 2.758763923062677037e-01 3.723942376379077768e+00
5.993786411619969812e+01 2.815659973013731054e-01 3.722024234727623782e+00
6.003222610260073822e+01 2.747757758552266116e-01 3.704137894541895015e+00
6.034710955895970841e+01 2.847646638622112758e-01 3.678299865068656249e+00
6.155047093684684256e+01 2.755893324867053074e-01 3.724718893033838629e+00
6.326593644998280297e+01 2.518123131465460074e-01 3.838967378363362215e+00
6.515160991613090857e+01 2.309799719554462005e-01 3.783928618673439548e+00
6.608842633013202317e+01 2.524538984575495637e-01 3.749371643252109809e+00
6.643337566473529421e+01 2.706696298648040844e-01 3.813975976929385947e+00
6.665100537079662502e+01 2.814350345265497211e-01 3.817888985898351795e+00
6.699742704447443487e+01 4.237545307828663455e-01 3.949285657591872223e+00
6.659046352885150100e+01 3.048654655131359803e-01 3.820009524565441517e+00
6.613919094107997410e+01 2.914014339762415196e-01 3.851265973489959471e+00
6.422050691853850424e+01 3.891869725110458367e-01 3.778396433579384706e+00
6.047374791650130987e+01 3.189327195280048932e-01 3.473798185041141018e+00
5.903768420774135706e+01 3.365465513135963427e-01 3.580449506574595819e+00
5.881479747069873554e+01 3.367833425933275393e-01 3.530942931978728438e+00
5.904448898060692841e+01 3.239344392412096263e-01 3.508863137286028167e+00
5.943921475249358366e+01 3.064581845119982995e-01 3.515437733153425004e+00
5.991309363176971914e+01 2.819668227637114333e-01 3.564871550652167986e+00
6.065814218059634300e+01 2.801267296346270919e-01 3.589504458025769118e+00
6.146312273460856801e+01 2.750575442495435952e-01 3.660467761991692548e+00
6.176230653226446776e+01 2.835158875042992910e-01 3.687918353308463626e+00
6.190731407254543939e+01 3.013069820356112927e-01 3.745900468291134100e+00
6.191438738524221463e+01 3.080085721088975381e-01 3.773581236606079692e+00
6.207856179061830204e+01 3.159126385691986005e-01 3.750264571262269531e+00
6.247851945921633643e+01 3.053575680609572074e-01 3.775688546710056492e+00
6.315982220811175551e+01 2.994073603725163624e-01 3.749735428737730469e+00
6.387714633436516465e+01 2.901605947561975984e-01 3.772229277455882546e+00
6.423966055507051465e+01 2.915403338889329676e-01 3.754406434373098289e+00
6.447154668359922880e+01 2.980686297854326927e-01 3.783821467312220577e+00
6.461563219303118899e+01 3.045572399925919882e-01 3.772911871312538246e+00
6.444666772495170903e+01 3.098896737836336346e-01 3.846683599227451733e+00
6.424810302404952722e+01 3.041947773632828200e-01 3.784489509749450864e+00
6.392109162102812547e+01 3.050493425404132708e-01 3.746690213509008771e+00
6.250797682355742779e+01 3.118594068312299794e-01 3.723290208217583608e+00
5.934917718337434422e+01 2.724779744424160599e-01 3.621673677805116842e+00
5.836659390956954496e+01 2.650210334153504377e-01 3.616494695346191612e+00
5.855000132285631054e+01 2.754676297060613122e-01 3.599264491890890927e+00
5.941036854776834275e+01 2.697158504643225596e-01 3.593102627192634291e+00
6.026899753948725902e+01 2.776410826256052178e-01 3.652752863983914189e+00
6.064547318570257062e+01 2.788065190359023116e-01 3.708886948699632313e+00
6.105421726592057752e+01 2.839048072598354122e-01 3.706245204645871372e+00
6.178866312141175143e+01 2.824721538746461369e-01 3.694848797523612838e+00
6.214726433314813647e+01 2.972444903034632269e-01 3.751055639336455361e+00
6.233642484853294974e+01 2.893602666878323793e-01 3.783153424874990289e+00
6.262306135407572327e+01 2.853308463634680048e-01 3.750588671058549650e+00
6.325030954837685471e+01 2.848189009709765074e-01 3.778280022223985846e+00
6.426068603328306494e+01 2.735997565944386922e-01 3.773724105087705283e+00
6.494832261819720998e+01 2.798277641082625444e-01 3.784578141122311390e+00
6.516724343201840952e+01 2.827340794242929056e-01 3.853738391935868091e+00
6.489744159589385220e+01 2.939280895309151487e-01 3.857570706669841698e+00
6.400409291742731455e+01 2.836494959917453818e-01 3.878563113474614354e+00
6.320752440669894412e+01 2.949480117469640561e-01 3.819055745164960047e+00
6.230124613064528916e+01 2.978477127814376790e-01 3.802100695822419940e+00
6.136247585787231884e+01 3.064026245469216869e-01 3.802240918591422769e+00
5.904454454057200508e+01 2.790565388787469847e-01 3.603465883535730274e+00
5.559979760298436702e+01 2.198917903537317697e-01 3.485307034949863603e+00
5.476807550863825469e+01 2.334484218324205662e-01 3.560535227663571334e+00
5.514322168426065218e+01 2.431462814509088022e-01 3.603655051988253089e+00
5.648078683493398700e+01 2.419636479085641723e-01 3.617633674630261531e+00
5.757045003571712272e+01 2.416276424054819294e-01 3.656118210439982086e+00
5.817474005873481957e+01 2.563034103235706795e-01 3.670412995740402806e+00
5.908450538402518504e+01 2.652498875572135151e-01 3.698620260867264697e+00
5.945201074159324861e+01 2.731235283223536481e-01 3.670491044262772284e+00
5.961428817101886324e+01 2.834206418498822488e-01 3.684945895176865882e+00
5.951835859988887734e+01 2.915800195782733972e-01 3.735221049289626283e+00
5.933775961055110315e+01 2.863944228377913737e-01 3.713788131333174647e+00
5.938015715532979044e+01 2.919107336561102550e-01 3.685066275101198663e+00
5.984280895309151305e+01 2.872264994576289032e-01 3.704155091673942302e+00
6.090053443394978672e+01 4.269068973728073479e-01 3.818714448236632641e+00
6.125758128952033132e+01 3.307233378310447947e-01 3.704009577479693949e+00
6.146466386221128886e+01 3.107495303860094982e-01 3.707859089345715287e+00
6.161956107627589319e+01 3.351297722041431948e-01 3.701101939307352318e+00
6.188780723337831091e+01 3.455499113686271162e-01 3.696117416726194982e+00
6.204110775987512483e+01 3.539235918194565955e-01 3.694041855173690880e+00
6.197056644707252104e+01 3.700545016800275144e-01 3.665335873217451024e+00
6.061674603804534911e+01 4.021615472127417767e-01 3.684537132576659602e+00
5.625241950419345471e+01 2.485263380691589141e-01 3.515625578749636215e+00
5.407955393285181600e+01 2.838968701219673485e-01 3.442218959176654103e+00
5.362411963912479962e+01 2.662116040955631591e-01 3.574193719078233578e+00
5.379033653464560416e+01 2.719144376537820373e-01 3.593064264359605353e+00
5.427672963462708822e+01 2.582255205439585311e-01 3.558128952033229986e+00
5.495381511760192694e+01 2.526364526285154732e-01 3.562388549355768763e+00
5.606407915972167189e+01 2.442058893562981114e-01 3.508185834854617990e+00
5.737992300976267757e+01 2.303278037939519018e-01 3.597498478715241976e+00
5.791099161309098520e+01 2.519168187951424942e-01 3.614661216498663787e+00
5.801625261264121747e+01 2.700783130936317833e-01 3.634677355345662164e+00
5.818871471280789365e+01 2.790605074476810166e-01 3.629530121438209189e+00
5.848811545889885366e+01 2.820713284123078646e-01 3.671415720824404261e+00
5.886085139032198299e+01 2.734132338545386953e-01 3.693553721194803963e+00
5.938328306479350260e+01 2.786173505833796082e-01 3.635386406328544595e+00
6.040483768553059463e+01 2.734092652856046635e-01 3.613715374236050604e+00
6.112604439505781073e+01 2.717001349313437619e-01 3.637018811016747399e+00
6.140475699129560638e+01 2.911223112945471869e-01 3.686452628515490826e+00
6.156343228298542414e+01 2.931753842897584228e-01 3.778369976453157530e+00
6.196875677963859630e+01 2.925708389554726452e-01 3.781603037278090884e+00
6.251771701457787600e+01 2.915575310209804760e-01 3.770286001534513431e+00
6.289058787734476397e+01 2.884541101145593478e-01 3.787279413710082920e+00
6.167077016694446456e+01 3.062121332380876582e-01 3.709180622800751337e+00
5.706290843188612882e+01 2.189604995105431662e-01 3.487575733523824439e+00
5.571596290710903077e+01 2.221644574966267216e-01 3.506571950154774076e+00
5.586437812524803803e+01 2.328716564806730671e-01 3.542068153557160759e+00
5.665247903272746299e+01 2.513956134084715521e-01 3.588770272772971559e+00
5.745773341799613831e+01 2.525359155488530738e-01 3.637595576368494843e+00
5.801944731063311878e+01 2.640990025663412233e-01 3.637233113739185786e+00
5.921611106701590188e+01 2.610961187395824945e-01 3.653684154827102848e+00
6.040924015133476388e+01 2.554356165833266967e-01 3.732626928063073724e+00
6.055777178082916379e+01 2.727055057279678119e-01 3.735059660819641802e+00
6.052588168373151234e+01 2.804428922930391477e-01 3.751849353123263953e+00
6.081921316506601016e+01 2.877820991083948621e-01 3.755069185385083497e+00
6.135553218509405582e+01 2.900838690901394457e-01 3.778073656639415745e+00
6.174659629071090450e+01 2.890586554488451254e-01 3.772548085826917585e+00
6.206582003862740748e+01 2.813715374236050448e-01 3.759667433923327362e+00
6.284027039183003893e+01 2.873878879276133280e-01 3.808750694499563494e+00
6.365479006270339113e+01 2.880876789163160923e-01 3.766464269651030428e+00
6.396132232716882271e+01 2.906646030108209766e-01 3.805927719131148024e+00
6.407190517765960180e+01 2.980699526417440737e-01 3.838989866920655025e+00
6.431658464957536125e+01 2.946649204963356916e-01 3.894332883562187320e+00
6.455132814773659788e+01 2.979032727465142916e-01 3.812270815144059188e+00
6.371479482498610736e+01 3.100894250866471080e-01 3.833879672989919829e+00
5.864879090933143146e+01 2.059819562399132220e-01 3.674045559171362996e+00
5.696951874487393042e+01 2.363468000105828637e-01 3.632437759610551264e+00
5.695811969203904823e+01 2.558787734476281051e-01 3.635631134746144077e+00
5.763922930391301236e+01 2.608725560229647744e-01 3.628254887954070362e+00
5.821921184220970247e+01 2.623554779479853050e-01 3.637181522343043039e+00
5.841163981268354632e+01 2.738153821731883486e-01 3.709319522713443007e+00
5.896607005847025107e+01 2.783051564939016398e-01 3.677110617244754742e+00
5.969474429187501840e+01 2.817816228801227618e-01 3.634799058126306104e+00
5.996895123951636464e+01 2.791689816652115352e-01 3.733030399238034924e+00
5.990800460353996471e+01 4.103764849062094822e-01 3.812224515173161965e+00
6.004118448554118004e+01 3.108209646268222381e-01 3.692610524644813097e+00
6.067746514273619596e+01 3.004286054448765952e-01 3.714644019366616590e+00
6.174778553853480645e+01 2.842315527687382382e-01 3.623784956478027564e+00
6.253700029102839153e+01 2.852792549673254241e-01 3.636447337090245036e+00
6.299742969018705452e+01 2.786067677328888381e-01 3.593301055639336550e+00
6.317339603672249382e+01 3.048998597772309971e-01 3.656397333121676141e+00
6.352621107495303932e+01 3.081487948779003672e-01 3.676245469217133799e+00
6.360688017567531460e+01 3.366126941291636698e-01 3.722930391300896869e+00
6.358789189618223503e+01 3.182977484985580752e-01 3.789672460777310459e+00
6.358616821440855205e+01 3.170595549911368605e-01 3.804029420324364530e+00
6.306506997909887247e+01 3.124308807577321212e-01 3.839487260893721832e+00
5.937627060348705044e+01 2.558245363388628735e-01 3.702460512739106147e+00
5.736851734264624270e+01 3.075244066989443747e-01 3.516460301082096507e+00
5.737273196285419630e+01 2.792192502050427350e-01 3.515532978807841769e+00
5.816763367463025958e+01 2.783792364473370862e-01 3.588993835489588946e+00
5.927320819112627959e+01 2.604399820091541917e-01 3.577813053946080402e+00
6.003092044342143652e+01 2.626835463131994564e-01 3.650949810831547460e+00
6.095597931052729024e+01 2.668902293832843831e-01 3.706328544593486374e+00
6.196842738841706932e+01 2.662301240839219929e-01 3.708294309072148742e+00
6.225540254517554217e+01 2.832711590866999751e-01 3.756986004180225880e+00
6.233497499801571706e+01 2.935008069423499233e-01 3.777633145487737210e+00
6.232690292880387517e+01 2.988372093023256015e-01 3.806450247374130402e+00
6.243276715083207762e+01 2.957536312405746326e-01 3.813117443183321242e+00
6.275244860703230643e+01 2.901023890784982795e-01 3.831588485858666182e+00
6.328638516284361515e+01 2.986520094187369301e-01 3.793185967140249026e+00
6.375773474085244885e+01 2.957999312114718005e-01 3.773181734000052856e+00
6.398015715532978476e+01 3.030756409238828386e-01 3.825640923882847932e+00
6.399270841601185111e+01 3.112813186231711549e-01 3.825736169537264697e+00
6.401251025213640844e+01 3.169576950551631356e-01 3.861417572823239830e+00
6.416870254252982875e+01 3.111622615551498661e-01 3.837125962377966548e+00
6.443110167473608385e+01 3.104360134402201488e-01 3.840913299997354091e+00
6.464027436039897623e+01 3.157909357885546608e-01 3.873398682435114093e+00
6.449941397465407533e+01 3.205307299521126252e-01 3.785383760615921744e+00
6.223107521760986316e+01 2.937865439056009942e-01 3.710492896261607942e+00
5.898362568457814348e+01 2.523904013546048875e-01 3.613845014154562385e+00
5.770413524882927447e+01 2.606992618461782540e-01 3.582028997010344717e+00
5.772219223747916317e+01 2.679882001217027687e-01 3.621667063523560159e+00
5.831970129904490108e+01 2.800724925258618603e-01 3.640435748868958044e+00
5.899859644945365744e+01 2.829589649972220067e-01 3.621086329602878351e+00
5.944731063311903085e+01 2.921845649125591748e-01 3.707829986506865794e+00
6.010853771463343520e+01 2.956544170172236141e-01 3.686965896764293316e+00
6.067642802338809815e+01 2.926925417361166404e-01 3.727024631584517245e+00
6.105162843611926604e+01 3.009617165383495774e-01 3.729958726883086051e+00
6.125469613990528472e+01 3.066076672751805732e-01 3.765076593380427106e+00
6.151345212583009214e+01 3.008757308781120354e-01 3.780392623753207726e+00
6.199468344048469248e+01 3.011892478239013848e-01 3.767822843082784257e+00
6.295769902373204019e+01 2.781675794375215172e-01 3.758205677699288483e+00
6.389241209619810746e+01 2.691959679339629985e-01 3.676052332195677064e+00
6.425793052358652346e+01 2.843029870095510336e-01 3.758531100351879761e+00
6.451434769955287152e+01 2.906566658729528574e-01 3.840124877635791023e+00
6.476430139958198140e+01 2.945709976982300304e-01 3.828037939519009392e+00
6.512315130830489807e+01 2.827142365796227463e-01 3.856258433208984648e+00
6.542580628092176198e+01 2.894105352276635790e-01 3.854854882662645199e+00
6.573051168082122331e+01 2.984324152710532418e-01 3.855141942482207540e+00
6.617951953858771219e+01 2.899185120512209890e-01 3.869186707939783698e+00
6.698377384448501459e+01 2.808318120485752689e-01 3.835770034658835481e+00
6.788773183056856908e+01 2.687157710929438670e-01 3.829830409820885073e+00
6.633790644760166799e+01 3.037264862290657841e-01 3.902017355874805027e+00
6.233655845702039500e+01 2.667923380162446900e-01 3.753686800539725255e+00
6.106470487075694109e+01 4.168611265444347458e-01 3.802681429743101305e+00
6.303187951424716573e+01 3.021932957642141093e-01 3.681464137365399569e+00
6.445617377040505858e+01 2.715652035875862902e-01 3.790056089107601167e+00
6.522889911897769366e+01 2.752321612826414965e-01 3.774417281794851586e+00
6.590250813556632181e+01 2.769849458951768595e-01 3.702600735508108976e+00
6.808104876048363963e+01 2.316480143926766544e-01 3.581273646056565507e+00
6.946043998200914871e+01 2.380466703706643483e-01 3.637252956583855834e+00
6.934697859618488280e+01 2.845040611688758325e-01 3.679909781199566243e+00
6.894733047596369602e+01 3.140328597507738850e-01 3.761482392782495854e+00
6.921137788713390648e+01 2.878231076540466171e-01 3.800604545334285600e+00
6.981186734396909799e+01 2.800751382384845112e-01 3.828815779030081856e+00
7.031747757758552098e+01 3.051697224647458850e-01 3.781142683281741856e+00
7.030513135963171578e+01 2.888350927322274053e-01 3.852042490144720333e+00
7.026843929412386558e+01 2.967206392041696339e-01 3.915446993147604360e+00
7.037186813768288118e+01 2.942482207582612364e-01 3.907439743895018136e+00
7.044412254940868934e+01 2.885215757864380559e-01 3.916515861047173086e+00
7.021764954890599597e+01 2.920377278619996075e-01 3.919154959388311266e+00
6.990566843929411789e+01 2.869698653332274918e-01 3.968439294123872418e+00
7.015450432574013462e+01 2.860491573405296584e-01 3.928663650554276909e+00
7.048819483027753563e+01 2.923406619572981868e-01 3.917509326136995096e+00
6.887310500833399374e+01 2.917466994735031793e-01 3.899710294467814808e+00
6.465629944175464061e+01 2.334113818557028430e-01 3.748506495224488866e+00
6.326809932005185289e+01 3.247731301426038941e-01 3.748424478133185023e+00
6.345097891367039722e+01 3.052266052861338230e-01 3.731068603328306477e+00
6.411299309469005436e+01 2.913260311664946922e-01 3.750903510860650325e+00
6.447769664259068634e+01 3.011773421170992338e-01 3.778908378971876036e+00
6.481403285975076756e+01 3.077320951398259119e-01 3.783910098685080658e+00
6.598754001640341471e+01 2.753366669312379278e-01 3.789808714977379367e+00
6.704822472683017054e+01 2.623687065110987815e-01 3.819342804984522388e+00
6.698456094399026028e+01 2.795023414556710994e-01 3.839210783924650094e+00
6.650502949969573763e+01 2.949255231896711349e-01 3.866353149720877180e+00
6.625551498796200178e+01 3.013122734608567055e-01 3.909978305156494027e+00
6.647758287694790624e+01 3.059594676826203341e-01 3.874716247321215778e+00
6.681533058179221030e+01 3.075945180834457893e-01 3.839094372569251679e+00
6.701996190173822754e+01 2.943619864010371123e-01 3.835719766119004337e+00
6.735286266105775610e+01 3.046696827790565387e-01 3.818713125380321038e+00
6.774100193137022075e+01 2.962589623515093917e-01 3.778766833346562048e+00
6.788494324946424285e+01 3.051829510278593616e-01 3.849866391512553943e+00
6.790066539672460522e+01 3.072466068735613676e-01 3.866656083816176093e+00
6.777021192158107965e+01 3.035293806386750171e-01 3.918198534275207034e+00
6.786266634918115415e+01 2.920244992988861310e-01 3.861434769955287560e+00
6.809991004577082663e+01 2.928989073206868521e-01 3.844447972061274754e+00
6.823135301743523939e+01 2.962536709262639789e-01 3.811731089769029079e+00
6.669797867555625714e+01 3.026629097547424152e-01 3.797979998412572389e+00
6.282380612217900762e+01 2.578934836098102923e-01 3.647077810408233312e+00
6.164938884038415523e+01 2.736195994391089070e-01 3.565075270524115769e+00
6.160161256184353107e+01 2.789427732359711087e-01 3.703267455089028104e+00
6.191260814350345498e+01 2.846429610815673361e-01 3.697378098790909284e+00
6.236408974257216187e+01 2.935299097811995828e-01 3.757885546471942284e+00
6.285368944625234633e+01 2.914080482577982578e-01 3.743437309839405369e+00
6.379163557954335317e+01 2.914358282403365363e-01 3.758799640183083213e+00
6.454638066513214767e+01 2.775299626954519927e-01 3.755130036775405244e+00
6.478389290155303115e+01 2.875664735296452057e-01 3.755378733761938648e+00
6.491938910495541393e+01 2.942363150514590853e-01 3.749485408894885907e+00
6.533068762071063418e+01 2.934082070005555876e-01 3.796792073444982485e+00
6.595434822869539460e+01 2.906077201894330386e-01 3.798554118051697071e+00
6.631747757758552098e+01 2.966796306585178788e-01 3.757283646850279268e+00
6.653235706537556382e+01 2.844749583300261730e-01 3.825912109426674146e+00
6.692016429875387473e+01 2.890652697304018637e-01 3.811682144085509538e+00
6.736546551313595899e+01 2.830833134904886528e-01 3.837065110987644356e+00
6.768491150091277575e+01 4.373098394052438165e-01 3.783465618964468202e+00
6.762403762203349800e+01 3.008162023441013910e-01 3.794523374871021648e+00
6.788005926396274958e+01 2.896803979151784669e-01 3.780293409529857040e+00
6.827042622430352026e+01 3.138291398788263797e-01 3.762232452311029984e+00
6.855651109876444593e+01 3.207053469852104710e-01 3.794823663253697354e+00
6.895249358414689311e+01 3.285168135037172532e-01 3.759352594121226687e+00
6.905866074027039758e+01 3.252400984205095491e-01 3.745019445987777029e+00
6.624065137444770812e+01 3.706987327036537216e-01 3.676851337407730735e+00
6.351078789321903884e+01 3.501904913088340621e-01 3.598747255073154072e+00
6.300118131068603589e+01 3.398576606608990081e-01 3.562728523427785454e+00
6.380421197449533111e+01 2.902584861232372915e-01 3.640406646030108107e+00
6.516021377357991184e+01 2.543561658332672004e-01 3.642453104743762715e+00
6.648937349525094476e+01 2.437640553483080563e-01 3.692696510305050861e+00
6.735300685239569418e+01 2.514220705346985052e-01 3.729286715876921399e+00
6.893196153133847304e+01 2.303793951900944548e-01 3.783906130116146738e+00
6.977808159377728714e+01 2.490713548694340751e-01 3.779699447046061866e+00
7.012841495356774146e+01 2.586726459771939712e-01 3.859015265761832847e+00
7.009213826494166710e+01 2.673915919252850548e-01 3.919374553535994732e+00
6.993669735693309519e+01 2.814350345265497211e-01 3.928442733550281840e+00
6.994365293541815731e+01 2.848096409767971182e-01 3.916916686509511525e+00
7.001443500806942666e+01 2.921197449533031731e-01 3.897706167156123502e+00
7.002892689896023626e+01 2.919874593221684078e-01 3.923569330899277841e+00
6.989932137471227236e+01 2.926938645924279658e-01 3.929221895917665464e+00
6.970372251766012539e+01 2.908299600497393778e-01 3.925349895494351316e+00
6.956268354631319539e+01 2.930933671984549127e-01 3.909185914225996594e+00
6.954744159589385788e+01 2.917136280657194880e-01 3.935242214990607668e+00
6.936807815435086866e+01 2.956266370346852801e-01 3.928277376511363439e+00
6.909503928883245294e+01 2.805593036484377301e-01 3.927029923009762502e+00
6.860843585469746131e+01 2.964216736778051420e-01 3.928736407651400864e+00
6.483218377119877118e+01 2.510900336005503219e-01 3.761391115697013010e+00
6.251662698097732829e+01 2.490382834616503838e-01 3.741073365611027324e+00
6.172028071010926453e+01 3.217437891896182123e-01 3.668141651453819208e+00
6.155927719131148024e+01 2.969931476043072283e-01 3.697736592851284421e+00
6.186203799243326529e+01 3.010609307617006514e-01 3.704050586025346092e+00
6.226994338174987575e+01 2.958105140619625706e-01 3.700470936846839809e+00
6.272834087361430733e+01 2.939122152551789657e-01 3.730158478186099469e+00
6.380913829139878857e+01 2.732584596661110643e-01 3.722061274704341560e+00
6.427835939360267048e+01 2.838876101277879038e-01 3.752758155409159357e+00
6.447404820488398514e+01 2.968013334391618185e-01 3.783395507579966566e+00
6.465608381617589373e+01 2.973952959229568260e-01 3.771025478212556514e+00
6.478403841574727551e+01 3.007143424081276106e-01 3.821766277746911022e+00
6.509790062703389424e+01 2.918869222425060084e-01 3.827836865359684815e+00
6.543024181813370888e+01 2.962311823689710577e-01 3.779454718628462384e+00
6.594127047120142038e+01 2.926422731962854407e-01 3.749621663094954815e+00
6.639307617006640783e+01 2.897729978569728027e-01 3.732706299441754805e+00
6.650418948593804203e+01 2.965592507341852646e-01 3.749760563007646041e+00
6.642210228324999832e+01 3.050162711326295795e-01 3.844002169484350695e+00
6.635569357356403941e+01 3.039460803767494723e-01 3.868276582797576690e+00
6.652261555149880223e+01 3.064568616556869740e-01 3.827180728629256290e+00
6.664537661719184314e+01 3.103711934809640915e-01 3.825421329735164022e+00
6.685073683096541686e+01 3.065613673042834053e-01 3.801426039103632526e+00
6.551349710294468309e+01 2.899476148900706485e-01 3.822130063232531683e+00
6.233406222716088507e+01 2.512937534724978272e-01 3.643129084318861288e+00
6.135026060269333215e+01 2.691232108368388776e-01 3.649626954520199806e+00
6.122702198587189315e+01 2.961253538640633010e-01 3.698949652088789897e+00
6.149495065745959010e+01 2.984138952826944080e-01 3.696147842421356078e+00
6.196209222954203000e+01 2.943593406884144059e-01 3.714585813688917160e+00
6.217604836362674092e+01 3.011773421170992338e-01 3.734809640976797240e+00
6.295600841336614195e+01 2.854181548800169277e-01 3.747724687144482481e+00
6.445196708733497815e+01 2.543310315633515728e-01 3.788373415879567219e+00
6.622571235812365842e+01 4.334748789586475026e-01 3.899312114718099131e+00
6.716256448924518452e+01 3.184207741355133958e-01 3.735394343466412526e+00
6.741331454877371243e+01 3.103817763314548617e-01 3.775315501230256388e+00
6.748131333174590907e+01 3.156295473185702360e-01 3.830384686615339707e+00
6.759058523163214716e+01 3.071884011958621041e-01 3.829613461385824369e+00
6.763558218906261743e+01 3.437984496124030787e-01 3.828330290763817256e+00
6.756342170013493842e+01 3.399171891949096524e-01 3.812327697965447015e+00
6.702135619229039776e+01 3.606701590073286279e-01 3.839491229462655753e+00
6.599521787443447352e+01 3.935603354763605455e-01 3.794803820409027306e+00
6.488168240865677205e+01 4.060388390613011711e-01 3.763591025742783813e+00
6.444809111834273097e+01 3.518969759504722572e-01 3.760010053707966371e+00
6.439659496785459680e+01 3.216697092361827659e-01 3.772844405640659371e+00
6.460203058443791235e+01 3.151969733047596534e-01 3.776551049025055118e+00
6.518481228668942151e+01 3.072108897531550253e-01 3.740724131544831632e+00
6.642220943461121863e+01 2.666547609598645119e-01 3.726995528745667752e+00
6.595704685557055313e+01 2.945590919914278794e-01 3.799798925840675246e+00
6.253728602799164094e+01 2.925708389554726452e-01 3.692819535942005960e+00
6.125193533878350394e+01 2.762401777918882528e-01 3.692959758711008789e+00
6.156276291769187736e+01 2.992499404714659694e-01 3.681771040029631958e+00
6.274020160330184837e+01 2.783884964415165308e-01 3.672885414186310982e+00
6.426938645924279569e+01 2.614122813979945503e-01 3.713080403206603819e+00
6.482571103526734646e+01 2.653147075164695723e-01 3.787390533640235812e+00
6.547297272270286328e+01 2.731936397068550626e-01 3.744994311717861013e+00
6.622568193242850043e+01 2.703283329364764564e-01 3.747808027092097038e+00
6.625359287774162453e+01 2.962470566447072406e-01 3.821905177659602693e+00
6.592933037013519026e+01 3.016337275445141186e-01 3.848189009709765518e+00
6.565511416249967169e+01 3.038839061301161215e-01 3.836143080138635142e+00
6.593062809217663300e+01 3.127748233986824555e-01 3.822657882900759141e+00
6.674104690848480459e+01 2.933500013228563241e-01 3.773210836838902349e+00
6.758089795486414175e+01 3.113117443183321398e-01 3.795130565917930188e+00
6.789214487922322405e+01 2.942429293330158235e-01 3.847228616027726922e+00
6.809881868931397264e+01 3.010913564568616363e-01 3.842352567664100160e+00
6.823826758737466491e+01 2.970447390004497534e-01 3.883013202105987105e+00
6.828068497499801026e+01 3.001097970738418330e-01 3.844385797814641403e+00
6.809627351377093873e+01 2.984429981215440120e-01 3.841902796518242180e+00
6.805038891975553383e+01 2.994139746540731006e-01 3.827446622747836980e+00
6.825368680053972525e+01 2.895216551578167485e-01 3.796651850675979656e+00
6.815914358282402929e+01 2.975368415482710360e-01 3.822403894488980658e+00
6.536186205254385584e+01 3.009273222742545606e-01 3.839541498002486897e+00
6.360345397782892718e+01 2.875188507024367124e-01 3.749892848638781029e+00
6.365328729793370144e+01 2.861999629600232575e-01 3.723607693732306601e+00
6.495275021827129081e+01 2.678982458925311394e-01 3.692430616186469727e+00
6.594237770193402071e+01 2.642974310130433713e-01 3.759289097018281733e+00
6.637854194777362693e+01 2.662499669285922077e-01 3.769871947509061627e+00
6.661304204037357124e+01 2.749861100087308552e-01 3.777658279757652782e+00
6.746698547503770271e+01 2.768209117125697838e-01 3.772769002830912655e+00
6.774788739847078034e+01 2.789189618223668621e-01 3.803262163663782669e+00
6.757275180569887141e+01 2.892610524644813053e-01 3.845933539698918047e+00
6.748093234912823846e+01 2.939743895018123165e-01 3.794299812154403817e+00
6.773924517818873881e+01 2.808423948990660390e-01 3.833963012937534831e+00
6.853803741037648933e+01 2.766502632484059698e-01 3.808738788792761287e+00
6.909141730825197669e+01 2.757996666402095509e-01 3.820364050056882732e+00
6.927583670661692850e+01 2.818530571209355018e-01 3.864747202158901551e+00
6.949321639283540719e+01 2.846535439320581062e-01 3.831654628674233454e+00
6.978380294732386346e+01 2.864486599465566052e-01 3.858224197687647017e+00
7.001633198401989944e+01 2.868468396962721711e-01 3.848273672513691679e+00
7.019450882345159926e+01 3.177434717041034973e-01 3.883343916183823907e+00
7.032773368256739843e+01 3.114268328174193967e-01 3.895092203084900895e+00
7.089767441860465169e+01 2.945643834166732922e-01 3.877736328280022349e+00
7.156999894171495669e+01 2.830595020768844061e-01 3.862911077598751408e+00
7.194128634547715251e+01 4.225242744133132500e-01 3.926864565970844101e+00
6.918284784506707297e+01 2.734185252797841081e-01 3.761910998227372627e+00
6.652606820647140751e+01 2.581329206021641953e-01 3.821049289626160750e+00
6.604130221975289317e+01 3.045506257110352499e-01 3.806311347461438732e+00
6.668178294573642972e+01 2.903219832261819677e-01 3.723274333941847036e+00
6.761513215334549898e+01 2.768566288329761815e-01 3.689032198322618417e+00
6.796964441622351671e+01 2.920747678387173862e-01 3.669981744582903271e+00
6.835044183400799511e+01 2.784414106939704370e-01 3.639366880969389317e+00
6.925205439585151623e+01 2.719382490673862840e-01 3.669026642326110643e+00
7.030600179908458358e+01 2.653901103262163441e-01 3.596928327645051215e+00
7.036612429557901294e+01 2.643754795354128495e-01 3.727701934015926977e+00
7.018258591951742176e+01 2.735732994682117392e-01 3.797683678598830603e+00
7.026159086700002376e+01 2.860306373521708245e-01 3.843072201497473195e+00
7.059887028071011628e+01 2.767547688970024011e-01 3.857546895256237285e+00
7.093414688996480777e+01 2.857594518083445556e-01 3.838552001481599252e+00
7.127645580337063791e+01 2.885665529010238983e-01 3.831511760192607863e+00
7.195545016800275562e+01 2.768658888271555707e-01 3.794117257983437685e+00
7.270580601635050755e+01 2.638026827525994378e-01 3.782005185596740482e+00
7.289406698944360130e+01 2.778818424742704463e-01 3.813669074265153114e+00
7.288419848136095425e+01 2.820170913035426330e-01 3.874132867687911652e+00
7.266848030266952208e+01 2.823636796571156182e-01 3.885571606212133045e+00
7.259850252665555104e+01 2.920509564251130841e-01 3.918013334391618585e+00
7.280097494510145850e+01 2.919385136386485891e-01 3.842633013202105818e+00
7.262006243881789658e+01 2.897809349948408664e-01 3.898645395137180003e+00
6.938009894965209412e+01 2.723007116966955077e-01 3.922943619864010412e+00
6.763502262084291772e+01 3.282376908220229206e-01 3.718054342937270107e+00
6.759665846495754238e+01 3.025412069740984755e-01 3.755578485064952066e+00
6.802046194142391755e+01 2.929227187342910987e-01 3.815109664788210786e+00
6.853092044342143652e+01 2.889395983808238921e-01 3.847257718866576859e+00
6.881169404979230819e+01 2.891300896896579209e-01 3.842396221922374622e+00
6.939594809111834195e+01 2.803410323570653673e-01 3.841361748286900912e+00
7.092604042648886775e+01 2.553390480725983291e-01 3.762826414794825158e+00
7.128913405825859684e+01 2.739132735402280416e-01 3.839156546815885029e+00
7.131539804746408606e+01 2.815951001402227649e-01 3.876383046273513600e+00
7.150288118104612067e+01 2.824086567717014606e-01 3.881784268592745502e+00
7.191646426965102989e+01 2.755470010847421714e-01 3.908396169008122367e+00
7.237448342461041761e+01 2.811215175807603717e-01 3.897048707569383819e+00
7.269087493716432391e+01 2.901791147445564323e-01 3.857553509537793968e+00
7.301947112204672408e+01 2.802061010133079511e-01 3.903092838055930436e+00
7.335498319972484182e+01 2.872926422731962859e-01 3.863837077016694543e+00
7.365481519697330270e+01 2.907056115564727317e-01 3.883207661983755443e+00
7.392957377569648258e+01 2.826758737465936422e-01 3.838108844617297510e+00
7.445639336455273849e+01 2.761449321374712107e-01 3.869061036590205394e+00
7.522607217504034338e+01 2.667248723443659819e-01 3.914505119453925097e+00
7.587435775326083842e+01 2.719699976188586499e-01 3.875864486599465586e+00
7.594601952535916212e+01 2.897716750006614217e-01 3.857352435378469391e+00
7.245005820567770627e+01 3.482921925020504017e-01 3.764970764875519293e+00
7.079702225044316322e+01 3.152856046776199017e-01 3.702490938434267242e+00
7.077755641982167845e+01 2.821030769637801749e-01 3.766105775590655291e+00
7.122663835754160289e+01 2.822208111754901383e-01 3.795949413974653908e+00
7.173412440140751301e+01 2.781649337248988108e-01 3.841783739450221002e+00
7.195204910442627977e+01 2.894965208879011764e-01 3.875033732835939215e+00
7.242315395401750777e+01 2.893258724237373070e-01 3.839533560864619055e+00
7.355230706140699226e+01 2.637338942244093487e-01 3.806661904383946027e+00
7.382060216419291976e+01 2.685662883297616488e-01 3.790267746117416792e+00
7.353823451596687732e+01 2.703098129481175671e-01 3.842791755959467537e+00
7.308821202740958256e+01 2.798912612112072207e-01 3.969442019207873429e+00
7.295766595232426255e+01 2.813979945498319979e-01 3.953078286636505734e+00
7.297492658147471900e+01 2.919147022250443424e-01 3.891396142550996196e+00
7.311049289626160430e+01 2.884236844193983629e-01 3.894420192078736243e+00
7.361544434743498755e+01 4.294494272032171600e-01 3.985291160674127475e+00
7.447594253512183116e+01 3.068590099743365718e-01 3.908779797338413076e+00
7.488080800063497122e+01 2.822790168531894017e-01 3.934930020901129755e+00
7.498453580972034160e+01 2.929624044236315283e-01 3.912711326295737813e+00
7.484119771410429678e+01 2.907863057914649163e-01 3.934672063920416907e+00
7.485503743683361222e+01 3.050969653676217641e-01 3.930255046696827570e+00
7.483770008201709345e+01 3.165277667539752038e-01 3.864005079768235706e+00
7.459476545757600263e+01 3.175794375214964216e-01 3.890228060428076340e+00
7.279955155171045078e+01 3.508664708839325796e-01 3.804286054448765775e+00
6.880188242453104408e+01 2.884726301029182371e-01 3.724919967193163650e+00
6.785762626663492370e+01 3.188387967298991765e-01 3.730817260629150312e+00
6.850957483398153158e+01 3.032912665026324950e-01 3.677085482974839170e+00
6.938760086779373637e+01 2.616331984019895640e-01 3.712462629309204232e+00
7.013833373019022588e+01 2.601687964653279228e-01 3.749222160488927535e+00
7.082793078815778642e+01 2.683056856364261500e-01 3.783018493531232540e+00
7.189202449929888417e+01 2.581620234410138548e-01 3.778541947773632614e+00
7.318032780379395774e+01 2.433341270471201523e-01 3.780292086673545437e+00
7.351538085033203629e+01 2.481585840146043331e-01 3.830331772362885800e+00
7.336696298648040226e+01 2.724898801492182110e-01 3.862823769082202485e+00
7.338439690980766272e+01 2.803489694949334865e-01 3.891349842580098972e+00
7.362079662407069236e+01 2.836561102733021200e-01 3.881374183136227618e+00
7.381302087467258843e+01 2.811453289943646183e-01 3.845749662671640756e+00
7.415045770828372440e+01 2.863018228959970379e-01 3.832018414159854114e+00
7.460335608646188632e+01 2.855716062121332333e-01 3.829473238616821540e+00
7.527975897558006579e+01 2.714778950710373673e-01 3.845437468582162399e+00
7.570792258644866024e+01 2.817511971849617769e-01 3.898509140937111539e+00
7.574200730216684008e+01 2.819456570627298375e-01 3.930412466597878129e+00
7.586616927269359678e+01 2.850834722332460380e-01 3.909392279810567139e+00
7.600787628647776728e+01 2.852924835304389006e-01 3.894589517686589009e+00
7.596518374474165114e+01 2.881114903299203389e-01 3.891744053760880284e+00
7.372676535174748835e+01 2.774558827420165463e-01 3.851635050400825655e+00
6.958340873614308464e+01 2.934042384316215557e-01 3.627241580019578304e+00
6.887518586131174914e+01 3.080429663729925549e-01 3.748316003915654893e+00
6.947840833928619020e+01 2.850649522448871487e-01 3.771596952139058434e+00
7.080953514829219841e+01 2.584226261343492981e-01 3.754243723046802650e+00
7.168196153133847304e+01 2.545334285789877526e-01 3.837972590417229046e+00
7.211582136148371092e+01 2.668611265444347236e-01 3.852867952483001179e+00
7.369879752361298131e+01 2.387067756700267107e-01 3.779687541339259660e+00
7.479004021483186193e+01 2.430378072333783113e-01 3.775334021218615277e+00
7.480031219408947152e+01 2.541087917030452337e-01 3.844039209461068474e+00
7.467754715982749758e+01 2.745548588512315979e-01 3.915247241844590942e+00
7.473707569383813620e+01 2.855716062121332333e-01 3.896467973648702454e+00
7.508623832579304747e+01 2.852104664391353905e-01 3.902190650051591270e+00
7.557352170807206448e+01 2.831468105934333290e-01 3.876836785988305945e+00
7.604391750668042960e+01 2.713389951583459192e-01 3.873333862475857980e+00
7.641570098155938240e+01 2.804402465804164413e-01 3.915149350477550971e+00
7.715946900547662324e+01 2.807405349630923141e-01 3.885721088975315318e+00
7.792085218403576619e+01 2.838148530306637829e-01 3.862067095272111672e+00
7.853528190067994785e+01 3.098936423525676664e-01 3.774703018758102324e+00
7.883534407492658147e+01 2.993716432521099646e-01 3.852912929597587244e+00
7.913393126438606373e+01 2.984403524089213611e-01 3.925614466756620846e+00
7.786073365611026986e+01 3.018228959970368219e-01 3.949489377463820006e+00
7.314803423552133665e+01 2.537860147630764396e-01 3.730064555387993863e+00
7.196063179617429739e+01 2.759174008519194587e-01 3.729405772944942576e+00
7.209572188268910509e+01 2.718337434187898527e-01 3.771081038177633182e+00
7.306503690769108061e+01 2.557954335000132140e-01 3.731867608540360148e+00
7.442132444373892497e+01 2.336230388655184398e-01 3.773278302510781224e+00
7.518315342487498754e+01 2.466161335555731859e-01 3.756294150329391179e+00
7.623382940445009126e+01 2.503651083419318746e-01 3.813584411461226953e+00
7.709420721221260919e+01 2.830661163584411444e-01 3.729453395772151403e+00
7.822203349472179923e+01 4.487432865042199071e-01 4.005354922348334235e+00
7.848206735984337001e+01 3.204420985792523213e-01 3.849300209011297103e+00
7.842583406090430742e+01 2.929954758314151642e-01 3.868645659708442430e+00
7.875847818609942408e+01 3.184459084054290234e-01 3.851682673228034037e+00
7.968235441966294275e+01 3.188096938910495726e-01 3.798067306929121312e+00
8.107780379395190096e+01 2.745813159774585510e-01 3.763416408709685967e+00
8.182492129004947401e+01 2.693401592718998594e-01 3.759195174220176128e+00
8.202704712014181609e+01 3.099531708865783108e-01 3.778114665185067444e+00
8.200348704923671050e+01 3.341111728444056683e-01 3.831440325951795067e+00
8.208527396354207895e+01 3.419583564833187928e-01 3.877238934306955542e+00
8.242936079583036246e+01 3.395851522607614137e-01 3.902255470010847382e+00
8.268620657724157752e+01 3.529975924015133493e-01 3.888185570283355652e+00
8.260477947985289404e+01 3.361695372648623170e-01 3.940687091568114031e+00
8.001707013784162825e+01 3.999814800116411329e-01 3.895078974521787529e+00
7.698208058840648960e+01 3.046802656295473088e-01 3.737914384739529527e+00
7.641962192766621342e+01 2.671495092203085009e-01 3.789280895309151465e+00
7.682527052411566615e+01 2.742876418763394164e-01 3.799935180040744154e+00
7.792302828266794279e+01 2.724078630579146454e-01 3.764794824986109845e+00
7.932453898457549712e+01 2.677421488477921274e-01 3.780526232240653872e+00
8.076647088393258400e+01 2.792060216419292584e-01 3.799953700029103043e+00
8.286304204037357124e+01 2.801545096171653704e-01 3.820315104373362747e+00
8.378200650845305120e+01 2.740521734529195452e-01 3.874464904622060057e+00
8.433491414662539398e+01 2.993742889647326710e-01 3.898564700902188207e+00
8.476192422679048377e+01 3.155567902214461706e-01 3.994826308966320294e+00
8.544329047278884559e+01 3.401976347329153105e-01 3.979448104346905879e+00
8.641759663465354890e+01 3.107931846442839596e-01 3.944315686430139856e+00
8.730489589120830374e+01 3.210373839193586543e-01 3.970578352779321030e+00
8.781371272852342713e+01 3.298198269703944696e-01 3.996515596475910925e+00
8.816353811149032538e+01 3.655012302563695470e-01 4.007228086885202600e+00
8.822515411276026498e+01 3.469084848003810007e-01 4.030151863904542608e+00
8.831547741884276093e+01 3.514749847871524446e-01 4.094991666005238784e+00
8.872406275630341099e+01 3.516866417969680136e-01 4.070829695478477284e+00
8.942395031351694001e+01 3.708654125988835037e-01 3.985826917480223219e+00
9.041244410932084463e+01 3.328650421991163344e-01 3.987850887636585018e+00
9.100689075852581311e+01 3.287086276688626074e-01 4.011678175516575351e+00
8.810936053125909950e+01 4.253644469137762285e-01 3.988841707013784266e+00
8.524666904780802668e+01 3.580191549593882971e-01 3.912645183480170541e+00
8.479593618541153432e+01 3.342130327803793932e-01 3.989639389369526778e+00
8.520426356589146621e+01 3.319760827578908113e-01 3.968378442733550227e+00
8.610228854141863053e+01 3.241844590840542994e-01 4.025779823795539336e+00
8.714838346958752879e+01 3.086408974257215942e-01 4.046163716697092738e+00
8.788478582956319940e+01 3.527316982829324932e-01 3.989708177897716812e+00
8.922140910654285051e+01 3.147128078948064900e-01 3.965887504299283162e+00
8.954126914834510842e+01 3.645514194248220541e-01 3.971443500806942417e+00
8.948487446093605513e+01 3.416779109453131347e-01 4.083769875916077652e+00
8.931336084874460823e+01 3.365491970262189936e-01 4.113448157261157867e+00
8.904493742889647478e+01 3.491851205122099566e-01 4.165797550070111654e+00
8.873203693414821203e+01 3.494179432230071214e-01 4.160979707384184323e+00
8.852294361986400872e+01 3.913723311373918379e-01 4.069649707648754777e+00
8.856382384845358047e+01 3.689433023784956522e-01 4.090070640527025958e+00
8.852625208349869013e+01 3.929531444294520615e-01 4.107152684075455973e+00
8.852835410217741696e+01 3.636664285525306184e-01 4.044433420641849963e+00
8.857344895097494941e+01 3.552940709580125200e-01 4.095084265947033231e+00
8.856891155382702152e+01 3.582863719342804787e-01 4.169083525147498470e+00
8.844524036299176828e+01 3.886379871418366716e-01 4.079442812921660888e+00
8.597952218430033611e+01 3.427097388681641377e-01 4.063027488954150002e+00
8.123513770934201261e+01 2.962219223747916685e-01 3.706562690160594808e+00
8.070787364076514336e+01 3.219501547741884240e-01 3.678885890414583137e+00
8.162102547821255882e+01 2.874355107548218213e-01 3.748579252321612820e+00
8.307351906235945194e+01 2.792152816361087031e-01 3.834515966875677861e+00
8.522610392359182185e+01 4.928962616080641568e-01 4.135300420668307275e+00
8.579532899436463822e+01 3.483384924729475696e-01 3.934633701087387969e+00
8.711901209090667919e+01 3.255245125274492946e-01 3.980948223403973696e+00
8.751377887133899947e+01 3.562676932031642596e-01 3.998052755509696521e+00
8.723539831203534334e+01 3.834841389528269584e-01 4.082142762653120371e+00
8.696750006614281858e+01 3.964216736778051198e-01 4.126734926052332497e+00
8.722206788898590446e+01 3.918234251395613654e-01 4.124300870439452815e+00
8.785793316929914454e+01 3.718072862925628774e-01 4.024524433156070558e+00
8.843703865386142127e+01 3.723509802365266852e-01 3.955210731010397662e+00
8.885808529777494869e+01 3.762044606714818884e-01 3.970000264571262427e+00
8.936235415509167979e+01 3.821626054977908526e-01 3.942745455988570402e+00
8.991863243114532622e+01 3.685371854909119671e-01 3.999792311559118296e+00
9.012914384739529794e+01 3.875056221393232136e-01 3.994728417599280323e+00
9.021411223112944811e+01 3.912281397994549770e-01 3.965059396248379553e+00
9.040182289599704291e+01 3.703362700743444980e-01 4.050244728417599305e+00
9.029507103738392004e+01 3.899476148900706263e-01 4.057905389316612599e+00
8.736000873085166063e+01 3.521046643913537944e-01 4.024495330317220620e+00
8.502264862290658698e+01 3.933420641849882382e-01 3.945664999867714240e+00
8.471416117681297919e+01 3.578246950816202365e-01 3.942511310421461967e+00
8.563742360504801354e+01 3.386406328544593336e-01 4.025927983702410451e+00
8.706715480064555379e+01 3.221671032092494058e-01 3.934406169801836217e+00
8.724598380823874777e+01 3.244080218006720195e-01 3.952956583855861794e+00
8.694871815223430644e+01 3.362105458105140721e-01 4.042429293330158657e+00
8.738548032912665064e+01 3.333227504828425447e-01 4.029227187342910632e+00
8.753806386750271429e+01 3.412003598169167096e-01 4.018464428393787813e+00
8.748449480117469079e+01 3.420496335688017475e-01 4.055299362383258277e+00
8.724665052781966779e+01 3.829549964282879526e-01 4.044559091991428268e+00
8.735308357806175650e+01 3.653649760563007498e-01 4.070737095536682837e+00
8.759871418366536489e+01 3.764452205201471169e-01 4.073955604942191222e+00
8.816108553588908592e+01 3.593843426726988644e-01 4.069833584676032068e+00
8.863460195253591678e+01 3.649575363124057392e-01 3.969221102203878804e+00
8.866969997618858201e+01 3.594742969018704937e-01 4.031534248749900406e+00
8.889057068021271846e+01 3.553244966531735050e-01 4.055902584861232008e+00
8.909483689181681143e+01 3.616252612641214781e-01 4.003031986665608777e+00
8.936756091753314024e+01 3.555229250998756529e-01 4.037993756118210875e+00
8.993822128740376343e+01 3.829801306982035802e-01 3.964378125248035456e+00
8.998513638648570634e+01 3.671667063523559871e-01 3.994695346191496466e+00
8.860472921131307089e+01 3.735984337381273446e-01 4.069993650289705833e+00
8.462184697198190975e+01 3.713892636981770967e-01 3.877428102759478357e+00
8.369466888906526947e+01 3.570270127258777237e-01 3.785686694711220657e+00
8.400345662354155252e+01 3.337394502209170000e-01 3.832367648226049806e+00
8.488605312590946994e+01 3.208773183056856104e-01 3.914120168267322786e+00
8.628122734608567157e+01 3.039963489165806720e-01 3.946498399343863372e+00
8.750538667089981004e+01 3.155171045321057410e-01 3.895071037383919244e+00
8.866911395084265735e+01 3.150302934095298713e-01 3.977672831177077484e+00
9.000572664497182984e+01 3.039275603883906385e-01 3.929444135777971692e+00
9.010323438368124016e+01 3.546551313596317256e-01 3.931903325660766946e+00
8.994563986559779778e+01 3.472630102918221051e-01 4.008241394819695103e+00
8.989846151810989738e+01 3.389091726856628961e-01 4.066768526602640321e+00
8.995465645421595013e+01 3.538720004233140148e-01 4.109496785459163526e+00
9.073218906262401617e+01 3.646704764928433429e-01 3.976557663306611534e+00
9.219141201682673170e+01 3.055044051115167747e-01 3.958621054581051624e+00
9.353291531073894305e+01 2.988477921528163717e-01 3.960453210572267846e+00
9.437345424240018588e+01 3.247241844590840754e-01 3.920790009789136832e+00
9.457651004047940546e+01 3.144323623568008319e-01 3.984056935735640348e+00
9.453971479217926799e+01 3.150104505648596565e-01 3.996548667883694339e+00
9.482254279440167011e+01 3.459520596872767695e-01 4.013376723020345871e+00
9.513767759345979869e+01 3.279003624626293245e-01 3.984928698044818418e+00
9.519841521813900442e+01 3.548138741169933885e-01 4.028138476598671858e+00
9.358077360637088304e+01 3.461637166970923385e-01 4.054016191761251164e+00
8.844968251448527496e+01 4.920787364076513737e-01 4.168785882477445526e+00
8.839442548350397999e+01 3.693057650078048759e-01 3.986321665740667264e+00
8.919932931185014979e+01 3.413180940286266174e-01 4.054239754477868551e+00
9.020612879329047473e+01 3.322313940259808973e-01 3.981654628674233365e+00
9.075525041669973803e+01 3.321626054977908082e-01 3.968750165357038728e+00
9.135306505807339761e+01 3.363256343096012735e-01 3.932293568272614337e+00
9.228924120961981714e+01 3.053496309230891437e-01 3.917138926369817753e+00
9.286973701616530263e+01 3.064171759663465444e-01 3.957091832685133870e+00
9.252615816070058941e+01 3.484416752652326754e-01 4.017227557742677924e+00
9.187748895414979700e+01 3.953117972325845830e-01 4.082009154165674225e+00
9.204303913008969573e+01 3.954890599783051353e-01 4.020387861470487323e+00
9.248266529089610799e+01 3.798925840675185794e-01 3.979182210228325189e+00
9.274851310950604955e+01 3.740574648781649358e-01 4.010682064714131023e+00
9.255739741249306007e+01 3.974191073365611060e-01 3.998357012461306592e+00
9.262971399846549048e+01 4.013876762706035106e-01 4.014031536894462349e+00
9.287953409000714089e+01 3.950829430907215056e-01 4.016990766462947171e+00
9.270555599650765544e+01 3.774082599148080308e-01 4.097342381670502576e+00
9.246175490118262985e+01 3.652432732756568101e-01 4.152095404397174505e+00
9.247484985580865668e+01 3.848493266661375256e-01 4.095073683096542183e+00
9.250275021827128796e+01 3.553284652221075923e-01 4.141304865465513352e+00
9.247048972140646583e+01 3.598909966399449489e-01 4.140918591422599881e+00
9.226174696404476094e+01 3.623634150858534020e-01 4.163334391618382035e+00
8.733114797470699386e+01 3.172434320184141510e-01 3.978999656057359058e+00
8.418770537344234128e+01 3.572069211842209824e-01 3.831616265841204516e+00
8.414678810487605176e+01 3.432111014101648094e-01 3.903557160621213384e+00
8.493397756435696522e+01 3.358044289229303869e-01 3.989947614890070771e+00
8.604831600391565871e+01 3.214408550943196330e-01 4.003295235071566260e+00
8.690381644045824316e+01 3.343810355319205008e-01 3.987214593750826985e+00
8.764442548350397999e+01 3.322512368706511121e-01 3.980052649681191657e+00
8.913025636955313757e+01 3.175344604069105792e-01 4.008283726221657517e+00
8.934196364790857103e+01 3.583207661983755510e-01 4.000902188004339166e+00
8.890690266423261789e+01 3.579292007302166678e-01 4.085079503664312384e+00
8.846482128211233942e+01 3.601105907876286372e-01 4.116900812233775575e+00
8.842591607799560904e+01 3.618660211127867066e-01 4.133031722094345994e+00
8.887182448342460361e+01 3.600933936555811288e-01 4.132089848400666732e+00
8.915645024737412427e+01 3.887001613884699669e-01 4.132862396486493672e+00
8.920404132603115954e+01 3.694089478000899818e-01 4.126044395057808956e+00
8.969353387835013791e+01 3.535650977590814037e-01 4.127416197052675706e+00
9.012140646083022943e+01 3.540294203243643523e-01 4.156730692912136149e+00
9.006625393549752800e+01 3.889713469322962358e-01 4.111469164219382577e+00
9.004482101754106793e+01 3.683043627801148023e-01 4.114760430722014917e+00
9.014700108474217188e+01 3.635288514961504958e-01 4.120975209672725015e+00
9.047430483900838283e+01 3.864129428261502408e-01 3.976098632166574109e+00
9.080850199751303364e+01 3.564198216789692397e-01 3.949017117760668771e+00
9.100440908008572194e+01 3.509061565732730092e-01 4.074044236315051748e+00
9.113445114691641891e+01 3.646334365161256197e-01 4.131702251501441658e+00
8.746423128819748172e+01 4.041749345186125830e-01 3.936606079847607020e+00
8.398517210360610363e+01 3.359883059502076774e-01 3.821286080905891946e+00
8.333903219832261300e+01 3.474072016297589660e-01 3.861512818477657039e+00
8.420074741381591821e+01 3.185861311744318525e-01 3.853698706246527550e+00
8.584122813979945477e+01 3.007447681032885956e-01 3.920432838585072854e+00
8.701537291319417022e+01 3.105233219567690717e-01 3.953883906130116088e+00
8.749810566976215398e+01 3.246183559541762631e-01 3.993672778262824963e+00
8.842852342778527941e+01 3.245231102997592210e-01 4.029977246871444763e+00
8.879945895176865633e+01 3.400031748551472499e-01 4.033157393443923766e+00
8.870522263671719543e+01 3.480038098261766799e-01 4.020735772680371412e+00
8.826739820620683474e+01 3.796875413392597487e-01 4.065781675794375438e+00
8.809179829086964730e+01 3.669987036008148795e-01 4.100525173955604785e+00
8.857663968039791769e+01 3.849234066195729720e-01 4.006971452760801355e+00
8.947545572399926073e+01 3.482141439796809235e-01 4.018721062518189058e+00
9.130554144508823811e+01 4.268090060057676549e-01 4.243159510014022473e+00
9.175744900388919234e+01 3.575998095086911910e-01 4.181655951530545146e+00
9.155945842262613610e+01 3.904106145990422494e-01 4.097071196126676362e+00
9.135114559356563291e+01 4.012527449268460389e-01 4.037266185146969555e+00
9.134011164907268210e+01 4.090033600550307957e-01 4.028891181839828306e+00
9.112574675238775512e+01 4.126848691695108040e-01 4.055471333703732917e+00
9.038418260708522212e+01 4.397571235812365864e-01 4.035599386194671290e+00
8.989958594597455033e+01 4.463515622933036942e-01 3.955853639177712378e+00
9.054815726115829477e+01 3.977379157075958682e-01 3.958042966372992577e+00
8.981274968912876489e+01 4.275458369711881979e-01 3.989734635023943543e+00
8.451812577717808495e+01 3.070719898404635217e-01 3.888768949916660222e+00
8.335155964759107405e+01 3.399529063153160502e-01 3.811790618303040112e+00
8.363655316559515995e+01 3.229079027436039806e-01 3.882347805381379580e+00
8.467794798528983335e+01 3.114294785300420476e-01 3.896830436278011511e+00
8.597576659523242881e+01 3.269915601767335867e-01 3.857717543720401210e+00
8.634368865253856029e+01 3.239794163557954132e-01 3.968602005450168058e+00
8.684807127549805728e+01 3.296028785353334878e-01 3.987689499166600537e+00
8.813071936926210981e+01 3.141347196867476099e-01 4.001455141942482641e+00
8.861243749503928768e+01 3.406460830224620762e-01 3.959455776913511471e+00
8.828997671772891920e+01 3.359711088181601690e-01 3.992297007699023847e+00
8.775519750244728812e+01 3.448845146440193687e-01 4.033779135910257274e+00
8.815056221393231795e+01 3.423935762097520819e-01 4.048527660925469895e+00
8.913169563721989164e+01 3.332341191099822963e-01 4.029646532793607960e+00
8.972229145170251741e+01 3.609757388152499136e-01 3.898962880651903440e+00
8.979277852739635080e+01 3.537132576659523520e-01 3.999022409185914118e+00
9.002524538984575031e+01 3.563470645818451188e-01 4.031534248749900406e+00
9.020921501706484946e+01 3.799957668598036853e-01 3.958263883376987646e+00
9.013727809085376919e+01 3.618527925496732300e-01 4.035049077969151021e+00
8.979154430245786500e+01 3.547794798528983717e-01 4.054846945524777091e+00
8.919102706564012806e+01 3.549382226102600901e-01 4.020194724449030588e+00
8.873238352250179162e+01 4.022091700399502701e-01 4.016140169854750752e+00
8.858046934941926054e+01 3.717940577294494009e-01 4.033328041908087691e+00
8.801554488451463953e+01 3.615988041378945250e-01 4.054132603116649136e+00
8.585946768262031981e+01 4.191351165436410509e-01 3.941246659787813744e+00
7.812423472762388599e+01 2.057213535465777787e-01 3.689615577955922543e+00
7.234138952826944546e+01 2.278977167500066126e-01 3.560305050665396820e+00
6.902293700558244893e+01 3.116636240971505933e-01 3.525085324232081874e+00
6.623529116067412303e+01 2.663293383072730669e-01 3.624877635791200259e+00
6.386126941291637138e+01 2.689485938037410317e-01 3.513440220123290381e+00
6.200891869725110439e+01 2.771331058020478078e-01 3.559398894092123733e+00
6.033308463634679697e+01 2.911831626848691568e-01 3.551427361959944129e+00
6.003379104161705726e+01 2.932732756567981713e-01 3.581530280180966752e+00
6.090359552345424277e+01 2.929835701246130686e-01 3.580360875201735738e+00
6.395405058602534609e+01 2.327843479641241442e-01 3.657664629467947126e+00
6.575538534804348956e+01 2.307736063708759888e-01 3.591791676588088844e+00
6.726551578167578782e+01 2.297020927586845562e-01 3.617179934915469630e+00
6.989106145990422192e+01 2.243127761462549996e-01 3.661478424213561844e+00
7.219283011879250012e+01 2.117257983437839108e-01 3.656003121940894829e+00
7.350371193480964394e+01 2.183585998888800672e-01 3.674262507606423700e+00
7.436749874328650378e+01 2.331706220070375868e-01 3.692009947879461240e+00
7.580986453951371118e+01 2.316030372780908675e-01 3.705813953488372281e+00
7.708124322036140086e+01 2.385295129243061585e-01 3.639462126623806082e+00
7.749948805460751089e+01 2.623078551207767561e-01 3.660109267931317412e+00
