1.290621407717113867e+00 1.290621407717113867e+00 1.290621407717113867e+00
1.256548763491724507e+00 1.256548763491724507e+00 1.256548763491724507e+00
1.236044139937538811e+00 1.236044139937538811e+00 1.236044139937538811e+00
6.874637592699972544e-01 6.874637592699972544e-01 6.874637592699972544e-01
5.471688996042766151e-01 5.471688996042766151e-01 5.471688996042766151e-01
4.888264107181005125e-01 4.888264107181005125e-01 4.888264107181005125e-01
4.257204911445458539e-01 4.255717134108503719e-01 4.255437381104973382e-01
4.415112765892513780e-01 4.410903754793949472e-01 4.413828445285398749e-01
5.053483687856684670e-01 5.061100599180069493e-01 5.019582710247098012e-01
5.738713237912127507e-01 5.965262306588946517e-01 5.328099408958200112e-01
6.015312662129581600e-01 6.565764844711651227e-01 5.247950173446862543e-01
6.158215582750938832e-01 6.873569444868312672e-01 5.115588854640339411e-01
6.254463332010864463e-01 7.139754427727083019e-01 5.067178868984039131e-01
6.296311838129825533e-01 7.177457502975554959e-01 5.103902808720155448e-01
6.305569119337545159e-01 7.313837092196416867e-01 5.098905402793461050e-01
6.292802209540085956e-01 7.212668233283486829e-01 5.041772209845271080e-01
6.122445346435946290e-01 7.215096997995951167e-01 5.085464542578407299e-01
6.203395692821028762e-01 7.306627094332712735e-01 5.073600472019613727e-01
6.214585812962227784e-01 7.328765729748425439e-01 5.086634418774986788e-01
6.287664927111626945e-01 7.321377707246111699e-01 5.171615751620024515e-01
6.254247159235409859e-01 7.287781914731285005e-01 5.172976368500828981e-01
6.217663096001058154e-01 7.230826746421704643e-01 5.034257026886806985e-01
6.392089093701996960e-01 7.347064119388408976e-01 5.200862656534521733e-01
6.348625649789930714e-01 7.313671783603422627e-01 5.189125746431877406e-01
6.377592801700898706e-01 7.366367076631977762e-01 5.124121321248004124e-01
6.374820703756828300e-01 7.386611021251054954e-01 5.323114719077119972e-01
6.190984832300789886e-01 7.296428825749483593e-01 4.978459018728191854e-01
6.265500859604683503e-01 7.326820174769330674e-01 5.077682322662028236e-01
6.400151066621906359e-01 7.377747937457401761e-01 5.108035523545030321e-01
6.498738568274992078e-01 7.449262977996155000e-01 5.114126509394614217e-01
6.395179092786441588e-01 7.366608681498661992e-01 5.279753003529974453e-01
6.286380606504511359e-01 7.332427950885544998e-01 5.265523748486790057e-01
6.203624581642098734e-01 7.438212734356720590e-01 5.197810805586922100e-01
6.244582964568010652e-01 7.330622272408215956e-01 5.135883663441876967e-01
6.252835678172145029e-01 7.331219926552120514e-01 5.094772687968586178e-01
6.242955310729290108e-01 7.369596952218187003e-01 5.239900916572567402e-01
6.220231737215288215e-01 7.326489557583341083e-01 5.163337605924660512e-01
6.092270170191554923e-01 7.227774895474105010e-01 5.234000671407208483e-01
6.031220435193944684e-01 7.212413912371186120e-01 5.162803532008830576e-01
6.032975249488814473e-01 7.218441317992695394e-01 5.127948850978117923e-01
5.883231096326588805e-01 7.202241075879187715e-01 5.030264188563696726e-01
5.933268735821609630e-01 7.191953794976653214e-01 5.106585894344920495e-01
5.918034913174841094e-01 7.193899349955747979e-01 5.201409446495965927e-01
5.799813837092195890e-01 7.119116285693940505e-01 5.192012288786482799e-01
6.074251533555101723e-01 7.174138615070040359e-01 5.141529587694937398e-01
6.263211971393983779e-01 7.264867600533057024e-01 5.119581692963448560e-01
6.182032736187831334e-01 7.234654276151819552e-01 5.058989735607979377e-01
6.073157953632211115e-01 7.204021322265287131e-01 5.164431185847550010e-01
6.034386730552079303e-01 7.208916999827061911e-01 5.210603147475610930e-01
6.130723492131311403e-01 7.252393159784742416e-01 5.255986714275541205e-01
6.170715455590481957e-01 7.288748334198024148e-01 5.213565986103905203e-01
6.022573524175746096e-01 7.282034262113304957e-01 5.146984771263771741e-01
6.019915870642210676e-01 7.210748110395621691e-01 5.154703410952076181e-01
6.023311054821416377e-01 7.179619230730104329e-01 5.079996642963957587e-01
5.995984272794783188e-01 7.208916999827061911e-01 5.092102318389436499e-01
6.076133508306120756e-01 7.253308715069022305e-01 5.094950712607195786e-01
6.036573890397859410e-01 7.166559851883500531e-01 5.109434288562679782e-01
6.138187810907315134e-01 7.217678355255795486e-01 5.076130965096997683e-01
6.177811009043651103e-01 7.238583534246854079e-01 5.112320830917285175e-01
6.215628528702658029e-01 7.259005503504541990e-01 5.208454135766675819e-01
5.192876979888302325e-01 6.646104820907213773e-01 4.481045462406282875e-01
5.643965982034770956e-01 6.956516210414950274e-01 4.771365499842321056e-01
5.704278186386709804e-01 7.071723583686839731e-01 4.879337443159276200e-01
5.811105685598315640e-01 7.155344299651071882e-01 5.062550228380179318e-01
5.799661244544815908e-01 7.159248125654876782e-01 4.892702007100639960e-01
5.898121585741752382e-01 7.219776502782270233e-01 4.993959878332875357e-01
5.952317372152877706e-01 7.217525762708415504e-01 5.158747113457645694e-01
6.049747713654998194e-01 7.237566250597654571e-01 5.067178868984039131e-01
6.000231432030193046e-01 7.194700460829492883e-01 5.149884029663991392e-01
6.129032258064516236e-01 7.249582913703828124e-01 5.210285246335235598e-01
6.145970030823694197e-01 7.251248715679392554e-01 5.354192734560176969e-01
6.148017314167709690e-01 7.265223649810276241e-01 5.139901933856216854e-01
6.107872758161158044e-01 7.232874029765719026e-01 5.092407503484196463e-01
6.154146448154138582e-01 7.216406750694296379e-01 5.056319366028829698e-01
6.043516851303648574e-01 7.241342916145309117e-01 5.300925219478946904e-01
6.118210903246151799e-01 7.257606738486892528e-01 5.304066082745851896e-01
5.963049714651936783e-01 7.208382925911231975e-01 5.276968189540289789e-01
5.912058371735791074e-01 7.155840225430056822e-01 5.032120731223487242e-01
6.121745963927122114e-01 7.291571296324553808e-01 5.148981190425325760e-01
6.078231655832595504e-01 7.242728965117343209e-01 5.104805647958819970e-01
6.051222774946338756e-01 7.280368460137740527e-01 5.195890682699056962e-01
6.017537970112206702e-01 7.260912910346791760e-01 5.170967233293659593e-01
5.891420229702647449e-01 7.148363190608437723e-01 5.088694418164616540e-01
5.858345795058036432e-01 7.226681315551215512e-01 5.225468204799543770e-01
5.858727276426486386e-01 7.133587145603809132e-01 5.231660919014048394e-01
6.014397106845301710e-01 7.240122175766269264e-01 5.109853918067974732e-01
6.054478082623777624e-01 7.281169571011485431e-01 5.078025655893633195e-01
6.193515325378174952e-01 7.307212032431003035e-01 5.199095126194036576e-01
5.957187617623421749e-01 7.234082054099144621e-01 5.162027853226315299e-01
5.844256416516617758e-01 7.141483809930723181e-01 5.093717256182541675e-01
5.916699728385265145e-01 7.172027751497950243e-01 5.222505366171249497e-01
5.888177638070822839e-01 7.105255795973591804e-01 5.135743786940112354e-01
5.830879136529638629e-01 7.071977904599139331e-01 5.062003438418734014e-01
5.883854182561724100e-01 7.183052563046153915e-01 5.176511429181799295e-01
5.843633330281482463e-01 7.115899126153345522e-01 5.078305408897162421e-01
6.004796492405977126e-01 7.226109093498540581e-01 5.108989226966155206e-01
6.042486851608833698e-01 7.238507237973164088e-01 5.061609241004669801e-01
6.136890774254585290e-01 7.268669698171941196e-01 5.067306029440188375e-01
6.131308430229600592e-01 7.261459700308237064e-01 5.185616117842137829e-01
6.140654723756625577e-01 7.259666737876522280e-01 5.219542527542955224e-01
6.112692139449242834e-01 7.291660308643859167e-01 5.315256202887050918e-01
6.091367330952889292e-01 7.292181666514073735e-01 5.339238664916938770e-01
6.134474725587735211e-01 7.296861171300393911e-01 5.292901394695882500e-01
6.054795983764152956e-01 7.247777235226497972e-01 5.165168716493220291e-01
6.034017965229244718e-01 7.227393414105655056e-01 5.329103976561784251e-01
6.070271411277606832e-01 7.279503769035919891e-01 5.088681702119002281e-01
6.043122653889584361e-01 7.243161310668253527e-01 5.080556148971017150e-01
5.972574032817570266e-01 7.209451073742891847e-01 5.249158197780287027e-01
6.084653258868170100e-01 7.270577105014190966e-01 5.167355876338999288e-01
6.110085350098167778e-01 7.291202531001719223e-01 5.266935229550055997e-01
6.008763898637856649e-01 7.215135146132796162e-01 5.084701579841507391e-01
5.978970203761915236e-01 7.173680837427900414e-01 5.250671407208471475e-01
5.852801599169896729e-01 7.090937528611103158e-01 5.200175990071311816e-01
5.912261828465631419e-01 7.103768018636636983e-01 5.128025147251807914e-01
6.091494491409039647e-01 7.186384166997283884e-01 5.188184759056367890e-01
6.040363271991129324e-01 7.186854660685039198e-01 5.133073417360962676e-01
6.013875748975087143e-01 7.178690959400209071e-01 5.180784020508438781e-01
6.096212144332203708e-01 7.209807123020112174e-01 5.242151656646423241e-01
5.989346496983753987e-01 7.175092318491165244e-01 5.206623025198116039e-01
6.043872900580868901e-01 7.129200109866634660e-01 5.213400677510909853e-01
5.142941068758202228e-01 6.625822728151290475e-01 4.486716818750572378e-01
5.563562425611132678e-01 6.957164728741315196e-01 4.830050050355540470e-01
5.652129683319599973e-01 7.048910997853531368e-01 4.891239661854914766e-01
5.826275928017008443e-01 7.158904792423271823e-01 5.005455183568834343e-01
5.952202927742342720e-01 7.198922187973673115e-01 5.175786614581744383e-01
6.009234392325611962e-01 7.175957009592984770e-01 5.224959562974944571e-01
6.037298704997914323e-01 7.230190944140955089e-01 5.163668223110650102e-01
6.102010661132644120e-01 7.261739453311767400e-01 5.193372905667287265e-01
5.901936399426251922e-01 7.165771457055370997e-01 5.337293109937844005e-01
5.997522914314198372e-01 7.194191819004893684e-01 5.397414573605558985e-01
5.950155644398327226e-01 7.144370352285327463e-01 5.294948678039897993e-01
6.010035503199356866e-01 7.225981933042390226e-01 5.305935341451256670e-01
6.042474135563219440e-01 7.242169459110283647e-01 5.182513402712077832e-01
6.103676463108208550e-01 7.270360932238736362e-01 5.412381359294412553e-01
6.191684214809615172e-01 7.352900784325693273e-01 5.289404482151758291e-01
6.126756085899431881e-01 7.300777713349813069e-01 5.227820673238319227e-01
5.992741681162958578e-01 7.266151921140171499e-01 5.275683868933174203e-01
5.913355408388520917e-01 7.239371929074983614e-01 5.213171788689839881e-01
5.869052705465864772e-01 7.245005137282428676e-01 5.249857580289112313e-01
5.819129510381380044e-01 7.173668121382285046e-01 5.160476495661284746e-01
5.879200109866634660e-01 7.217462182480340882e-01 5.167521184931994638e-01
6.055978576006347813e-01 7.308153019806512551e-01 5.264468316700745554e-01
6.117130039368877670e-01 7.305991292051963182e-01 5.217304503514714753e-01
6.105800042725912924e-01 7.210887986897386304e-01 5.143157241533656832e-01
5.970157984150721298e-01 7.257683034760582519e-01 5.174489577929013429e-01
6.206180506810714537e-01 7.348577328816593424e-01 5.226193019399598683e-01
6.213682973723563263e-01 7.363989176101972678e-01 5.157157607755770146e-01
5.985086621702729870e-01 7.270322784101891367e-01 5.187078463087863023e-01
5.967271441796115905e-01 7.259412416964222681e-01 5.225658945483768747e-01
6.035671051159194889e-01 7.286166976938179829e-01 5.281418805505538883e-01
6.129579048025961541e-01 7.251286863816237549e-01 5.236772769351277779e-01
6.205760877305419587e-01 7.291495000050863817e-01 5.278824732200079195e-01
5.984069338053529252e-01 7.222497736543880276e-01 5.187307351908932995e-01
6.058636229539882123e-01 7.274404634744305875e-01 5.152757855972981416e-01
6.034310434278389312e-01 7.261981058178451631e-01 5.148688721376181165e-01
6.137462996307260221e-01 7.266902167831456039e-01 5.189812412895087324e-01
6.194939522487055150e-01 7.343783379619739371e-01 5.189837844986318061e-01
6.223309020254117474e-01 7.408775088757998395e-01 5.324627928505305530e-01
6.330734173609627868e-01 7.357732881659393431e-01 5.423189998067161621e-01
6.344747255877356551e-01 7.527059745068717111e-01 5.502029480880153978e-01
6.306649983214819288e-01 7.488034201076285701e-01 5.376623839025035378e-01
6.324744916124963590e-01 7.458240506200344289e-01 5.319134596799626191e-01
6.175751009654021351e-01 7.415298420158492609e-01 5.268702759890540044e-01
6.280785546433912403e-01 7.422254097109897142e-01 5.382040874457024726e-01
6.224987538275297272e-01 7.400916572567929341e-01 5.351102735475732342e-01
6.173792738629312327e-01 7.437882117170731000e-01 5.452093569750053881e-01
6.046060060426649008e-01 7.347165847753328594e-01 5.227057710501419319e-01
6.184550513219601031e-01 7.399708548234503747e-01 5.247568692078412589e-01
6.202403841263058881e-01 7.346008687602364473e-01 5.140397859635201794e-01
6.048806726279488677e-01 7.262922045553962258e-01 5.007794935961994431e-01
6.161788791568753032e-01 7.254478591265602905e-01 5.306914476963612293e-01
6.158304595070243082e-01 7.300002034567298903e-01 5.192279325744397767e-01
6.227340006714071619e-01 7.337132887763094802e-01 5.258504491307310902e-01
6.192523473820205071e-01 7.304668823308002601e-01 5.180377107048758090e-01
6.241086052023885333e-01 7.347801650034079257e-01 5.160807112847275446e-01
6.335642567217016907e-01 7.358712017171747943e-01 5.069366028829818127e-01
6.216811120944852886e-01 7.244712668233282971e-01 5.140118106631672568e-01
6.158291879024628823e-01 7.212566504918566102e-01 5.146081932025106109e-01
6.021238339386171257e-01 7.204491815953042444e-01 5.152719707836136420e-01
6.123386333811456916e-01 7.244191310363068403e-01 5.311403241065706382e-01
5.351395204524878046e-01 6.748786889248329368e-01 4.597702464878282158e-01
5.658742027039399547e-01 7.043621122877692375e-01 4.992103335673085951e-01
5.859452091026541298e-01 7.211447492904446976e-01 5.197213151443016432e-01
6.064778079571927494e-01 7.293580431531724306e-01 5.119874162012594265e-01
6.126946826583656858e-01 7.365235348572242158e-01 5.199336731060721917e-01
6.195638904995880436e-01 7.493476668599505786e-01 5.197442040264086405e-01
6.239763583279925863e-01 7.434614093447675653e-01 5.254638813440352108e-01
6.264458143864253259e-01 7.364892015340637199e-01 5.214545121616259715e-01
6.159906816817732889e-01 7.398525955992308889e-01 5.202592038738161895e-01
6.176285083569851286e-01 7.393312377290159887e-01 5.184815006968392925e-01
6.150077313557339442e-01 7.363404238003682378e-01 5.315853857030955476e-01
6.092206589963479191e-01 7.235162917976419861e-01 5.336809900204474433e-01
6.117193619596952292e-01 7.280838953825494730e-01 5.321016571550645224e-01
6.142155217139194656e-01 7.350395723339538945e-01 5.222212897122104902e-01
6.196656188645079943e-01 7.387475712352875590e-01 5.079195532090212684e-01
6.199034089175085027e-01 7.355304116946927984e-01 5.196704509618417234e-01
6.273410239977212921e-01 7.427798292998036844e-01 5.364810632648701061e-01
6.407297484257535869e-01 7.411623482975757682e-01 5.279168065431684154e-01
6.423459578234198553e-01 7.407503484196498178e-01 5.225798821985534470e-01
6.411926124861394571e-01 7.455900753807184200e-01 5.234890794600258745e-01
6.410031434064760170e-01 7.474046550899787755e-01 5.288908556372773351e-01
6.472645242673014110e-01 7.503878393912574163e-01 5.306037069816177398e-01
6.340830713827936282e-01 7.443922238837855643e-01 5.121145766574093372e-01
6.266861476485487970e-01 7.421402122053691874e-01 5.171641183711254142e-01
6.251093579922889498e-01 7.458723715933713860e-01 5.152274646239610734e-01
6.311838129825739774e-01 7.489407534002705535e-01 5.114240953805149204e-01
6.322646768598488842e-01 7.437882117170731000e-01 5.165613778089744867e-01
6.323180842514318778e-01 7.403777682831303997e-01 5.193055004526911933e-01
6.219456058432772938e-01 7.404044719789218965e-01 5.229244870347199425e-01
6.189293598233995830e-01 7.386496576840519968e-01 5.138350576291187410e-01
6.072712892035686538e-01 7.231882178207749146e-01 5.161353902808719640e-01
6.210999888098798216e-01 7.384347565131585966e-01 5.422922961109245543e-01
6.161013112786237755e-01 7.326921903134251401e-01 5.336822616250088691e-01
6.098005106763918493e-01 7.324353261920021341e-01 5.339594714194159097e-01
6.071263262835576713e-01 7.267270933154291734e-01 5.223077588223924428e-01
6.015465254676961582e-01 7.260518712932727547e-01 5.264938810388500867e-01
6.189306314279610088e-01 7.395779290139469220e-01 5.323877681814019880e-01
6.032492039755444901e-01 7.307034007792392316e-01 5.264798933886735144e-01
5.883650725831883754e-01 7.240796126183863812e-01 5.260195725374106068e-01
5.932950834681234298e-01 7.250790938037252609e-01 5.264557329020050913e-01
5.862135176651305235e-01 7.240656249682099199e-01 5.213629566331979825e-01
5.841242713705863121e-01 7.181742810347809813e-01 5.033570360423597068e-01
5.902839238664916444e-01 7.236676127404604308e-01 5.081331827753532426e-01
5.909871211890010967e-01 7.135252947579373561e-01 5.214227220475885494e-01
5.839754936368907190e-01 7.163279112114830927e-01 5.274628437147129700e-01
5.777827794223863167e-01 7.132251960814234293e-01 5.136570329905086885e-01
5.848160242520421548e-01 7.198426262194688174e-01 5.225391908525853779e-01
5.873490605385499608e-01 7.170565406252225049e-01 5.200862656534521733e-01
5.955432803328551961e-01 7.216126997690766043e-01 5.367328409680470758e-01
5.811919512517674802e-01 7.162935778883225968e-01 5.252095604317351674e-01
5.955407371237322334e-01 7.202762433749402282e-01 5.172137109490239082e-01
5.890682699056978278e-01 7.270157475508896017e-01 5.233403017263303925e-01
5.767909278644164361e-01 7.119052705465864772e-01 5.183225501266518487e-01
5.693863745028026058e-01 7.083320617287718335e-01 5.072850225328328078e-01
5.764742983286029743e-01 7.137325663014618682e-01 5.213476973784599844e-01
5.961294900357066995e-01 7.229504277677745172e-01 5.170127974283069694e-01
5.870832951851965298e-01 7.156234422844122145e-01 5.231393882056133426e-01
6.005127109591967827e-01 7.177711823887854559e-01 5.204423149306721674e-01
5.978105512660094600e-01 7.155204423149307269e-01 5.300492873928037696e-01
5.963138726971241033e-01 7.237591682688884198e-01 5.208225246945605846e-01
5.118640705587939044e-01 6.676140120649840526e-01 4.537606433301797360e-01
5.322173731701610455e-01 6.874650308745587912e-01 4.828536840927356022e-01
5.526952930285551346e-01 7.018100019328389338e-01 5.069734794152653823e-01
5.658627582628864561e-01 7.094421725109611998e-01 5.113477991068249295e-01
5.889970600502537623e-01 7.160545162307606626e-01 5.318257189652190187e-01
5.976172673726615203e-01 7.237451806187119585e-01 5.238438571326843318e-01
5.938126265246538305e-01 7.237756991281879548e-01 5.319363485620696164e-01
5.856730857264931256e-01 7.165987629830825600e-01 5.359736930448316672e-01
5.860253201900286202e-01 7.197968484552548230e-01 5.400568152918078235e-01
5.888698995941038516e-01 7.246086001159702805e-01 5.260704367198706377e-01
5.875512456638284364e-01 7.156412447482731753e-01 5.296487319559313178e-01
5.765696686707154628e-01 7.148528499201431963e-01 5.200570187485376028e-01
5.813979511907305664e-01 7.166547135837885163e-01 5.324653360596535157e-01
5.901364177373576991e-01 7.226439710684530171e-01 5.369235816522720528e-01
5.943352559994302675e-01 7.241673533331298707e-01 5.505666269926043910e-01
6.090718812626524370e-01 7.287832778913744258e-01 5.368498285877051357e-01
6.267929624317147841e-01 7.378727072969756273e-01 5.381837417727184381e-01
6.032784508804589496e-01 7.362806583859777820e-01 5.364823348694316429e-01
6.040350555945513955e-01 7.272497227902056105e-01 5.184497105828017594e-01
6.105914487136447910e-01 7.264447971027762074e-01 5.176206244087039332e-01
6.022878709270506059e-01 7.193606880906603385e-01 5.176714885911638531e-01
6.071123386333810990e-01 7.220157984150721298e-01 5.213362529374064858e-01
6.113137201045767410e-01 7.249341308837142783e-01 5.238756472467217540e-01
6.204323964150924020e-01 7.312845240638446986e-01 5.202350433871476554e-01
6.180608539078951136e-01 7.365794854579302831e-01 5.380464084800764546e-01
6.198792484308399686e-01 7.422991627755567423e-01 5.269948932360810634e-01
6.192065696178065126e-01 7.470295317443362837e-01 5.266808069093905642e-01
6.212958159123508350e-01 7.414586321604053065e-01 5.382485936053549302e-01
6.155583361308634149e-01 7.444341868343150592e-01 5.313844721823786088e-01
6.105749178543453670e-01 7.370410779137547275e-01 5.410766421501307377e-01
6.224186427401552368e-01 7.466925565355387873e-01 5.493204545223344670e-01
6.242739137953835504e-01 7.513987650176499056e-01 5.385664947457299290e-01
6.238517410809656383e-01 7.449720755638294944e-01 5.244097211625518007e-01
6.184397920672221050e-01 7.402328053631194171e-01 5.051436404512670286e-01
6.222965687022512515e-01 7.418846196885077182e-01 5.247187210709962635e-01
6.189268166142765093e-01 7.365883866898607080e-01 5.134001688690857934e-01
6.243896298104800735e-01 7.420944344411551929e-01 5.342023478906623435e-01
6.134627318135115193e-01 7.344177577033804694e-01 5.415051728873562231e-01
6.117193619596952292e-01 7.277049572232225927e-01 5.339022492141484166e-01
6.249084444715720110e-01 7.318694621621346652e-01 5.424525182856736460e-01
6.123475346130761165e-01 7.315922523677277356e-01 5.426623330383211208e-01
6.021810561438846188e-01 7.293351542710654334e-01 5.231025116733298841e-01
5.911893063142795723e-01 7.188088117109693309e-01 5.170865504928738865e-01
6.034081545457319340e-01 7.310098574785607317e-01 5.249336222418896636e-01
6.084678690959399727e-01 7.294406974496698837e-01 5.239811904253263153e-01
6.004465875219987536e-01 7.285671051159194889e-01 5.106395153660695518e-01
6.079897457808161043e-01 7.296619566433708570e-01 5.097137872452975893e-01
5.991355632190923375e-01 7.319864497817926141e-01 5.140054526403596835e-01
5.992233039338358269e-01 7.222294279814041040e-01 5.286416211432233281e-01
6.041952777693003762e-01 7.283038829716890206e-01 5.344236070843633168e-01
6.029910682495600582e-01 7.300243639433983134e-01 5.302311268450982107e-01
5.992589088615578596e-01 7.273819696646015576e-01 5.189926857305622310e-01
6.034755495874914999e-01 7.256843775749992620e-01 5.207767469303465901e-01
6.115324360891547517e-01 7.312463759269997032e-01 5.265994242174545370e-01
6.146465956602679137e-01 7.299391664377778977e-01 5.204206976531265960e-01
6.054071169164098043e-01 7.288265124464654576e-01 5.269707327494125293e-01
6.053893144525488434e-01 7.313735363831497249e-01 5.202032532731101222e-01
6.043593147577338565e-01 7.310518204290902267e-01 5.307016205328531910e-01
6.000981678721477586e-01 7.272217474898525769e-01 5.298471022675252939e-01
6.001286863816237549e-01 7.302685120192062840e-01 5.333440148116499469e-01
5.399716177861872968e-01 6.792619098483230200e-01 4.492985829238766438e-01
5.569310078229112726e-01 6.991892249315876384e-01 4.834907579780470255e-01
5.727090772220018167e-01 7.167119357890560094e-01 5.105009104688660315e-01
5.896900845362712529e-01 7.225473291217789917e-01 5.174832911160618387e-01
5.892005167800937748e-01 7.261892045859147382e-01 5.257093010244046072e-01
5.954034038310902499e-01 7.276629942726930977e-01 5.391654204941963568e-01
5.750348419649851106e-01 7.205280210781171979e-01 5.209445987324645699e-01
5.746520889919736197e-01 7.207352926216417099e-01 5.235030671102023359e-01
5.948706015198217401e-01 7.304897712129072573e-01 5.243245236569312739e-01
5.819943337300739206e-01 7.234577979878129561e-01 5.245228939685252501e-01
5.900245165359456756e-01 7.203309223710847586e-01 5.175545009715059042e-01
5.947447126682332552e-01 7.270055747143976399e-01 5.182246365754162865e-01
5.992906989755953928e-01 7.287438581499680046e-01 5.262993255409406101e-01
6.032288583025604556e-01 7.240223904131188881e-01 5.214417961160110471e-01
6.028041423790195807e-01 7.269292784407076491e-01 5.263997823012990240e-01
5.990618101545254204e-01 7.253092542293567702e-01 5.315828424939725849e-01
6.004682047995442140e-01 7.312184006266467806e-01 5.234420300912503432e-01
5.953207495345926858e-01 7.238901435387229411e-01 5.252235480819116287e-01
5.967017120883816306e-01 7.263036489964497244e-01 5.196170435702587298e-01
5.663256223232724373e-01 7.152864670756147181e-01 5.192241177607552771e-01
5.924570960620949567e-01 7.334093752861110538e-01 5.351229895931882696e-01
6.168401135288552606e-01 7.531713817763806551e-01 5.559124525691498953e-01
6.010455132704651815e-01 7.416379284035767849e-01 5.373139642526525428e-01
5.915046642455316084e-01 7.314803511663157121e-01 5.378251492863754812e-01
5.934820093386639073e-01 7.302303638823612886e-01 5.524295276752017037e-01
5.970933662933235464e-01 7.301133762627033397e-01 5.455158136743267772e-01
5.932060711488184035e-01 7.308102155624052187e-01 5.438830734173609738e-01
5.979173660491754472e-01 7.387653736991485198e-01 5.419337036245815975e-01
6.029618213446454877e-01 7.353841771701203900e-01 5.334088666442864390e-01
6.063124993641977323e-01 7.383966083763136012e-01 5.323012990712200354e-01
6.113671274961597346e-01 7.354019796339813508e-01 5.331761630095319671e-01
6.101234982350128844e-01 7.392612994781334601e-01 5.370214952035076150e-01
6.063531907101656904e-01 7.377010406811731480e-01 5.420049134800256629e-01
6.106346832687358228e-01 7.381791639962971274e-01 5.414543087048961922e-01
6.167625456506037329e-01 7.374924975330870991e-01 5.257347331156346781e-01
6.204451124607074375e-01 7.431587674591306758e-01 5.202553890601316899e-01
6.084309925636565142e-01 7.360568559831537350e-01 5.348457797987813400e-01
6.148424227627389271e-01 7.399098178044983820e-01 5.183034760582293510e-01
6.175649281289101733e-01 7.415501876888332955e-01 5.272530289620654953e-01
6.123182877081616571e-01 7.401170893480228941e-01 5.359635202083397054e-01
6.078714865565966186e-01 7.341329182816044296e-01 5.317659535508285629e-01
6.173678294218777340e-01 7.410707927691477792e-01 5.283021027253028690e-01
6.161445458337148073e-01 7.395944598732464570e-01 5.412686544389172516e-01
6.125357320881781309e-01 7.388671020640684706e-01 5.477474796797591194e-01
6.113773003326518074e-01 7.347801650034079257e-01 5.285017446414583819e-01
6.106702881964578555e-01 7.363429670094913115e-01 5.377437665944395651e-01
5.958840703553371920e-01 7.282962533443200215e-01 5.371143223364971409e-01
6.063697215694652254e-01 7.322751040172531534e-01 5.308033488977731418e-01
6.025269325846125401e-01 7.282733644622130242e-01 5.232411165705334044e-01
5.946493423261207667e-01 7.269750562049216436e-01 5.345774712363048353e-01
5.890809859513127522e-01 7.231246375926999592e-01 5.196577349162266879e-01
6.054859563992227578e-01 7.369368063397117030e-01 5.179881181269773149e-01
6.096593625700653662e-01 7.418897061067537546e-01 5.380222479934080315e-01
6.060403759880367280e-01 7.335963011566515313e-01 5.529292682678711435e-01
5.955153050325021624e-01 7.329910173853775301e-01 5.327514470859909812e-01
5.987451806187119585e-01 7.338035727001760433e-01 5.377030752484714959e-01
5.900067140720847148e-01 7.283369446902879796e-01 5.306736452325001574e-01
6.058038575395977565e-01 7.363378805912452751e-01 5.333401999979654473e-01
6.157274595375428206e-01 7.398856573178299589e-01 5.220814132104454330e-01
6.202798038677124204e-01 7.416035950804162891e-01 5.269224117760755721e-01
5.225226599932859539e-01 6.764694662312692452e-01 4.615441348511205577e-01
5.547896257413454935e-01 7.055434329254025583e-01 4.890718303984700199e-01
5.881832331308939343e-01 7.239791558580278563e-01 5.247149062573117639e-01
5.914868617816705365e-01 7.217144281339965550e-01 5.177897478153833388e-01
5.953245643482771854e-01 7.234705140334279916e-01 5.073816644795068331e-01
6.026439202042706000e-01 7.250358592486343401e-01 5.264048687195450604e-01
6.032135990478224574e-01 7.283827224545019741e-01 5.202528458510086162e-01
6.085657826471755349e-01 7.282186854660684938e-01 5.228189438561153812e-01
6.049963886430453908e-01 7.384601886043885566e-01 5.297949664805037262e-01
6.017487105929746338e-01 7.366646829635506988e-01 5.261797947121595875e-01
6.016368093915626103e-01 7.335810419019135331e-01 5.178711305073193660e-01
6.055991292051963182e-01 7.370270902635781551e-01 5.291998555457217979e-01
6.250928271329895258e-01 7.431931007822911717e-01 5.258453627124851648e-01
6.264254687134414024e-01 7.436203599149551202e-01 5.304040650654622269e-01
6.437370932137007618e-01 7.536825668101037046e-01 5.257792392752871358e-01
6.528684855698314582e-01 7.578585161900692757e-01 5.356672363455101671e-01
6.650148523412783286e-01 7.614597003082369531e-01 5.394121117791274012e-01
6.637686798710084046e-01 7.599731945758435581e-01 5.451076286100853263e-01
6.565930153304645467e-01 7.601677500737530346e-01 5.431964069541510565e-01
6.526586708171839835e-01 7.571756645405438579e-01 5.383604948067669538e-01
6.570952991322570602e-01 7.591377503789381587e-01 5.214405245114495102e-01
6.490358694214707347e-01 7.551449120558285655e-01 5.213667714468824821e-01
6.309167760246590095e-01 7.535477767265846838e-01 5.232462029887793298e-01
6.317509486170028721e-01 7.480684326710816956e-01 5.340739158299508960e-01
6.166188543351542872e-01 7.439408042644530816e-01 5.309788303272601206e-01
6.087374492629780143e-01 7.329109062980030398e-01 5.337000640888699410e-01
6.041863765373699513e-01 7.315401165807061679e-01 5.244084495579902638e-01
6.121593371379742132e-01 7.365642262031922849e-01 5.393536179692983712e-01
5.975549587491479908e-01 7.273387351095106368e-01 5.379675689972635011e-01
5.941979227067882841e-01 7.261396120080162442e-01 5.341985330769778439e-01
5.871595914588865206e-01 7.233293659271015086e-01 5.370621865494755731e-01
5.748262988168990617e-01 7.171328368989124957e-01 5.298458306629637571e-01
5.655639311909339551e-01 7.151618498285876591e-01 5.253659677927996485e-01
5.717668182419304301e-01 7.157506027405621252e-01 5.300213120924507360e-01
5.888584551530503530e-01 7.230890326649779265e-01 5.209534999643951059e-01
6.062959685048981973e-01 7.382478306426181192e-01 5.325874100975575010e-01
6.000536617124953009e-01 7.310836105431277598e-01 5.342773725597907974e-01
6.021950437940610801e-01 7.356639301736502823e-01 5.360321868546606972e-01
6.108775597399822566e-01 7.357440412610247726e-01 5.378531245867285149e-01
6.203128655863113794e-01 7.398729412722149235e-01 5.364467299417096102e-01
6.166442864263842472e-01 7.440336313974424964e-01 5.400084943184708663e-01
6.207223222551143671e-01 7.406359040091148316e-01 5.355082857753227232e-01
6.229679759107231707e-01 7.490539262062441139e-01 5.345889156773583339e-01
6.241963459171320228e-01 7.495434939624215920e-01 5.258021281573941330e-01
6.331077506841232827e-01 7.519837031159398721e-01 5.342099775180313426e-01
6.449654632201096138e-01 7.539597766045106342e-01 5.356087425356812481e-01
6.275063325907163092e-01 7.471299885046948086e-01 5.359139276304412114e-01
6.323600472019613727e-01 7.483481856746116989e-01 5.329574470249539564e-01
6.527133498133284029e-01 7.639647612943917254e-01 5.436808882920824981e-01
6.368640705587939044e-01 7.560223192032634598e-01 5.440420239875484176e-01
6.195880509862564667e-01 7.386407564521215718e-01 5.416119876705222103e-01
6.198169398073264391e-01 7.473970254626097764e-01 5.146120080161951105e-01
6.251678518021179798e-01 7.407172867010508588e-01 5.283021027253028690e-01
6.056944995473088067e-01 7.365159052298552167e-01 5.223853267006439705e-01
6.087171035899939797e-01 7.319889929909156878e-01 5.285360779646188778e-01
6.158215582750938832e-01 7.322026225572476621e-01 5.404077781507817813e-01
6.119914853358562334e-01 7.328104495376446259e-01 5.399589017405723723e-01
6.112310658080792880e-01 7.387755465356404816e-01 5.365802484206670941e-01
6.169736320078127445e-01 7.414179408144372374e-01 5.380095319477929960e-01
5.975028229621265341e-01 7.404070151880448591e-01 5.307473982970671855e-01
5.428429008860540250e-01 6.814427116712953314e-01 4.485127313048697384e-01
5.709212012085329579e-01 7.013941872412284839e-01 4.875217444380016696e-01
5.730536820581683122e-01 7.133892330698569095e-01 5.215346232490005729e-01
5.848668884345021857e-01 7.185684784488458599e-01 5.159243039236630635e-01
5.848465427615181511e-01 7.176224046550899738e-01 5.210539567247535198e-01
5.802891120131026259e-01 7.128983937091178946e-01 5.138655761385947374e-01
5.744982248400321012e-01 7.143950722780032514e-01 5.185425377157912852e-01
5.813114820805485028e-01 7.160201829076001667e-01 5.287993001088493461e-01
5.761195206559445170e-01 7.157442447177546629e-01 5.306075217953022394e-01
5.627638579465111812e-01 7.096875921913307073e-01 5.194847966958626717e-01
5.769486068300424542e-01 7.111893571784621004e-01 5.233670054221218892e-01
5.678464613788262172e-01 7.051098157699311475e-01 5.413652963855911660e-01
5.781515447452213463e-01 7.098834192938017207e-01 5.384266182439649828e-01
5.864614805546229936e-01 7.227571438744264665e-01 5.349297056998403299e-01
5.909680471205785990e-01 7.276655374818160604e-01 5.153609831029185573e-01
6.092079429507329946e-01 7.275930560218105692e-01 5.282219916379283786e-01
6.031055126600950445e-01 7.304452650532547997e-01 5.294083986938078468e-01
6.050675984984893452e-01 7.341736096275724988e-01 5.278468682922858868e-01
6.226983957436852402e-01 7.452594581947283858e-01 5.338768171229183457e-01
6.226551611885942084e-01 7.391989908546200416e-01 5.354625080111087287e-01
6.135301268552710852e-01 7.312934252957752346e-01 5.453479618722087974e-01
6.171046072776472657e-01 7.388327687409079747e-01 5.555004526912239449e-01
6.004275134535762559e-01 7.374874111148411737e-01 5.536388236131880580e-01
6.201653594571774342e-01 7.436813969339071129e-01 5.478250475580106471e-01
6.229806919563382062e-01 7.478611611275571835e-01 5.615418459629097914e-01
6.147839289529098972e-01 7.426908169804986581e-01 5.446066164128543496e-01
6.211241492965483557e-01 7.441391745760470577e-01 5.336301258379874124e-01
6.319989115064953422e-01 7.463797418134098249e-01 5.409532965076652156e-01
6.343437503179011339e-01 7.563618376211839189e-01 5.313259783725495788e-01
6.478761660613828743e-01 7.603839228492080826e-01 5.219911292865789809e-01
6.404716126997690440e-01 7.584841456343272004e-01 5.429191971597440158e-01
6.392012797428306969e-01 7.581509852392142035e-01 5.367061372722555790e-01
6.166913357951597785e-01 7.426412244026001641e-01 5.296322010966317828e-01
6.330556148971017150e-01 7.504501480147709458e-01 5.324399039684235557e-01
6.426396984771264309e-01 7.510948515274513682e-01 5.359800510676392404e-01
6.245854569129510869e-01 7.462983591214737977e-01 5.415687531154311785e-01
6.275139622180853083e-01 7.509931231625314174e-01 5.312611265399130867e-01
6.264712464776553968e-01 7.445244707581815113e-01 5.151524399548326194e-01
6.234232103437401529e-01 7.485236671040986778e-01 5.128126875616728642e-01
6.334014913378297473e-01 7.551271095919674936e-01 5.378950875372580098e-01
6.418792789493494855e-01 7.585439110487177672e-01 5.368612730287586343e-01
6.372112186040833626e-01 7.554640848007649900e-01 5.402335683258563392e-01
6.397010203355001368e-01 7.588859726757611890e-01 5.318371634062725173e-01
6.392750328073977251e-01 7.569556769514043104e-01 5.396778771324808321e-01
6.313325907162694595e-01 7.565576647236549324e-01 5.337318542029073631e-01
6.330924914293852845e-01 7.586888739687287497e-01 5.414352346364736945e-01
6.218387910601113067e-01 7.523550116478977534e-01 5.376547542751345388e-01
6.083610543127739856e-01 7.363683991007212715e-01 5.374500259407331004e-01
6.039244259977009088e-01 7.360441399375388105e-01 5.450071718497269124e-01
5.917907752718690739e-01 7.221302428256071160e-01 5.303417564419486974e-01
5.860952584409110377e-01 7.291405987731559568e-01 5.252095604317351674e-01
5.888101341797132848e-01 7.237871435692414535e-01 5.220788700013224704e-01
5.886982329783013723e-01 7.243021434166488914e-01 5.234420300912503432e-01
5.842616046632282956e-01 7.260366120385347566e-01 5.337382122257149364e-01
5.702256335133925047e-01 7.134922330393383971e-01 5.393014821822769145e-01
5.768557796970529283e-01 7.111270485549485709e-01 5.554190699992879177e-01
5.791497543259986891e-01 7.227355265968810061e-01 5.457040111494287915e-01
5.706071148818424588e-01 7.197116509496342962e-01 5.339683726513463347e-01
5.952215643787956978e-01 7.289422284615619807e-01 5.342214219590848412e-01
6.030025126906135569e-01 7.304745119581692592e-01 5.320342621133050676e-01
5.120039470605588505e-01 6.737723929563279590e-01 4.603373821222571660e-01
5.375708283740755489e-01 6.919830418815677842e-01 4.942154708497370486e-01
5.599485254473505202e-01 7.075156916002889318e-01 5.127096875921913766e-01
5.716689046906948679e-01 7.194903917559333228e-01 5.294122135074923463e-01
5.717350281278928970e-01 7.092323577583137251e-01 5.269847203995889906e-01
5.848656168299406488e-01 7.138393810846278553e-01 5.237014374217963120e-01
5.848478143660796880e-01 7.220997243161311197e-01 5.241617582730593305e-01
5.824177780490533696e-01 7.180941699474063800e-01 5.301726330352691807e-01
5.880446282336904140e-01 7.230368968779564698e-01 5.418790246284371781e-01
5.887287514877773686e-01 7.273806980600401317e-01 5.387877539394309023e-01
5.812847783847570060e-01 7.244127730134993781e-01 5.302438428907132462e-01
5.803030996632790872e-01 7.147053437910092510e-01 5.182500686666463574e-01
5.717490157780693583e-01 7.121303445539719501e-01 5.104754783776360716e-01
5.717706330556149297e-01 7.162668741925311000e-01 5.067534918261258348e-01
5.687912635680206774e-01 7.154632201096631228e-01 5.239303262428662844e-01
5.780536311939857841e-01 7.171442813399659943e-01 5.273471276996164470e-01
5.578478347117526992e-01 7.083905555386008634e-01 5.216630553097120204e-01
5.546789961444950068e-01 7.025004832097333507e-01 5.336479283018483732e-01
5.577257606738487139e-01 7.049381491541286682e-01 5.271881771294290031e-01
5.567885881120232527e-01 7.109719127984456266e-01 5.438983326720989719e-01
5.406659138767662132e-01 7.043036184779402076e-01 5.264048687195450604e-01
5.594119083223975109e-01 7.072868027792189594e-01 5.174693034658853774e-01
5.572717978453932686e-01 7.071914324371064708e-01 5.133136997589037298e-01
5.649065116326384972e-01 7.142513809625538057e-01 5.174387849564093811e-01
5.901936399426251922e-01 7.301260923083183751e-01 5.467403688670512407e-01
5.767654957731864762e-01 7.180344045330159242e-01 5.354866684977772628e-01
5.707940407523829363e-01 7.184527624337494478e-01 5.250455234433016871e-01
5.555945514287748965e-01 7.099457279173151392e-01 5.248611407818841723e-01
5.659085360271004506e-01 7.101555426699626139e-01 5.311377808974476755e-01
5.695822016052736192e-01 7.093595182144637468e-01 5.268855352437920025e-01
5.753921628467665306e-01 7.194217251096123311e-01 5.187637969094922585e-01
5.919993184199550118e-01 7.216165145827611038e-01 5.172976368500828981e-01
5.862961719616280876e-01 7.177330342519404605e-01 5.232868943347473989e-01
5.671254615924558040e-01 7.121939247820470165e-01 5.145204524877671215e-01
5.544590085553554593e-01 7.052535070853805932e-01 5.278773868017618831e-01
5.551952675964638706e-01 7.046202480137536694e-01 5.385741243730989281e-01
5.517504908393607854e-01 6.962632628355764908e-01 5.349551377910702898e-01
5.848923205257321456e-01 7.225880204677470608e-01 5.449003570665608143e-01
5.872435173599455105e-01 7.221238848027995427e-01 5.223382773318684391e-01
5.756909899187190316e-01 7.156310719117812136e-01 5.203622038432976771e-01
5.822868027792189594e-01 7.242169459110283647e-01 5.048460849838760645e-01
5.695402386547441242e-01 7.184756513158564450e-01 5.196272164067506916e-01
5.664642272204758466e-01 7.124914802494379806e-01 5.184967599515772907e-01
5.811766919970294820e-01 7.191483301288897900e-01 5.259318318226671174e-01
5.778921374146753775e-01 7.204097618538977121e-01 5.330337432986439472e-01
5.726480402030498240e-01 7.151987263608712286e-01 5.346613971373638252e-01
5.727484969634083489e-01 7.143264056316822597e-01 5.302781762138737420e-01
5.712378307443464198e-01 7.170349233476770445e-01 5.291451765495772674e-01
5.664820296843369185e-01 7.154466892503636988e-01 5.329498173975849573e-01
5.676264737896867807e-01 7.108511103651030671e-01 5.323012990712200354e-01
5.466208380382702181e-01 7.070197658213039915e-01 5.183187353129673491e-01
5.584187851598660934e-01 7.085037283445743128e-01 5.246894741660816930e-01
5.583094271675771436e-01 7.087516912340667830e-01 5.277298806726279379e-01
5.561451562039043672e-01 7.029849645476647924e-01 5.309762871181371580e-01
5.640405489262571015e-01 7.108867152928250999e-01 5.300073244422742746e-01
5.664184494562618521e-01 7.099075797804701438e-01 5.371829889828181326e-01
5.702828557186599978e-01 7.208243049409467362e-01 5.227947833694469582e-01
5.577321186966561761e-01 7.077102470981984084e-01 5.160794396801660078e-01
5.616893520920438476e-01 7.127407147434918766e-01 5.358681498662272169e-01
5.583742790002136358e-01 7.103500981678722015e-01 5.154512670267851204e-01
5.024999745679087360e-01 6.696969003367209128e-01 4.692754905850398117e-01
5.181941180659402901e-01 6.850934883673615028e-01 5.020638142033143625e-01
5.299170405184077115e-01 7.003743603829055697e-01 5.150392671488591700e-01
5.496803186132389607e-01 7.033906064027832805e-01 5.057311217586799579e-01
5.602308216600034863e-01 7.105230363882361067e-01 5.294401888078452689e-01
5.636730552079836087e-01 7.084147160252692865e-01 5.349297056998403299e-01
5.832722963143813777e-01 7.127508875799839494e-01 5.331520025228634330e-01
5.779328287606433356e-01 7.044345937477747288e-01 5.216744997507655190e-01
5.561655018768882908e-01 7.022461622974334183e-01 5.096870835495060925e-01
5.649166844691305700e-01 7.055752230394400915e-01 5.180860316782128772e-01
5.566105634734133112e-01 7.065785190384634706e-01 5.347847427798293474e-01
5.642389192378510776e-01 7.080904568620868256e-01 5.323483484399955667e-01
5.422477899512720967e-01 7.017782118188014007e-01 5.292036703594062974e-01
5.509239478743858109e-01 7.067972350230414813e-01 5.297695343892737663e-01
5.516869106112857191e-01 7.089500615456607591e-01 5.259648935412660764e-01
5.541881567837559919e-01 7.059808648945585796e-01 5.172289702037619064e-01
5.564414400667337945e-01 7.012975452945544586e-01 5.187650685140537954e-01
5.601112908312224636e-01 7.070871608630634464e-01 5.261988687805820852e-01
5.412762840662862507e-01 7.036957914975432438e-01 5.231101413006988832e-01
5.505806146427808523e-01 7.056705933815525800e-01 5.189214758751182766e-01
5.659848323007904414e-01 7.124444308806624493e-01 5.268575599434390799e-01
5.749801629688405802e-01 7.139411094495478061e-01 5.258593503626616261e-01
5.823567410301013769e-01 7.177050589515874268e-01 5.300060528377127378e-01
5.700323496200445650e-01 7.158345286416211151e-01 5.199425743380026166e-01
5.833015432192958372e-01 7.271785129347615451e-01 5.111672312590920253e-01
5.807443464461196081e-01 7.216381318603065642e-01 5.098701946063620705e-01
5.626773888363292286e-01 7.137478255561998663e-01 5.105708487197485601e-01
5.754938912116865923e-01 7.196061077710298459e-01 5.154410941902930476e-01
5.696419670196640750e-01 7.206933296711122150e-01 5.180987477238278016e-01
5.570657979064302934e-01 7.078793705048779250e-01 5.338908047730949180e-01
5.634276355276142123e-01 7.071036917223629814e-01 5.407587410097557390e-01
5.479776401053906287e-01 6.993875952431816145e-01 5.401280251472517779e-01
5.568280078534297850e-01 7.037186803796502410e-01 5.367913347778761057e-01
5.488842941577399825e-01 6.978082623777988047e-01 5.270470290231025201e-01
5.551304157638273784e-01 6.982469659515162519e-01 5.163884395886104706e-01
5.665189062166203771e-01 7.077534816532894402e-01 5.304612872707297200e-01
5.579292174036886154e-01 7.056947538682211141e-01 5.278430534786013872e-01
5.650222276477350203e-01 7.093938515376242426e-01 5.257169306517736063e-01
5.765518662068545019e-01 7.185964537491988935e-01 5.235730053610848644e-01
5.691193375448876379e-01 7.148452202927741972e-01 5.402653584398937614e-01
5.763674835454369871e-01 7.142335784986928449e-01 5.333084098839279141e-01
5.756642862229275348e-01 7.137808872747988254e-01 5.103457747123630872e-01
5.809694204535050810e-01 7.154937386191391191e-01 5.205949074780521491e-01
5.799228898993906700e-01 7.155585904517757223e-01 5.314645832697530992e-01
5.936854660685039198e-01 7.202826013977476904e-01 5.184052044231493017e-01
5.696597694835250358e-01 7.111919003875850631e-01 5.372732729066845847e-01
5.741587064221116421e-01 7.102966907762892079e-01 5.281622262235379228e-01
5.862465793837295935e-01 7.169281085645110574e-01 5.271156956694235118e-01
5.756566565955585357e-01 7.143047883541367993e-01 5.217151910967334771e-01
5.810978525142165285e-01 7.118302458774580233e-01 5.276752016764834075e-01
5.884375540431938667e-01 7.250155135756503055e-01 5.436694438510289995e-01
5.931526637572354099e-01 7.294000061037019256e-01 5.404471978921883135e-01
5.851809747611926849e-01 7.239066743980223650e-01 5.301090528071942254e-01
5.874037395346944912e-01 7.261383404034547073e-01 5.343040762555822942e-01
5.847219255144912031e-01 7.206717123935666436e-01 5.310907315286721442e-01
5.810787784457940308e-01 7.176046021912290129e-01 5.233186844487848211e-01
5.891471093885107813e-01 7.310619932655821884e-01 5.305706452630186698e-01
5.903831090222886324e-01 7.284704631692454635e-01 5.229486475213883656e-01
5.864805546230454913e-01 7.249226864426607797e-01 5.245419680369477478e-01
5.955763420514541551e-01 7.336560665710419871e-01 5.343409527878658638e-01
5.013237403485213406e-01 6.683222958057395413e-01 4.682505773084709166e-01
5.312433240760521258e-01 6.935865352336192391e-01 5.038923815627511793e-01
5.544081443728955394e-01 7.069218522700684293e-01 5.114584287036754162e-01
5.673696096682637746e-01 7.153258868170211393e-01 5.231978820154423726e-01
5.905535040335296859e-01 7.283394878994109423e-01 5.222187465030874165e-01
5.884782453891618248e-01 7.237985880102949521e-01 5.251625110629596360e-01
5.757316812646869897e-01 7.182760093997009321e-01 5.202299569689016190e-01
5.914423556220180789e-01 7.237350077822198857e-01 5.063618376211839189e-01
5.970755638294625856e-01 7.349035106458733368e-01 5.060884426404614889e-01
5.934273303425193768e-01 7.311281167027802175e-01 5.379217912330495066e-01
5.969840083010345966e-01 7.303015737378053540e-01 5.301026947843867632e-01
6.189039277321695121e-01 7.408571632028158049e-01 5.326446323028249941e-01
6.027672658467360112e-01 7.422203232927436778e-01 5.508590960417493188e-01
6.122445346435946290e-01 7.366939298684652693e-01 5.440089622689494586e-01
6.109385967589342492e-01 7.379235714794356582e-01 5.444959868160038630e-01
6.236966053244625829e-01 7.405799534084088753e-01 5.452614927620268448e-01
6.462714011047699936e-01 7.577122816654967563e-01 5.565673289183222794e-01
6.321769361451053948e-01 7.541734061708426085e-01 5.498354543697419050e-01
6.397518845179601676e-01 7.627109591967528024e-01 5.528656880397961881e-01
6.557575711335591473e-01 7.651537115593941563e-01 5.529852188685770997e-01
6.656799015269427855e-01 7.773191523992635243e-01 5.471243934446241575e-01
6.652094078391878051e-01 7.649489832249926069e-01 5.480984425387330772e-01
6.834124271370586312e-01 7.758593503626616261e-01 5.565546128727072439e-01
6.848798588010295285e-01 7.780503250221258993e-01 5.447871842605873649e-01
6.930448316904201933e-01 7.824538916186000170e-01 5.402195806756797669e-01
7.318580177210811666e-01 7.985473189489424861e-01 5.563982055116427627e-01
7.243479211808628859e-01 8.019221574551632647e-01 5.511630095319477451e-01
7.270818709880876307e-01 8.055513168736838647e-01 5.460524307992797866e-01
7.305876847641428196e-01 8.046001566616819423e-01 5.512176885280922756e-01
7.405151015757723831e-01 8.081199580879137034e-01 5.697131768751081404e-01
7.480875067395041933e-01 8.221330403556423860e-01 5.607140313933733911e-01
7.517230241808323665e-01 8.247970519119846022e-01 5.532369965717540694e-01
7.471579638050477312e-01 8.179303872798852071e-01 5.479445783867915587e-01
7.424962614825891816e-01 8.124001790419222990e-01 5.484112572608620395e-01
7.554221218502354951e-01 8.171788689840387976e-01 5.527843053478601609e-01
7.412806075217952539e-01 8.108869696137374072e-01 5.597348958810185460e-01
7.303791416160567707e-01 8.004127628406628725e-01 5.740366323842076568e-01
7.239918719036428918e-01 7.924614195176040710e-01 5.513880835393332180e-01
7.293376974801883961e-01 8.056339711701814288e-01 5.316845708588925357e-01
7.285836359752190239e-01 8.004025900041709107e-01 5.379319640695414684e-01
7.134871466210923607e-01 7.952360606707968849e-01 5.342989898373363689e-01
7.088890245267087664e-01 7.904993336792097702e-01 5.415331481877091457e-01
7.540907518743451554e-01 8.221012502416048529e-01 5.936257006541133530e-01
7.274226610105696267e-01 8.084632913195186621e-01 5.743011261329996620e-01
7.054277169103061462e-01 7.914377778455966572e-01 5.656809188105919040e-01
7.072283089693899294e-01 7.944069744966989477e-01 5.623861913917457267e-01
7.211511073132521599e-01 8.055169835505233689e-01 5.633004750714641906e-01
6.999203975544501244e-01 7.896384573910742999e-01 5.545124159469384528e-01
6.955765963723664624e-01 7.873571988077435746e-01 5.459621468754132234e-01
7.010177922910244552e-01 7.835512863551744589e-01 5.512037008779158143e-01
6.845619576606545298e-01 7.764010539058605609e-01 5.497438988413139160e-01
6.763931699575792544e-01 7.688502660196742111e-01 5.547692800683614589e-01
6.744069236325164196e-01 7.756800541194901477e-01 5.592160812199264974e-01
6.497250790938037257e-01 7.687892290007222185e-01 5.570467238380077957e-01
6.502375357320882010e-01 7.668322295805739541e-01 5.476241340372935973e-01
6.555172378714356762e-01 7.642178106021302320e-01 5.526914782148706351e-01
6.628289641000599808e-01 7.615665150914029402e-01 5.489300719219539770e-01
6.555846329131951311e-01 7.579678741823582255e-01 5.498685160883408640e-01
6.497352519302956875e-01 7.596311329488001363e-01 5.406951607816807837e-01
6.548598183131402184e-01 7.621654408398693681e-01 5.484379609566535363e-01
5.393256426689453376e-01 6.936450290434481580e-01 4.723553168329925334e-01
5.704532507299010513e-01 7.173401084424370078e-01 4.925293232011881961e-01
5.913724173711355503e-01 7.293427838984344325e-01 5.110655028941719635e-01
6.107593005157627708e-01 7.423385825169631635e-01 5.287954852951648466e-01
6.325431582588173507e-01 7.514598020366018982e-01 5.501164789778333342e-01
6.345904416028320671e-01 7.545002085431480321e-01 5.473901587979775885e-01
6.471437218339589625e-01 7.496274198634805819e-01 5.464262825403607415e-01
6.508097577847631321e-01 7.532527644683166823e-01 5.354968413342692246e-01
6.344658243558051192e-01 7.476513463749097088e-01 5.339938047425764056e-01
6.356763918983530104e-01 7.463276060263883682e-01 5.351077303384502715e-01
6.359663177383749755e-01 7.538249865209916134e-01 5.444578386791588676e-01
6.348905402793461050e-01 7.558531957965839432e-01 5.511693675547553184e-01
6.336532690410067170e-01 7.586265653452152202e-01 5.539427371033864844e-01
6.443665374716431860e-01 7.527390362254707812e-01 5.474410229804376193e-01
6.549742627236752046e-01 7.599490340891751350e-01 5.528059226254056213e-01
6.446094139428897307e-01 7.539279864904731010e-01 5.444298633788059449e-01
6.452681051057466144e-01 7.565945412559383909e-01 5.483832819605090059e-01
6.412307606229844525e-01 7.513517156488743742e-01 5.384622231716870155e-01
6.365525274412264789e-01 7.539801222774946687e-01 5.436707154555905364e-01
6.338707134210231908e-01 7.502187159845780107e-01 5.514440341400392853e-01
6.327377137567268273e-01 7.517789747815383228e-01 5.511223181859797871e-01
6.325800347911008092e-01 7.502555925168614692e-01 5.432790612506485095e-01
6.414367605619475388e-01 7.510185552537613773e-01 5.327832372000285144e-01
6.295904924670145952e-01 7.452696310312204586e-01 5.287878556677958475e-01
6.374846135848059037e-01 7.506879380677714542e-01 5.303697317423017310e-01
6.356865647348449722e-01 7.532413200272631837e-01 5.292138431958982592e-01
6.516909797458825260e-01 7.550978626870530341e-01 5.405298521886857666e-01
6.500429802341787244e-01 7.587346517329427442e-01 5.352882981861832867e-01
6.521513005971455446e-01 7.634840947701447833e-01 5.600171920936715120e-01
6.324376150802127894e-01 7.489547410504471259e-01 5.442823572496718887e-01
6.346947131768750916e-01 7.522481968647317663e-01 5.527906633706676232e-01
6.309485661386964317e-01 7.533481348104291708e-01 5.493369853816340020e-01
6.234906053854996077e-01 7.522558264921007654e-01 5.558781192459893994e-01
6.272596413057852649e-01 7.502454196803695075e-01 5.606224758649454021e-01
6.182973723563340851e-01 7.435160883409120958e-01 5.527995646025981591e-01
6.210325937681203667e-01 7.478242845952737250e-01 5.404993336792097702e-01
6.040261543626209706e-01 7.302557959735913595e-01 5.301904354991302526e-01
6.032174138615069570e-01 7.332618691569769975e-01 5.339658294422233720e-01
6.039409568570004438e-01 7.349518316192104050e-01 5.259292886135441547e-01
5.931310464796899495e-01 7.266495254371776458e-01 5.247517827895952225e-01
5.993822545040233818e-01 7.304274625893938389e-01 5.342671997232988357e-01
5.947828608050782506e-01 7.359563992227953211e-01 5.348661254717652636e-01
6.017792291024506302e-01 7.363747571235287337e-01 5.423635059663686198e-01
5.951732434054587406e-01 7.322267830439160852e-01 5.422694072288175571e-01
6.083941160313730556e-01 7.340451775668609402e-01 5.402882473220007586e-01
5.996149581387778538e-01 7.267563402203436329e-01 5.424029257077751520e-01
5.850067649362671318e-01 7.224163538519445815e-01 5.454191717276528628e-01
5.667427086194443131e-01 7.210544653665781345e-01 5.349665822321237885e-01
5.714794356110314277e-01 7.244827112643817957e-01 5.407549261960712395e-01
5.913622445346435885e-01 7.320398571733756077e-01 5.360436312957141958e-01
5.840937528611103158e-01 7.250727357809177986e-01 5.467937762586342343e-01
5.745172989084545989e-01 7.245195877966653653e-01 5.431989501632740192e-01
5.832252469456058463e-01 7.323412274544510714e-01 5.441831720938749006e-01
5.805815810622475537e-01 7.247077852717673796e-01 5.380044455295469596e-01
5.636666971851761465e-01 7.127661468347219476e-01 5.350110883917762461e-01
5.601646982228054572e-01 7.114843694367299909e-01 5.270228685364339860e-01
5.615621916358938259e-01 7.110265917945900460e-01 5.288781395916622996e-01
5.586985381633960968e-01 7.063013092440565410e-01 5.284241767632068543e-01
5.563994771162042996e-01 7.093951231421857795e-01 5.436643574327829631e-01
5.653019806512650236e-01 7.138215786207667835e-01 5.392862229275389163e-01
4.857720165613778063e-01 6.449006113874731216e-01 4.517960142826624170e-01
5.197111423078096815e-01 6.743980224005859947e-01 4.878599912513605918e-01
5.388475193538214691e-01 6.890138452304656047e-01 5.023753573208817880e-01
5.491360718609169522e-01 7.002065085807875899e-01 5.151244646544795858e-01
5.530271818191065947e-01 7.069345683156834648e-01 5.215600553402305328e-01
5.473888871934161626e-01 7.077649260943429388e-01 5.247861161127557184e-01
5.568025757621998251e-01 7.127368999298073771e-01 5.369172236294645906e-01
5.635509811700796234e-01 7.144370352285327463e-01 5.430361847794020758e-01
5.617987100843327974e-01 7.171760714540035275e-01 5.232398449659718676e-01
5.482968128503270533e-01 7.118353322957040596e-01 5.287369914853358166e-01
5.598137353638314995e-01 7.148337758517206986e-01 5.393256426689453376e-01
5.715442874436679199e-01 7.200359101128167572e-01 5.422681356242561312e-01
5.713611763868119420e-01 7.228626870530310278e-01 5.361211991739657234e-01
5.591219824823755458e-01 7.192958362580238463e-01 5.287077445804213571e-01
5.676913256223232729e-01 7.230725018056785025e-01 5.160921557257810433e-01
5.556517736340423896e-01 7.095706045716727584e-01 5.232779931028168630e-01
5.655092521947894246e-01 7.165351827550076047e-01 5.218868577125359565e-01
5.623874629963072636e-01 7.166750592567725509e-01 5.392022970264799264e-01
5.825055187637968590e-01 7.255266986093732440e-01 5.344019898068178565e-01
5.898922696615497285e-01 7.240147607857498890e-01 5.416399629708751329e-01
5.677739799188207259e-01 7.182747377951393952e-01 5.353836685282957752e-01
5.861524806461785309e-01 7.282809940895820233e-01 5.327247433901994844e-01
5.764526810510575139e-01 7.217004404838200937e-01 5.335411135186823861e-01
5.865059867142755623e-01 7.284602903327535017e-01 5.406697286904507127e-01
5.812936796166875419e-01 7.194051942503127961e-01 5.419057283242286749e-01
5.797308776106041561e-01 7.144815413881853150e-01 5.344897305215613459e-01
5.665621407717114089e-01 7.129441714733318891e-01 5.327349162266914462e-01
5.716015096489354130e-01 7.099457279173151392e-01 5.310182500686666529e-01
5.687683746859136802e-01 7.115339620146284849e-01 5.403976053142898195e-01
5.632051047293517021e-01 7.018138167465234334e-01 5.297835220394502276e-01
5.534989471114231119e-01 6.976709290851568213e-01 5.239532151249732816e-01
5.548176010416984161e-01 7.067590868861964859e-01 5.379930010884934610e-01
5.445061596524959358e-01 7.104238512324391186e-01 5.339314961190628761e-01
5.520900092572812445e-01 7.034160384940132404e-01 5.268791772209845403e-01
5.362966806034527023e-01 7.052306182032735959e-01 5.215168207851395010e-01
5.411325927508366940e-01 7.087949257891578148e-01 5.338437554043193867e-01
5.384596799625639418e-01 7.020147302672403722e-01 5.177401552374848448e-01
5.533921323282571247e-01 7.033054088971627538e-01 5.148294523962115843e-01
5.695427818638670869e-01 7.100423698639891645e-01 5.325734224473810396e-01
5.732393363241472528e-01 7.101886043885616839e-01 5.300505589973651954e-01
5.586705628630430631e-01 7.083053580329803367e-01 5.277782016459648951e-01
5.799139886674601341e-01 7.169611702831100164e-01 5.516246019877723006e-01
5.857849869279051491e-01 7.239600817896053586e-01 5.433159377829319681e-01
5.720414848272143971e-01 7.208281197546312358e-01 5.420214443393250869e-01
5.678884243293557121e-01 7.130077517014069555e-01 5.281329793186234633e-01
5.669932147180598569e-01 7.098122094383576552e-01 5.336568295337789092e-01
5.751709036530655572e-01 7.273768832463556322e-01 5.419451480656350961e-01
5.706109296955269583e-01 7.138851588488418498e-01 5.297720775983967290e-01
5.698632262133650483e-01 7.173718985564745410e-01 5.312242500076296281e-01
5.711945961892554990e-01 7.125652333140048977e-01 5.270203253273110233e-01
5.660636717836033949e-01 7.114398632770775333e-01 5.205186112043621582e-01
5.751009654021831397e-01 7.119955544704530404e-01 5.281825718965219574e-01
5.696381522059795754e-01 7.141916155481632389e-01 5.338551998453728853e-01
5.761843724885810092e-01 7.207124037395347127e-01 5.370418408764915386e-01
5.714679911699779291e-01 7.197103793450727593e-01 5.248128198085472151e-01
5.684034241767632611e-01 7.127597888119143743e-01 5.424843083997110682e-01
5.611311176895453778e-01 7.088941109449548028e-01 5.413017161575162106e-01
5.764081748914049452e-01 7.149825535854161807e-01 5.290612506485182776e-01
5.811321858373770244e-01 7.211434776858831608e-01 5.322618793298135031e-01
5.793850011698762348e-01 7.168047629220455352e-01 5.312407808669291631e-01
4.979870499791456684e-01 6.722833440148116013e-01 4.686117130039368917e-01
5.221500798567664248e-01 6.878566850795007070e-01 4.898589536220384066e-01
5.460600604266487856e-01 7.062390006205430115e-01 5.141097242144027080e-01
5.539986877040925517e-01 7.157900224819686574e-01 5.329345581428469592e-01
5.557865637175614104e-01 7.109566535437076285e-01 5.303735465559862305e-01
5.773936684265673636e-01 7.191928362885423587e-01 5.252057456180506678e-01
5.768239895830153952e-01 7.286624754580319774e-01 5.417696666361481173e-01
5.837313455610827484e-01 7.263125502283801493e-01 5.333872493667409787e-01
5.951974038921272747e-01 7.248718222602008598e-01 5.328836939603869283e-01
5.850919624418876586e-01 7.205788852605772288e-01 5.306711020233771947e-01
6.017232785017446739e-01 7.295131789096753749e-01 5.382714824874619275e-01
5.907302570675782016e-01 7.333241777804905270e-01 5.359813226722006663e-01
5.918327382223985689e-01 7.308801538132877473e-01 5.380006307158624601e-01
5.864881842504144904e-01 7.231437116611224569e-01 5.318397066153955910e-01
5.794053468428601583e-01 7.311878821171707843e-01 5.443917152419609495e-01
5.719753613900163680e-01 7.181374045024974118e-01 5.474689982807906530e-01
5.628299813837092103e-01 7.124228136031169889e-01 5.432803328552100464e-01
5.735724967192602497e-01 7.159260841700491040e-01 5.411122470778527704e-01
5.551164281136509171e-01 7.069663584297209979e-01 5.264646341339355162e-01
5.528313547166356923e-01 7.068150374869024422e-01 5.293104851425722845e-01
5.743863236386201887e-01 7.194853053376872865e-01 5.436643574327829631e-01
5.562074648274177857e-01 7.167984048992380730e-01 5.513410341705577977e-01
5.460384431491032142e-01 7.086563208919542944e-01 5.476571957558926673e-01
5.658907335632394897e-01 7.096354564043092505e-01 5.423991108940906525e-01
5.748275704214605986e-01 7.197955768506932861e-01 5.358592486342966810e-01
5.666803999959308946e-01 7.111054312774031105e-01 5.387318033387249461e-01
5.677917823826817978e-01 7.137719860428682894e-01 5.251536098310292111e-01
5.954110334584592490e-01 7.305965859960732445e-01 5.474893439537745765e-01
5.891547390158797803e-01 7.267779574978890933e-01 5.511413922544022848e-01
5.869294310332550113e-01 7.202075767286192365e-01 5.362826929532761300e-01
5.842488886176132601e-01 7.169840591652170136e-01 5.278354238512323882e-01
5.847257403281757027e-01 7.211180455946532009e-01 5.388971119317199632e-01
5.775818659016693779e-01 7.200435397401857562e-01 5.443688263598539523e-01
5.848160242520421548e-01 7.274442782881150871e-01 5.386796675517034894e-01
6.019381796726380740e-01 7.338735109510584609e-01 5.433909624520605330e-01
5.962808109785251443e-01 7.277672658467360112e-01 5.486643065686005460e-01
5.915364543595690305e-01 7.271785129347615451e-01 5.525605029450361139e-01
5.814450005595059867e-01 7.234845016836044529e-01 5.501024913276568729e-01
5.756197800632750772e-01 7.250333160395112664e-01 5.404980620746482334e-01
5.691167943357646752e-01 7.244903408917507948e-01 5.417671234270251546e-01
5.815925066886400430e-01 7.216953540655740573e-01 5.452220730206203125e-01
5.785101372315643031e-01 7.226020081179235222e-01 5.353073722546057844e-01
5.788420260221157632e-01 7.167971332946765362e-01 5.238387707144382954e-01
5.756096072267830044e-01 7.211714529862361944e-01 5.187370932137007618e-01
5.655537583544419933e-01 7.148299610380361990e-01 5.194072288176112551e-01
5.653299559516179462e-01 7.143963438825647883e-01 5.192673523158461979e-01
5.803043712678406241e-01 7.268898586993011168e-01 5.511096021403647516e-01
5.551787367371644466e-01 7.231640573341064915e-01 5.409431236711732538e-01
5.596573280027670183e-01 7.165593432416760278e-01 5.442887152724794619e-01
5.590024516535945232e-01 7.140072328867458351e-01 5.408604693746756897e-01
5.636527095349996852e-01 7.132862331003754219e-01 5.245597705008087086e-01
5.549066133610034424e-01 7.059312723166600856e-01 5.192088585060172790e-01
5.599370810062970216e-01 7.155852941475672191e-01 5.095230465610726123e-01
5.557674896491389127e-01 7.083918271431622893e-01 5.014229255043183286e-01
5.597018341624194759e-01 7.144141463464257491e-01 5.196424756614886897e-01
5.720961638233588165e-01 7.195883053071687740e-01 5.287814976449883853e-01
5.607407350891648878e-01 7.117806532995595292e-01 5.195560065513067372e-01
5.667452518285673868e-01 7.162897630746380973e-01 5.297224850204982349e-01
5.645975117241940344e-01 7.172523677276935183e-01 5.300187688833277733e-01
5.800780256558936143e-01 7.225727612130090627e-01 5.280948311817784679e-01
4.695209102654093192e-01 6.428991058076723997e-01 4.732810449537644404e-01
5.131433047476627873e-01 6.760828984445732548e-01 4.919049653614917528e-01
5.258008565528325962e-01 6.886069317707856907e-01 5.167165135654774311e-01
5.480259610787275859e-01 7.011996317433190073e-01 5.218385367391989993e-01
5.434888760032959842e-01 6.995770643228451657e-01 5.227515488143559264e-01
5.463703319396547853e-01 7.106044190801721339e-01 5.313768425550096097e-01
5.571204769025747128e-01 7.174977874080630258e-01 5.279918312122968693e-01
5.393625192012289071e-01 6.990684224982451900e-01 5.233822646768598874e-01
5.472337514369131073e-01 7.089106418042542268e-01 5.183670562863043063e-01
5.487113559373759664e-01 6.992884100873846265e-01 5.183632414726198068e-01
5.521866512039551589e-01 7.078946297596159232e-01 5.199082410148421207e-01
5.502957752210049236e-01 7.118404187139499850e-01 5.401216671244443157e-01
5.456734926399527952e-01 7.085914690593178022e-01 5.459036530655843045e-01
5.500694296090579138e-01 7.122918383332824677e-01 5.440254931282489936e-01
5.418866542558061772e-01 7.017985574917854352e-01 5.411440371918901926e-01
5.457078259631132910e-01 6.981287067272967661e-01 5.248026469720552534e-01
5.399461856949573368e-01 6.991167434715821472e-01 5.190371918902147996e-01
5.316820276497695730e-01 6.916231777906634015e-01 5.258199306212550939e-01
5.418294320505386841e-01 6.985051016775006838e-01 5.358567054251737183e-01
5.481327758618935730e-01 7.014488662373730143e-01 5.262319304991810442e-01
5.470048626158431349e-01 7.018951994384594606e-01 5.283275348165329399e-01
5.452614927620268448e-01 7.097244687236141658e-01 5.320520645771660284e-01
5.416221605070141720e-01 7.017693105868709758e-01 5.380947294534135228e-01
5.443599251279234164e-01 7.077280495620593692e-01 5.377793715221614868e-01
5.530831324198126620e-01 7.143200476088747974e-01 5.277133498133284029e-01
5.529508855454166039e-01 7.112999867753125871e-01 5.345316934720908408e-01
5.445430361847793943e-01 7.076593829157383775e-01 5.306126082135481647e-01
5.496981210770999215e-01 7.144828129927467408e-01 5.373546555986206119e-01
5.449130731121758497e-01 7.033791619617297819e-01 5.377005320393485333e-01
5.597755872269865041e-01 7.129352702414014642e-01 5.344681132440157745e-01
5.450262459181494101e-01 7.091331726025167370e-01 5.299666330963062055e-01
5.312522253079826617e-01 6.956033000681579592e-01 5.120166631061738860e-01
5.316667683950315748e-01 7.004544714702800601e-01 5.155034028138065771e-01
5.482383190404980233e-01 7.052802107811720900e-01 5.205809198278755767e-01
5.574002299061047161e-01 7.097651600695822349e-01 5.179181798760948974e-01
5.597717724133020045e-01 7.052077293211665987e-01 5.247543259987181852e-01
5.506721701712088413e-01 6.972106082338938027e-01 5.204270556759341693e-01
5.415840123701691766e-01 7.001111382386751014e-01 5.276650288399914457e-01
5.518827377137567325e-01 7.065492721335490112e-01 5.280185349080884771e-01
5.573671681875057571e-01 7.079594815922524154e-01 5.211073641163365133e-01
5.466297392702007540e-01 7.019689525030263777e-01 5.132323170669678136e-01
5.408248644469537680e-01 7.021088290047914349e-01 5.099681081575976327e-01
5.358961251665802505e-01 6.989590645059562402e-01 5.222899563585314819e-01
5.419756665751110924e-01 6.977815586820073079e-01 5.275912757754244176e-01
5.594653157139805044e-01 7.055281736706645601e-01 5.312725709809665853e-01
5.609060436821599049e-01 7.040124210333567056e-01 5.234649189733573404e-01
5.525554165267901885e-01 7.107977029735200736e-01 5.156534521520635961e-01
5.520798364207891717e-01 7.067527288633890237e-01 5.204346853033031683e-01
5.483616646829635455e-01 7.135926897996968110e-01 5.249844864243496945e-01
5.406239509262367182e-01 7.082023580634988491e-01 5.264595477156895909e-01
5.629965615812656532e-01 7.150296029541917120e-01 5.306151514226712385e-01
5.473609118930631290e-01 7.070515559353414137e-01 5.176447848953723563e-01
5.533171076591285598e-01 7.090352590512812858e-01 5.268079673655405859e-01
