3.101226533658965945e+00 3.101226533658965945e+00 3.101226533658965945e+00
3.058260963666369125e+00 3.058260963666369125e+00 3.058260963666369125e+00
3.026000201675877133e+00 3.026000201675877133e+00 3.026000201675877133e+00
1.257961893097028216e+00 1.257961893097028216e+00 1.257961893097028216e+00
9.608121635148662021e-01 9.608121635148662021e-01 9.608121635148662021e-01
8.405825973393541428e-01 8.405825973393541428e-01 8.405825973393541428e-01
7.120498877255634351e-01 7.120498877255634351e-01 7.120498877255634351e-01
6.891584459152026998e-01 6.887206616936346615e-01 6.892703514325135838e-01
6.994045642694290965e-01 7.035917981863928361e-01 7.006896331220655583e-01
6.326240245159163722e-01 6.764049061346358860e-01 6.316660640984965713e-01
5.527419311203094487e-01 6.572641437506302475e-01 5.630987252608874449e-01
5.148686770308391614e-01 6.457723079344700468e-01 5.243843351951460452e-01
4.961693880612799701e-01 6.394170583359772841e-01 5.032071383422734856e-01
4.906749501344095932e-01 6.398056533191668338e-01 5.004697572265139893e-01
4.797389527119256813e-01 6.356196491331626008e-01 4.873743522392171013e-01
4.722129992400262433e-01 6.381528949096516579e-01 4.988329853194717889e-01
4.745888394537043364e-01 6.361865551054740608e-01 4.860290265695670908e-01
4.793196144547495763e-01 6.353134461242568864e-01 4.971199700929430643e-01
4.728106484863241477e-01 6.403860863320323116e-01 5.069369123423177470e-01
4.680479004803329013e-01 6.413489656732900279e-01 5.018421369772720908e-01
4.799701421323042672e-01 6.488761488761488616e-01 4.974544569139163763e-01
4.681425897642113587e-01 6.404672485753566402e-01 4.952876709633466379e-01
4.610076907374204835e-01 6.405693162449919154e-01 4.913943427456941015e-01
4.739260144665550234e-01 6.412653439680466860e-01 4.883273937327991532e-01
4.742051633943525912e-01 6.473857149532825650e-01 4.922477760315598361e-01
4.756894486624216323e-01 6.399323156079912422e-01 4.840048894102947918e-01
4.683159818294953536e-01 6.419084932598445592e-01 4.887627184924482338e-01
4.602956765118927374e-01 6.371248398275425329e-01 4.951597789435627228e-01
4.639369098828558524e-01 6.435858462885489795e-01 5.023045158180293734e-01
4.775020720966666743e-01 6.463429030996598046e-01 5.132626483977835719e-01
4.731746488503245085e-01 6.468704576812684959e-01 5.130499049417968083e-01
4.706094300688895560e-01 6.454070778395102348e-01 5.043261935153826592e-01
4.621082999461377794e-01 6.445610229394013180e-01 5.007747305044601971e-01
4.673395754476835640e-01 6.414768576930739430e-01 5.066061147142227883e-01
4.655208033586412109e-01 6.413809386782359789e-01 5.054563162671270593e-01
4.622042189609757434e-01 6.398818966386533580e-01 4.948006975034002219e-01
4.714013768067822352e-01 6.444970769295094160e-01 5.008239197428386857e-01
4.768613822667876478e-01 6.409923436950464293e-01 4.808272646110484105e-01
4.706315652261598426e-01 6.451894154596857778e-01 4.959750905696851397e-01
4.776520992737208759e-01 6.454390508444562968e-01 4.904277742115579763e-01
4.846800117070387270e-01 6.540840594894649085e-01 4.967596589218210568e-01
4.783948567732351775e-01 6.613296343026072721e-01 5.098304692899287005e-01
4.718256339877961447e-01 6.562680616734670735e-01 5.015937313234610784e-01
4.740674335268930117e-01 6.458091998632539132e-01 4.903503011611119455e-01
4.713595659541605642e-01 6.552301687436822286e-01 5.108695919506730521e-01
4.712943902133091556e-01 6.489388651550813680e-01 4.996790402195807612e-01
4.569717137284705077e-01 6.375589348562321623e-01 5.010403523917037472e-01
4.587019451884316590e-01 6.338869582112824919e-01 4.939214398673857920e-01
4.676912785020893026e-01 6.441687387633333595e-01 4.961534015588069391e-01
4.747905153310558735e-01 6.396863694160991320e-01 4.949445760256571125e-01
4.686984281578875922e-01 6.369194747573125870e-01 4.842717410284977930e-01
4.657888847078036076e-01 6.335020524209713511e-01 4.876190687001497603e-01
4.647989512854377447e-01 6.348018780451213372e-01 4.968309833174697765e-01
4.699896456653213650e-01 6.360697306643252613e-01 5.048537480969913505e-01
4.691423610342529416e-01 6.467351872757277631e-01 5.060195330465601105e-01
4.662045337721013594e-01 6.480128777426075182e-01 5.036781252997468705e-01
4.602760008165413530e-01 6.406172757524108974e-01 4.977815653491329262e-01
4.681302924546167921e-01 6.481506076100670422e-01 5.080018593532107385e-01
4.734144463874193631e-01 6.490876626011761186e-01 5.088884953749818196e-01
4.697486183972670593e-01 6.495131495131495347e-01 5.002484056538110124e-01
4.093466931304768908e-01 5.941703374135806071e-01 4.435405921892408565e-01
4.297835919457541065e-01 6.117579495957874425e-01 4.716719176178635897e-01
4.486267594375702439e-01 6.231427988184744526e-01 4.896075436615976995e-01
4.636098014476393026e-01 6.288426018155748309e-01 5.015408528922042919e-01
4.820250225655631215e-01 6.475111475111474668e-01 4.992916749673506627e-01
4.823398336911850492e-01 6.508092859444211120e-01 5.061142223304385679e-01
4.762723411372060123e-01 6.445278202034958603e-01 4.995757428189860350e-01
4.718883502667286511e-01 6.397134234972072786e-01 4.955705090840226146e-01
4.847611739503631667e-01 6.476992963479449861e-01 4.958090768901579626e-01
4.749762047059344350e-01 6.399286264151129444e-01 5.006185546726087399e-01
4.727848241361755077e-01 6.426131290996155432e-01 4.972281864173755950e-01
4.745396502153259033e-01 6.431603593765755633e-01 4.969010779821590451e-01
4.880494745359610365e-01 6.532994911373289915e-01 5.187423295531403689e-01
4.799074258533718162e-01 6.542906542906542500e-01 5.152855558260963642e-01
4.929733172976416000e-01 6.597604975983354381e-01 5.177720718261258348e-01
4.870927438495006312e-01 6.444503471530498295e-01 5.032132869970707967e-01
4.778845184250589684e-01 6.516787057327597665e-01 4.953147250444547844e-01
4.568315243990919705e-01 6.475111475111474668e-01 5.039191525678011763e-01
4.725007562845400799e-01 6.480104182806885049e-01 4.996630537171077857e-01
4.902039631769361527e-01 6.548723170344792344e-01 5.017535963481909445e-01
4.874690415230955587e-01 6.551539254241957044e-01 5.043729232918422456e-01
4.903244768109633056e-01 6.569702380513191553e-01 5.077054941919806330e-01
4.973560784371595100e-01 6.595612811829028033e-01 5.038859498318958297e-01
4.834281455903077784e-01 6.529133556160583440e-01 4.960132122294284573e-01
4.806231292717779158e-01 6.621879865123108111e-01 5.130449860179590038e-01
4.674281160767647103e-01 6.519209627317735789e-01 5.076833590347104019e-01
4.883741235092586286e-01 6.592267943619295467e-01 5.049927076954103811e-01
4.845681061897277875e-01 6.520648412540304140e-01 4.949863868782787835e-01
4.808063591847375751e-01 6.505522721738937753e-01 5.053825324095594373e-01
4.729569864704999960e-01 6.499558526585553775e-01 4.974335514876055409e-01
4.841733625517409267e-01 6.555781826052096140e-01 5.069098582612096004e-01
4.968395914341860453e-01 6.651344218911786621e-01 5.023032860870698668e-01
4.930557092719254908e-01 6.544074787318030495e-01 4.825169149493473975e-01
5.061277493709925857e-01 6.606311471176335992e-01 4.894255434795975468e-01
4.992818371196749427e-01 6.641961371691101901e-01 5.053788432166810285e-01
4.856933100176343276e-01 6.580720769909959023e-01 5.200581416797632750e-01
4.820594550324280303e-01 6.592034294736996980e-01 5.151404475728800225e-01
4.789322492025194777e-01 6.587004695112803621e-01 4.928048441561955206e-01
4.764211385833007628e-01 6.589476454341318679e-01 5.041577203739365798e-01
4.941846022927103843e-01 6.661993689020716536e-01 5.151146232227313826e-01
4.850968905022959299e-01 6.619063781225943410e-01 5.129871886628643018e-01
4.834933213311591871e-01 6.637116231710826764e-01 5.060613438991817814e-01
4.912959642689372353e-01 6.650483407240164180e-01 5.086991168072249048e-01
4.860806752698644817e-01 6.574682790899006868e-01 5.104846861603618002e-01
4.797500202905608524e-01 6.573477654558735894e-01 5.024545429950835196e-01
4.858384182708507248e-01 6.603802820019035735e-01 5.139795815471490670e-01
4.899752332184764692e-01 6.633328660355687356e-01 5.219740625146030988e-01
4.896518139761383281e-01 6.576515090028604016e-01 5.117390117390117066e-01
5.059851005796951462e-01 6.707149409852112276e-01 5.139845004709869825e-01
4.903257065419227567e-01 6.630672441483251855e-01 5.223269952999682886e-01
4.994171075252156200e-01 6.643006643006642564e-01 5.109458352701595762e-01
5.060502763205465548e-01 6.737683629575521582e-01 5.087999547459006733e-01
4.859798373311886577e-01 6.694815208328721567e-01 5.063872226034388246e-01
4.944194809059673790e-01 6.680402761483842378e-01 5.164685570090975508e-01
5.014461636083257234e-01 6.760618111969463051e-01 5.196658575036953165e-01
5.097185637726178165e-01 6.729173891336053259e-01 5.274525139390003892e-01
5.018298396676774686e-01 6.716593743620770107e-01 5.091910091910092362e-01
5.000332027359054576e-01 6.670946130405589480e-01 5.096201852958609502e-01
4.997429862294727188e-01 6.719532800613882140e-01 5.067229391553715878e-01
5.021606372957724274e-01 6.703128189614676602e-01 5.204405880081556246e-01
4.447973772298096651e-01 6.161739134712107546e-01 4.277815899437520941e-01
4.655490871707088085e-01 6.518889897268275169e-01 4.647645188185728915e-01
4.852961069177285647e-01 6.621412567358513357e-01 4.879621636378393412e-01
4.832670508346184057e-01 6.626897167437707514e-01 4.927101548723170077e-01
4.819364819364819197e-01 6.617219184786752306e-01 5.003320273590543543e-01
4.978196870088761883e-01 6.598269030701463533e-01 4.990838504352017591e-01
4.986952554520122094e-01 6.682616277210872147e-01 5.132798646312159985e-01
4.988169988169988134e-01 6.677303839466001145e-01 5.159250159250159395e-01
4.832289291748751436e-01 6.667195450979235272e-01 5.051833159941268026e-01
5.021335832146642808e-01 6.727452267992808377e-01 5.155315020179884744e-01
5.056493840277623830e-01 6.733391868527003332e-01 5.129871886628643018e-01
5.061646412997764521e-01 6.759044056341353413e-01 5.103961455312806539e-01
5.096091177172258346e-01 6.749329181761614116e-01 5.185049914779644720e-01
5.018987046014072861e-01 6.696057236597776630e-01 5.046336262552478802e-01
5.173933146906120051e-01 6.769250823304877596e-01 5.094898338141581329e-01
5.087335492740898690e-01 6.750952426628101799e-01 5.038232335529633232e-01
5.039253012225984873e-01 6.689416689416689543e-01 5.140988654502167687e-01
5.134913783562432554e-01 6.774772315312855842e-01 5.295602728035160300e-01
5.070229935094799911e-01 6.748394586232424608e-01 5.222630492900762755e-01
4.990112963085935882e-01 6.718450637369556278e-01 5.200728984512767994e-01
5.075136561623048159e-01 6.704444001741298731e-01 5.211267778835346753e-01
5.152683395926639376e-01 6.801838693730585250e-01 5.267380402515537963e-01
5.014129608724203768e-01 6.735310248823762613e-01 5.211968725482238884e-01
5.015715961661907363e-01 6.701406566271430609e-01 5.143325143325143678e-01
5.050640320910591008e-01 6.721094558932396712e-01 5.048500589041129416e-01
5.168755979566790337e-01 6.778043399665021340e-01 5.163185298320432937e-01
5.057858841642625114e-01 6.809819647657485708e-01 5.029476651098272466e-01
5.039597336894634516e-01 6.713777659723605407e-01 5.088761980653873085e-01
5.004882031909059226e-01 6.725017400693076297e-01 5.172273010110848279e-01
5.160947187974215256e-01 6.768217849298930888e-01 5.189722892425595591e-01
4.992904452363911560e-01 6.678816408546138783e-01 5.080203053176025607e-01
5.191333839982488207e-01 6.807028158379510030e-01 5.176490987301798352e-01
5.027287729990432830e-01 6.705698327319948859e-01 5.057047219209381828e-01
5.015802042829069496e-01 6.675102621048566442e-01 5.091602659170226808e-01
5.100358343601586464e-01 6.734670788724842483e-01 5.200335470605741417e-01
5.098538341781585492e-01 6.690523447280204428e-01 5.145969064887984112e-01
5.033178141286249740e-01 6.680476545341410555e-01 5.126539315728504409e-01
5.044897477329909341e-01 6.708477519288330582e-01 5.088749683344278019e-01
5.101797128824155925e-01 6.793218279704765772e-01 5.126465531870937342e-01
5.210443859092507290e-01 6.837476296935756093e-01 5.134962972800810599e-01
5.160098673612186770e-01 6.822350606134389706e-01 5.219408597786976411e-01
5.187349511673835512e-01 6.899762170032440745e-01 5.173834768429362851e-01
5.123219042137960866e-01 6.797423959586121889e-01 5.118509172563227017e-01
5.098058746707395672e-01 6.821711146035470685e-01 5.140152437449734268e-01
4.956098604747253278e-01 6.756646080970405421e-01 5.130548238656347237e-01
4.972564702294431926e-01 6.714257254797795227e-01 5.176675446945717685e-01
5.049349103403157901e-01 6.810766540496270283e-01 5.154614073532992613e-01
4.980213628862277253e-01 6.712707793788874611e-01 5.091774821504551074e-01
5.070500475905881377e-01 6.721586451316181599e-01 5.197162764730332007e-01
5.108843487221865765e-01 6.763680142058520195e-01 5.093693201801310355e-01
5.159705159705160193e-01 6.758453785480812437e-01 5.136819866549596769e-01
5.006222438654871487e-01 6.733244300811868088e-01 5.187447890150592711e-01
4.944207106369268301e-01 6.684805198318711783e-01 5.165165165165165329e-01
4.969244428703888383e-01 6.736294033591331276e-01 5.234804829399424264e-01
5.070229935094799911e-01 6.752674049971347792e-01 5.170182467479764732e-01
4.922305597981273539e-01 6.704591569456433975e-01 5.200716687203174038e-01
4.885930156200426477e-01 6.622052027457432377e-01 5.169973413216656377e-01
4.914484509079103947e-01 6.566800215448863609e-01 5.185246671733158008e-01
4.919637081799244083e-01 6.709694952938196622e-01 5.282038795552309596e-01
5.021065291335561342e-01 6.802760991950180802e-01 5.270294864889459863e-01
4.247970329051410365e-01 6.142543034434926330e-01 4.294466456628618922e-01
4.532566964999397707e-01 6.430619808998186970e-01 4.701163079541457734e-01
4.706832139264571779e-01 6.564967916319267571e-01 4.949298192541435881e-01
4.824111580868337690e-01 6.640854613827587016e-01 5.028357595925163626e-01
4.911533154776397958e-01 6.664403961701258483e-01 5.101981588468075257e-01
5.049263022235994658e-01 6.810791135115459305e-01 5.220724409913599651e-01
4.964350099485234646e-01 6.825523312009798005e-01 5.182934777529372150e-01
5.059359113413167686e-01 6.868268760160651798e-01 5.195256681743167793e-01
4.977618896537815418e-01 6.739614307181874819e-01 5.267626348707429296e-01
5.001032974005946707e-01 6.724365643284562211e-01 5.233882531179828712e-01
5.167280302415437898e-01 6.826642367182907956e-01 5.354236300182245722e-01
5.140386086332032756e-01 6.843219140516437760e-01 5.268228916877565338e-01
5.126490126490126364e-01 6.870531465126059611e-01 5.269679999409728755e-01
4.955619009673063458e-01 6.725521590386455140e-01 5.227537119429011003e-01
5.041798555312069219e-01 6.764995954185143434e-01 5.093275093275093646e-01
4.997675808486619076e-01 6.767664470367172891e-01 5.158672185699212376e-01
5.162890162890162449e-01 6.792615711534630840e-01 5.304579764039223377e-01
5.144923793572442339e-01 6.767234064531362225e-01 5.240006591357943000e-01
4.985649039703093921e-01 6.690646420376150649e-01 5.177241123187069638e-01
5.060859385183709147e-01 6.723898345519967457e-01 5.239367131259022869e-01
5.130572833275536260e-01 6.794816929952065543e-01 5.126625396895667652e-01
5.094455634996175597e-01 6.769422985639201862e-01 5.143140683681224345e-01
4.950392653095355699e-01 6.718967124372530186e-01 5.126268774917424054e-01
4.997208510722024322e-01 6.776973533730290544e-01 5.144850009714874162e-01
4.994429318753643154e-01 6.744852961069177644e-01 5.177585447855718170e-01
5.070832503264935953e-01 6.802207613018423915e-01 5.189267891970594793e-01
5.137742164769192321e-01 6.789467600278411563e-01 5.148121094067039660e-01
5.160897998735836101e-01 6.758785812839867013e-01 5.199339388528577688e-01
5.180315450585720738e-01 6.774120557904341755e-01 5.240953484196727574e-01
5.101514290703479393e-01 6.783306648171513187e-01 5.154441911198668347e-01
5.265769454958644236e-01 6.880467691278502329e-01 5.319336535552752210e-01
5.119406876163632436e-01 6.853069285501718344e-01 5.162595027459891961e-01
5.175507202534229689e-01 6.910411640141369549e-01 5.216358865007513224e-01
5.088134817864548021e-01 6.795923687815579317e-01 5.015482312779609986e-01
4.992449451908911318e-01 6.699389807497915239e-01 5.194727897430599928e-01
5.009788658437307474e-01 6.764897575708386235e-01 5.177720718261258348e-01
5.012555553096094130e-01 6.796181931317066827e-01 5.248553221526194301e-01
5.101059290248479705e-01 6.828302503978179727e-01 5.281251767738254221e-01
5.286945422080556733e-01 6.863681863681864170e-01 5.294520564790835548e-01
5.224733332841441369e-01 6.831954804927777847e-01 5.275988519231762375e-01
5.107970378240648257e-01 6.755760674679593958e-01 5.189341675828161859e-01
5.080313728962377873e-01 6.682517898734114947e-01 5.168178006015843318e-01
4.899666251017602558e-01 6.672286537151401742e-01 5.216272783840351090e-01
5.017671233887449622e-01 6.752354319921887171e-01 5.141455952266763552e-01
5.032022194184356811e-01 6.706977247517788010e-01 5.138738246846354940e-01
5.242515242515242146e-01 6.858775237153615922e-01 5.078333862117645481e-01
5.066589931454796858e-01 6.784192054462324650e-01 5.100788749437398240e-01
4.987948636597285268e-01 6.713285767339821630e-01 5.049398292641535946e-01
4.986411472897959163e-01 6.720946991217261468e-01 5.136623109596082370e-01
5.087802790505493444e-01 6.782298268784755502e-01 5.182307614740047086e-01
5.257604041387825555e-01 6.917273538895160057e-01 5.208156559507910455e-01
5.145919875649604958e-01 6.836652377192917740e-01 5.345025615295885268e-01
5.141874060792980261e-01 6.829372369912910523e-01 5.167907465204762962e-01
5.136450947261758104e-01 6.864235242613621057e-01 5.187263430506673378e-01
5.085097382394679899e-01 6.832926292385751443e-01 5.208451694938180943e-01
4.998634998634998716e-01 6.720836315430910313e-01 5.168534627994086916e-01
5.057612895450733781e-01 6.783195972385162031e-01 5.219334813929408234e-01
5.068741960633852406e-01 6.753424185856617967e-01 5.139845004709869825e-01
5.110712678280245891e-01 6.832877103147373399e-01 5.220650626056031474e-01
5.116676873433629869e-01 6.740573497330254460e-01 5.053099782829512110e-01
4.469371090992712570e-01 6.275772086582896980e-01 4.313084583354853674e-01
4.651912354615057588e-01 6.546239113806681109e-01 4.855789450384044859e-01
4.822599011788201162e-01 6.731719434422137605e-01 5.022319616914211471e-01
5.011817714520416800e-01 6.734535518319302305e-01 5.099423748072396956e-01
4.965899560494155263e-01 6.720959288526856534e-01 5.014744474203933766e-01
4.986202418634850808e-01 6.655119492957330962e-01 5.099239288428477623e-01
5.087372384669681669e-01 6.803461938597074043e-01 5.079563593077106587e-01
5.134286620773107490e-01 6.773333530090286381e-01 5.071558044531017106e-01
5.071791693413314484e-01 6.689330608249527410e-01 5.034321791078547603e-01
5.219162651595083968e-01 6.782568809595836967e-01 5.047037209199370933e-01
5.101760236895371836e-01 6.752464995708239437e-01 5.158573807222456287e-01
5.022036778793536049e-01 6.732112948329164182e-01 5.172543550921929745e-01
4.923215598891274580e-01 6.730969298536866319e-01 5.168928141901114603e-01
4.909049098238287279e-01 6.742664039961336897e-01 5.250938899587548336e-01
4.877297444865012488e-01 6.762917708863654953e-01 5.258563231536204086e-01
5.002336488822974880e-01 6.791484359051926933e-01 5.255169174088093476e-01
5.038552065579092742e-01 6.808921944057079179e-01 5.179553017390855496e-01
4.996888780672564256e-01 6.732211326805921381e-01 5.155536371752588165e-01
5.090274549734009613e-01 6.783921513651243185e-01 5.166874491198815145e-01
5.084789949654814345e-01 6.722926858061992750e-01 5.205401962158718865e-01
5.061953845737630076e-01 6.773972990189206511e-01 5.161820296955431653e-01
5.147530823206498685e-01 6.896282031417166891e-01 5.290007452169613877e-01
5.147715282850418017e-01 6.848974281406713382e-01 5.199118036955874267e-01
5.195293573671951881e-01 6.894978516600138718e-01 5.160787322949484945e-01
5.025074214263403061e-01 6.732986057310381689e-01 5.070832503264935953e-01
5.101551182632263481e-01 6.750743372364993444e-01 5.226774686234145761e-01
4.937209937209937061e-01 6.645650564569482999e-01 5.054723027696000903e-01
4.965469154658344042e-01 6.646867998219349039e-01 5.115373358616601696e-01
5.016244745974475228e-01 6.714638471395227848e-01 5.144358117331090385e-01
4.931823715607499548e-01 6.684423981721279162e-01 5.052964512423971932e-01
5.005730546271086601e-01 6.676898028249379502e-01 4.992830668506343939e-01
5.077940348210618904e-01 6.821145469794118732e-01 5.192120867796543582e-01
5.060601141682222748e-01 6.787364760337732950e-01 5.223712656145088618e-01
5.035182602750170044e-01 6.788213274699761435e-01 5.330896006571682610e-01
5.053911405262756507e-01 6.800940990130179831e-01 5.171584360773550104e-01
5.021630967576913296e-01 6.754801484531214317e-01 5.036400036400036084e-01
5.054181946073837972e-01 6.787659895768003437e-01 5.375031050706726710e-01
4.951573194816438206e-01 6.737782008052278782e-01 5.311724500913690417e-01
5.027705838516649539e-01 6.840968732860625012e-01 5.264564318618372152e-01
5.053087485519918154e-01 6.815611680476545420e-01 5.177437880140582926e-01
4.978135383540788772e-01 6.750189993433236557e-01 5.204848583226961978e-01
5.061265196400331901e-01 6.817001276460735726e-01 5.319914509103698119e-01
5.033239627834222851e-01 6.705181840316974951e-01 5.175015310150444803e-01
5.141910952721763239e-01 6.710469683442656930e-01 5.223860223860223861e-01
5.058953302196544932e-01 6.747718234204720389e-01 5.132724862454591808e-01
5.125936747558369477e-01 6.842026301485760742e-01 5.265560400695535881e-01
5.123046879803636600e-01 6.814959923068031333e-01 5.263986345067426242e-01
5.090791036736982411e-01 6.756756756756756577e-01 5.322238700617079044e-01
5.151170826846502848e-01 6.821120875174929710e-01 5.163025433295703737e-01
5.090274549734009613e-01 6.807421672286536607e-01 5.225938469181712343e-01
5.052042214204376380e-01 6.753252023522293701e-01 5.178495448765718656e-01
5.080768729417377561e-01 6.724992806073887275e-01 5.284584338638392831e-01
5.147247985085823263e-01 6.762130681049599579e-01 5.172186928943686146e-01
5.033547060574087295e-01 6.780601240060699642e-01 5.229271040081850952e-01
4.994232561800129311e-01 6.751444319011886686e-01 5.142943926727711057e-01
4.999618783402567379e-01 6.781425159803537994e-01 5.217305757846298908e-01
4.937578856497775170e-01 6.699832510643320971e-01 5.165189759784354351e-01
5.008792576360143745e-01 6.765414062711360144e-01 5.162053945837730140e-01
5.170797332959494730e-01 6.883677289082694717e-01 5.196646277727359209e-01
5.132663375906618697e-01 6.847535496184145032e-01 5.080694945559810494e-01
4.486734892140297748e-01 6.151938178965206117e-01 4.425703344622263780e-01
4.716067418770121256e-01 6.437075896535355835e-01 4.822205497881173475e-01
4.795421957584119488e-01 6.592833619860647421e-01 4.973536189752406078e-01
4.986165526706067275e-01 6.723787669733615191e-01 5.072713991632910036e-01
5.058731950623842621e-01 6.800719638557476410e-01 5.094209688804283154e-01
4.996569050623104746e-01 6.805368021584238258e-01 5.278423386531494454e-01
5.125604720199314901e-01 6.881623638380395258e-01 5.386824170607954487e-01
4.974741326092677607e-01 6.818144926253034699e-01 5.209779804374399248e-01
4.994921211137427486e-01 6.800695043938287387e-01 5.260543098380936478e-01
5.020142993115965790e-01 6.778559886667995249e-01 5.305342197234088619e-01
5.096964286153475854e-01 6.860103346589833118e-01 5.376064024712673417e-01
5.291667588964886759e-01 6.961162636838312823e-01 5.441264360183278859e-01
5.271069595393920171e-01 6.929312604988280277e-01 5.322939647263971175e-01
5.244507406669568494e-01 6.859943481565102807e-01 5.255574985304715119e-01
5.183648021485859347e-01 6.877897553573228961e-01 5.257075257075256580e-01
5.206803855452504237e-01 6.908271908271907957e-01 5.371440236305101701e-01
5.138652165679192807e-01 6.885853912880940397e-01 5.248971330052411011e-01
5.117562279724441332e-01 6.840218596975353726e-01 5.249684574008898208e-01
5.067622905460743565e-01 6.776752182157587123e-01 5.347202239094130949e-01
5.133216754838376694e-01 6.817997358537899455e-01 5.358540358540359039e-01
5.208476289557371075e-01 6.876286606016335234e-01 5.295086241032187502e-01
5.159717457014754149e-01 6.832495886549940778e-01 5.244236865858487029e-01
5.104527131554158492e-01 6.817530060773303591e-01 5.259510124374989770e-01
5.242921053731864900e-01 6.922438408924895814e-01 5.201245471515741903e-01
5.253914848509443347e-01 6.920581515176109644e-01 5.223060898736574531e-01
5.191997894700597360e-01 6.885214452782020267e-01 5.289454073237856990e-01
5.111856328072543754e-01 6.769767310307850394e-01 5.249155789696330343e-01
5.175949905679635421e-01 6.773690152068529979e-01 5.270749865344459550e-01
4.983755254025524217e-01 6.728054836162944419e-01 5.101329831059561171e-01
5.058805734481409688e-01 6.754985944175133650e-01 5.088061034006979844e-01
5.103309697904292452e-01 6.849490768409687291e-01 5.223208466451709775e-01
5.090176171257252413e-01 6.824416554146284231e-01 5.261244045027828609e-01
4.967387534955102768e-01 6.757383919546081641e-01 5.229492391654553263e-01
5.121386743008364828e-01 6.797596121920446155e-01 5.093656309872526267e-01
5.078087915925754148e-01 6.797731392325987443e-01 5.223479007262791241e-01
5.054378703027351261e-01 6.846318062534278992e-01 5.275791762278249086e-01
5.031788545302058324e-01 6.866301190625514472e-01 5.307654091437875588e-01
5.109273893057676430e-01 6.844830088073331487e-01 5.210271696758183024e-01
5.080412107439133962e-01 6.748652829733911007e-01 5.264588913237562284e-01
5.164255164255163733e-01 6.877270390783903897e-01 5.268462565759862715e-01
5.138553787202435608e-01 6.890846620576350778e-01 5.374071860558347069e-01
4.979500384905790056e-01 6.856783072999289574e-01 5.289687722120154367e-01
5.015137988110961453e-01 6.795739228171661095e-01 5.262658235631209047e-01
4.982746874638766532e-01 6.734068220554707551e-01 5.351026702378053335e-01
4.883532180829477931e-01 6.777145696064614810e-01 5.170108683622197665e-01
5.003369462828922698e-01 6.748468370089991675e-01 5.211784265838319552e-01
5.030657192819355528e-01 6.799551394145988414e-01 5.279616225562171472e-01
4.940825346230751647e-01 6.791619629457467111e-01 5.438915574050708912e-01
4.986399175588364652e-01 6.790512871593952227e-01 5.318008426116533904e-01
5.054846000791947125e-01 6.849257119527389914e-01 5.322656809143295753e-01
5.016318529832043405e-01 6.789049491752194854e-01 5.172186928943686146e-01
5.122296743918365314e-01 6.831930210308588824e-01 5.339651691003042266e-01
5.082158325401568977e-01 6.799858826885853968e-01 5.314085584355854319e-01
5.058535193670329333e-01 6.755662296202836758e-01 5.207431018241829301e-01
5.109482947320784785e-01 6.772509610347448028e-01 5.204049258103312647e-01
5.075173453551832248e-01 6.838263324749811467e-01 5.352428595671838707e-01
5.146989741584335754e-01 6.846834549537251791e-01 5.258083636462015376e-01
5.104379563839023248e-01 6.828105747024666439e-01 5.180659775254370381e-01
5.178286394502610301e-01 6.862230781149699643e-01 5.288359612683937172e-01
5.131384455708779546e-01 6.796698418320039625e-01 5.258243501486744576e-01
4.426391993959561399e-01 6.101777453128804929e-01 4.299705110515921191e-01
4.671329806464941670e-01 6.352396622666892645e-01 4.735521762548789426e-01
4.739063387712036390e-01 6.541406271136001038e-01 4.894931786823678577e-01
4.859343372856886334e-01 6.660431930702200853e-01 5.059113167221275242e-01
4.931430201700471860e-01 6.771747177152582786e-01 5.208869803464397652e-01
4.902740578416254214e-01 6.708293059644411249e-01 5.210259399448589068e-01
4.957082389514821941e-01 6.719655773709827251e-01 5.230611446827663213e-01
4.936201557823179376e-01 6.709731844866979600e-01 5.270122702555134486e-01
5.066122633690200994e-01 6.750386750386749846e-01 5.331756818243305052e-01
5.114032951870789434e-01 6.790303817330843872e-01 5.492986844338195729e-01
5.038515173650308654e-01 6.795087470763145898e-01 5.301530031259761300e-01
5.067180202315337834e-01 6.780023266509752622e-01 5.281399335453389465e-01
5.058449112503166090e-01 6.754518646410537785e-01 5.198146549497900670e-01
5.144013792662441853e-01 6.772940016183259804e-01 5.093004552464012180e-01
4.992535533076073451e-01 6.720369017666314448e-01 5.231361582712934499e-01
4.907720988802070083e-01 6.769570553354337106e-01 5.205955341090475752e-01
4.983816740573497328e-01 6.758675137053515858e-01 5.259153502396746171e-01
5.121977013868905804e-01 6.789885708804628273e-01 5.299894489083678550e-01
5.133893106866079803e-01 6.788287058557328502e-01 5.377711864198351233e-01
4.942153455666969397e-01 6.733920652839572307e-01 5.262240127104992338e-01
5.017499071553125356e-01 6.767344740317713381e-01 5.232615908291583517e-01
5.015961907853799806e-01 6.679345192858706648e-01 5.189882757450324791e-01
5.078444537903997746e-01 6.721783208269694887e-01 5.267847700280132717e-01
4.925023303401681596e-01 6.674672215212755777e-01 5.166431788053409413e-01
4.993556209772426202e-01 6.730342135747541255e-01 5.145932172959200024e-01
5.000479595074189820e-01 6.733465652384571509e-01 5.165386516737867639e-01
5.050960050960050518e-01 6.738077143482549269e-01 5.270946622297973949e-01
5.219359408548597257e-01 6.863374430941998616e-01 5.389898498006605587e-01
5.130339184393238883e-01 6.811000189378567660e-01 5.265252967955670327e-01
5.206853044690882282e-01 6.792640306153819862e-01 5.144567171594198740e-01
5.168842060733952470e-01 6.894007029142164011e-01 5.206336557687909483e-01
5.109482947320784785e-01 6.820653577410333845e-01 5.323160998836674596e-01
5.080817918655756715e-01 6.777403939566101210e-01 5.276394330448384018e-01
4.983484713214442752e-01 6.689773311394933142e-01 5.271094190013109193e-01
5.023020563561103602e-01 6.761331355925950248e-01 5.250975791516332425e-01
4.990838504352017591e-01 6.702439540277378427e-01 5.329789248708167726e-01
4.964977262274559711e-01 6.790205438854087783e-01 5.302476924098545874e-01
5.074115884926695408e-01 6.862673484295105375e-01 5.265707968410671125e-01
4.973290243560513635e-01 6.797018148369500246e-01 5.055141136222217613e-01
4.937701829593721392e-01 6.783048404670026787e-01 5.182676534027885751e-01
4.955446847338739191e-01 6.723959832067940567e-01 5.197962089853981338e-01
5.040224499683959580e-01 6.802404369971937204e-01 5.236747804315371457e-01
5.113541059487005658e-01 6.874860118103360840e-01 5.172961659448146454e-01
5.116676873433629869e-01 6.889235673019457051e-01 5.310420986096662244e-01
5.066700607241148013e-01 6.818858170209521896e-01 5.282739742199201727e-01
4.968494292818617097e-01 6.834045347558861394e-01 5.153064612524071997e-01
5.024852862690700750e-01 6.711601035925359726e-01 5.141529736124330618e-01
5.016318529832043405e-01 6.751616481346210952e-01 5.121718770367419404e-01
4.991244315568639789e-01 6.712228198714684790e-01 5.189698297806405458e-01
5.006972574540141663e-01 6.749612019882290648e-01 5.199277901980604577e-01
5.089069413393737529e-01 6.854225232603611273e-01 5.348136834623321567e-01
5.109446055392001806e-01 6.858652264057669701e-01 5.251344710804169980e-01
5.039867877705715982e-01 6.734449437152140172e-01 5.056862759565462495e-01
4.940456426942913537e-01 6.712892253432793943e-01 5.204787096678988867e-01
5.013047445479877906e-01 6.760003246489733053e-01 5.206410341545476550e-01
5.106199565659025330e-01 6.850708202059553331e-01 5.169481520832872601e-01
5.093668607182120223e-01 6.866965245343623625e-01 5.212940212940212481e-01
5.023192725895428978e-01 6.834045347558861394e-01 5.286982314009340822e-01
4.994994994994995108e-01 6.862390646174429953e-01 5.359487251379143613e-01
4.891021242372593503e-01 6.782150701069620258e-01 5.283625148490013190e-01
4.340323124106907904e-01 6.212908239935266419e-01 4.631990713071794108e-01
4.531484801755071845e-01 6.445487256298066958e-01 4.797069797069797303e-01
4.736148925338114490e-01 6.640288937586235063e-01 4.949076840968733015e-01
4.805788589572373426e-01 6.676393838556000659e-01 5.115963629477142671e-01
4.940911427397913780e-01 6.767295551079335336e-01 5.206742368904531126e-01
4.958262931235904447e-01 6.737683629575521582e-01 5.285863258836231982e-01
4.964177937150910380e-01 6.761577302117842692e-01 5.385926467007547958e-01
4.918444242768567065e-01 6.757371622236486575e-01 5.193362896065598644e-01
5.019097721800424017e-01 6.831954804927777847e-01 5.237141318222399144e-01
5.027115567656108563e-01 6.727304700277673133e-01 5.125100530505936058e-01
5.007476764233520505e-01 6.726542267082807891e-01 5.079182376479673966e-01
4.969724023778077648e-01 6.692626287220881931e-01 5.047578290821533864e-01
4.962899016953071230e-01 6.709608871771033378e-01 5.100887127914155439e-01
5.005595275865546423e-01 6.815943707835599996e-01 5.120464444788769276e-01
4.919661676418433105e-01 6.726505375154023803e-01 5.257591744078230489e-01
5.040064634659229270e-01 6.771193798220824789e-01 5.131654996519861012e-01
4.931688445201958815e-01 6.788619085916383078e-01 5.172482064373956634e-01
4.984628363006741170e-01 6.752378914541076194e-01 5.218141974898731217e-01
4.917583431096944624e-01 6.727378484135241310e-01 5.149953393196636808e-01
5.004390139525274339e-01 6.690671014995339672e-01 5.197248845897494141e-01
5.095673068646041637e-01 6.806671536401266431e-01 5.227241983998740515e-01
5.115680791356467250e-01 6.789873411495033206e-01 5.322742890310457886e-01
5.116406332622548403e-01 6.852048608805365593e-01 5.393636880123366950e-01
4.995917293214590660e-01 6.815759248191680664e-01 5.256804716264176225e-01
4.920092082254244326e-01 6.723726183185643190e-01 5.274316085126895537e-01
4.912701399187885398e-01 6.733588625480517731e-01 5.201602093493985501e-01
4.959763203006446464e-01 6.749685803739857715e-01 5.311294095077878641e-01
4.971285782096592776e-01 6.636833393590150232e-01 5.308256659608010519e-01
4.999643378021756401e-01 6.760126219585679275e-01 5.271770542040812302e-01
4.924851141067357330e-01 6.657406792541927798e-01 5.230513068350906014e-01
5.009395144530279786e-01 6.645712051117456109e-01 5.220761301842382629e-01
5.034457061484088891e-01 6.720086179545639027e-01 5.212448320556428705e-01
5.119136335352552081e-01 6.793943820970848035e-01 5.203446689933176605e-01
4.981799981799981958e-01 6.727944160376593263e-01 5.189993433236675946e-01
4.946211567833189715e-01 6.696278588170480051e-01 5.228324147243066378e-01
4.971863755647539240e-01 6.748505262018775763e-01 5.254554308608362367e-01
5.173502741070308275e-01 6.822252227657633616e-01 5.250041195987141807e-01
5.108720514125919543e-01 6.811479784452757480e-01 5.185381942138699296e-01
5.161439080357999032e-01 6.840157110427380616e-01 5.346415211280076685e-01
5.041589501048960864e-01 6.798616798616798906e-01 5.267540267540267163e-01
4.961730772541583234e-01 6.807913564670321493e-01 5.319816130626940920e-01
4.905089364548824160e-01 6.777637588448399697e-01 5.372965102694832185e-01
5.035551522038008709e-01 6.770972446648122478e-01 5.243363756877270632e-01
4.964596045677126535e-01 6.791189223621656446e-01 5.271684460873650169e-01
4.942940483481024216e-01 6.787450841504895083e-01 5.270946622297973949e-01
4.871456222807574177e-01 6.765844468547170809e-01 5.308428821942335896e-01
5.128125668666209114e-01 6.872117818063764316e-01 5.311699906294501394e-01
5.051328970247889183e-01 6.845740088983331972e-01 5.266716347797428810e-01
5.090200765876441436e-01 6.829913451535073454e-01 5.269470945146620400e-01
4.964251721008478002e-01 6.740352145757551039e-01 5.166185841861518080e-01
5.018827180989343661e-01 6.788717464393140277e-01 5.242478350586459168e-01
4.905212337644769827e-01 6.753620942810132366e-01 5.299316515532731531e-01
4.799369393963988650e-01 6.704456299050893797e-01 5.169592196619223756e-01
4.806391157742508913e-01 6.657025575944495177e-01 5.254234578558902857e-01
4.896481247832599193e-01 6.724697670643616787e-01 5.266556482772698500e-01
4.810535351075891364e-01 6.703374135806567935e-01 5.273455273455273096e-01
4.870607708445546247e-01 6.669544237111805218e-01 5.154933803582452123e-01
4.668747371450074346e-01 6.645576780711915932e-01 5.234276045086856399e-01
4.823570499246174759e-01 6.756523107874459200e-01 5.264527426689589173e-01
4.851042688880526921e-01 6.740696470426200682e-01 5.196019114938034145e-01
4.062723657318251802e-01 6.039085768815498634e-01 4.499155174830850590e-01
4.453200128875804409e-01 6.376905160688944862e-01 4.924654384113843486e-01
4.626899626899627083e-01 6.550038982471414473e-01 5.041331257547473355e-01
4.730897974141217155e-01 6.613702154242694364e-01 5.152179206233260533e-01
4.749626776653803617e-01 6.642785291433940253e-01 5.052042214204376380e-01
4.833383752302671255e-01 6.733736193195652975e-01 5.067364661959256056e-01
4.922207219504516895e-01 6.731338217824703873e-01 5.097038070011042921e-01
4.883901100117316596e-01 6.703497108902514157e-01 5.172715713256254011e-01
5.042843826627609882e-01 6.812033163384514367e-01 5.305317602614899597e-01
4.937480478021018526e-01 6.790463682355574182e-01 5.305182332209359419e-01
4.837011458633080352e-01 6.733059841167948756e-01 5.323013431121539352e-01
4.811863460512109114e-01 6.773960692879611445e-01 5.287830828371369307e-01
4.806391157742508913e-01 6.738556738556739090e-01 5.263974047757831176e-01
4.851891203242554851e-01 6.756473918636081155e-01 5.289675424810560411e-01
4.933274798139662964e-01 6.778941103265427870e-01 5.288605558875829615e-01
5.022504076558130803e-01 6.819509927618035983e-01 5.423408666651909904e-01
4.958398201641444625e-01 6.785446380040974779e-01 5.216789270843324999e-01
4.958373607022255602e-01 6.757998785025811639e-01 5.310716121526932731e-01
5.053062890900729132e-01 6.823850877904932277e-01 5.247594031377814661e-01
5.048721940613832837e-01 6.817554655392493723e-01 5.315880991556667379e-01
4.985464580059174589e-01 6.754973646865538583e-01 5.174154498478822362e-01
5.048918697567346126e-01 6.738384576222413713e-01 5.149621365837582232e-01
4.940173588822237560e-01 6.771648798675825587e-01 5.192182354344516693e-01
4.924888032996140863e-01 6.811196946332080948e-01 5.214895485165755851e-01
4.882363936417990491e-01 6.784622460298136426e-01 5.256497283524310671e-01
4.894747327179759799e-01 6.785188136539488379e-01 5.203409798004392517e-01
4.963882801720639337e-01 6.817566952702087679e-01 5.259448637827016659e-01
4.930212768050605820e-01 6.753227428903104679e-01 5.180352342514504826e-01
4.984493092601200437e-01 6.731989975233217960e-01 5.114291195372276944e-01
4.936963991018045173e-01 6.614353911651208451e-01 4.981271197487413538e-01
4.953479277803601866e-01 6.699316023640348172e-01 5.224475089339953859e-01
5.130572833275536260e-01 6.776813668705560234e-01 5.250410115274980472e-01
5.148748256856364724e-01 6.820149387716955003e-01 5.276972303999331038e-01
5.086819005737924781e-01 6.759732705678651588e-01 5.204959259013313133e-01
5.041749366073690064e-01 6.763175952365141352e-01 5.322361673713025265e-01
5.100973209081317572e-01 6.775436370030964994e-01 5.192145462415732604e-01
5.024447051474077997e-01 6.728300782354836862e-01 5.345062507224669357e-01
4.945670486211026784e-01 6.722287397963073730e-01 5.303190168055033071e-01
4.804398993588182565e-01 6.668412884629101312e-01 5.239637672070104335e-01
4.965087938060910866e-01 6.834672510348186458e-01 5.383012004633626058e-01
5.054022081049107662e-01 6.893109325541757482e-01 5.334794253713173173e-01
5.012211228427444487e-01 6.836283457905079075e-01 5.297262864830432072e-01
4.960009149198338352e-01 6.820100198478576958e-01 5.347731023406698814e-01
5.038970174105309452e-01 6.772214474917177540e-01 5.122764041682960068e-01
4.902248686032469882e-01 6.745627691573637952e-01 5.219789814384409032e-01
5.023881375232726043e-01 6.759290002533245856e-01 5.235198343306451951e-01
4.977200788011598709e-01 6.633291768426903268e-01 5.115975926786737737e-01
5.105547808250511244e-01 6.781154618992456529e-01 5.261305531575801719e-01
4.930569390028849419e-01 6.775928262414748771e-01 5.355552112308868962e-01
5.182492074383966418e-01 6.908690016798124667e-01 5.277796223742169390e-01
5.141431357647573419e-01 6.867014434582001670e-01 5.256829310883365247e-01
5.134692431989729133e-01 6.884845533494181602e-01 5.345296156106966734e-01
5.138775138775139029e-01 6.879926609656339398e-01 5.365402257294149546e-01
5.115926737548359693e-01 6.776752182157587123e-01 5.137225677766218412e-01
5.267601754088240273e-01 6.946713298064649544e-01 5.180290855966531716e-01
5.352551568767784929e-01 6.970889808727646075e-01 5.264994724454183928e-01
5.176343419586663108e-01 6.812512758458704187e-01 5.236907669340101767e-01
5.058707356004653599e-01 6.835287375827916456e-01 5.362020497155631782e-01
5.002324191513380924e-01 6.870420789339708456e-01 5.342443180281017945e-01
4.837122134419431507e-01 6.769103255589742352e-01 5.324845730251135389e-01
4.365483419537473653e-01 6.099416369686639916e-01 4.598997031429463700e-01
4.727639187098646723e-01 6.478997424943371275e-01 4.830211046427262400e-01
4.807633186011564530e-01 6.605549037981470750e-01 5.032095978041923878e-01
4.991982154144316564e-01 6.656263142749628825e-01 5.029919354243678198e-01
4.959996851888743841e-01 6.713863740890767540e-01 5.211353860002508886e-01
5.090237657805225524e-01 6.791988548745305776e-01 5.262301613652965449e-01
4.965321586943208798e-01 6.715191850326985845e-01 5.196105196105196278e-01
5.174966120912066758e-01 6.831155479804128516e-01 5.173478146451119253e-01
5.108818892602676742e-01 6.826863718755610266e-01 5.281792849360417152e-01
4.925306141522357573e-01 6.841583598340355010e-01 5.289995154860019921e-01
4.917239106428295536e-01 6.805011399605994660e-01 5.342541558757775144e-01
5.162422865125567695e-01 6.899061223385547503e-01 5.496811307622118115e-01
5.128310128310128446e-01 6.847523198874549966e-01 5.338815473950608848e-01
5.252783496026739440e-01 6.919929757767595557e-01 5.206115206115206062e-01
5.240412402574564643e-01 6.949947490488030954e-01 5.278952170844062319e-01
5.117771333987549687e-01 6.862070916124970443e-01 5.362008199846037826e-01
5.032907600475168275e-01 6.847793739685631431e-01 5.285260690666095940e-01
5.164193677707191732e-01 6.861419158716456357e-01 5.276099195018113530e-01
4.950982923955896675e-01 6.788963410585032721e-01 5.230426987183743881e-01
5.140213923997707379e-01 6.850978742870634797e-01 5.311958149795987794e-01
5.116775251910387068e-01 6.809881134205458819e-01 5.294508267481240482e-01
5.164242866945569777e-01 6.844633331119817088e-01 5.305219224138143508e-01
5.107552269714431548e-01 6.819706684571549271e-01 5.282875012604741904e-01
4.963427801265639094e-01 6.688051688051688259e-01 5.263469858064452334e-01
5.061277493709925857e-01 6.827367908448989109e-01 5.339122906690474402e-01
5.189390865066541014e-01 6.885583372069858932e-01 5.387193089895793152e-01
5.158303266411374821e-01 6.771132311672851678e-01 5.263297695730128067e-01
5.076501562988049443e-01 6.784179757152729584e-01 5.240178753692267266e-01
5.032046788803545834e-01 6.776985831039885610e-01 5.336110065839795302e-01
5.123034582494041533e-01 6.799735853789907747e-01 5.341287233179125016e-01
5.013908257151500347e-01 6.780121644986509821e-01 5.397817965385532935e-01
5.033706925598817605e-01 6.841263868290895500e-01 5.378129972724566832e-01
5.225299009082793322e-01 6.919696108885298180e-01 5.496442388334280560e-01
5.276136086946897619e-01 6.928710036818145346e-01 5.444252606414768936e-01
5.195588709102222369e-01 6.963634396066828991e-01 5.418391364337310501e-01
5.261170261170261542e-01 6.991315639964288398e-01 5.452172073793695173e-01
5.120329174383227988e-01 6.884538100754317158e-01 5.400461886948373369e-01
5.181569776164370866e-01 6.912514480082048163e-01 5.425413128115831318e-01
5.117599171653225421e-01 6.863017808963755018e-01 5.479299938759397692e-01
5.074853723502371627e-01 6.836615485264133651e-01 5.444043552151660581e-01
5.082859272048461108e-01 6.869068085284301128e-01 5.375916456997538173e-01
5.049619644214238257e-01 6.826236555966285202e-01 5.308035308035308208e-01
5.092820092820092848e-01 6.909071233395557288e-01 5.330982087738844744e-01
5.319115183980048789e-01 6.990454828292665956e-01 5.354482246374138166e-01
5.220220220220219698e-01 6.991032801843612976e-01 5.375658213496051774e-01
5.053788432166810285e-01 6.878832149102419580e-01 5.407163920677434676e-01
5.167993546371925095e-01 6.881734314166746413e-01 5.324599784059244056e-01
5.200347767915335373e-01 6.827552368092908441e-01 5.330318033020735591e-01
5.105646186727267333e-01 6.893097028232163526e-01 5.423925153654883813e-01
5.098464557924017315e-01 6.929361794226659432e-01 5.421490286355151733e-01
5.170280845956521931e-01 6.896823113039328712e-01 5.338901555117770981e-01
5.107441593928080392e-01 6.814652490328165779e-01 5.270061216007162486e-01
5.024496240712457151e-01 6.809069511772214423e-01 5.201503715017228302e-01
5.029033947952866734e-01 6.733859166291599196e-01 5.198380198380198047e-01
5.013736094817176081e-01 6.731891596756461871e-01 5.376789565978755681e-01
5.004636085717166782e-01 6.702906838041973181e-01 5.334290064019793220e-01
4.969564158753347893e-01 6.758072568883379816e-01 5.340328043030745375e-01
4.985476877368769100e-01 6.728190106568484596e-01 5.223995494265764039e-01
5.185025320160455697e-01 6.905824743662581922e-01 5.343537640834937763e-01
5.019036235252452016e-01 6.836111295570754809e-01 5.455135725405996228e-01
4.495367603475711737e-01 6.260117611468962728e-01 4.662943041321419568e-01
4.674059809194944237e-01 6.536093833391131147e-01 4.851903500552149362e-01
4.955496036577117791e-01 6.727476862611997399e-01 5.157516238597319447e-01
5.125506341722557702e-01 6.838496973632108844e-01 5.149621365837582232e-01
5.044897477329909341e-01 6.850117931199012355e-01 5.337475067204796586e-01
5.047541398892749775e-01 6.888608510230131987e-01 5.419485824891230319e-01
5.076833590347104019e-01 6.790266925402060894e-01 5.290253398361506321e-01
5.055178028151000591e-01 6.787905841959895881e-01 5.251701332782413578e-01
5.135172027063918954e-01 6.851987122257392482e-01 5.339737772170204400e-01
5.170120980931791621e-01 6.880393907420934152e-01 5.358380493515628729e-01
5.142206088152033727e-01 6.859574562277265253e-01 5.375609024257672619e-01
4.979119168308357435e-01 6.848605362118875828e-01 5.430602592764754988e-01
5.033780709456384672e-01 6.882263098479314278e-01 5.314380719786124807e-01
5.053886810643567484e-01 6.851347662158473462e-01 5.224229143148062526e-01
5.015961907853799806e-01 6.815439518142221154e-01 5.341791422872503858e-01
5.162263000100837385e-01 6.847818334304820453e-01 5.377699566888756166e-01
4.924297762135599887e-01 6.723935237448750435e-01 5.224179953909683372e-01
5.100210775886451220e-01 6.819177900258981406e-01 5.165583273691382038e-01
5.086486978378870205e-01 6.853020096263339189e-01 5.315684234603152980e-01
5.019626506112992992e-01 6.755502431178106448e-01 5.352416298362244751e-01
5.106961998853890572e-01 6.756892027162297865e-01 5.439690304555169220e-01
5.038748822532606031e-01 6.844830088073331487e-01 5.481513454486427461e-01
5.150051771673392897e-01 6.924037059172194475e-01 5.511715646850782191e-01
5.028677325974623136e-01 6.864099972208079770e-01 5.436136382082328300e-01
5.004869734599464159e-01 6.883074720912558675e-01 5.266851618202970098e-01
4.971900647576323329e-01 6.795702336242877006e-01 5.369152936720503755e-01
5.015666772423529318e-01 6.842063193414544831e-01 5.230722122614014369e-01
5.168042735610303140e-01 6.893810272188650723e-01 5.327624922219517112e-01
4.981086737843494761e-01 6.818108034324250610e-01 5.327588030290733023e-01
5.033264222453411874e-01 6.878450932504986959e-01 5.333503036205738956e-01
4.901412468980036463e-01 6.801826396420991294e-01 5.283366904988526791e-01
5.005423113531222157e-01 6.855922261327667133e-01 5.341176557392773860e-01
5.051341267557484249e-01 6.849281714146578937e-01 5.258673907322556351e-01
5.266839320893375032e-01 7.011999714702417119e-01 5.393169582358771086e-01
5.198859793454387868e-01 6.904447444987985572e-01 5.276455816996357129e-01
5.289429478618667968e-01 6.944204646907349288e-01 5.382815247680112769e-01
5.170735846411521619e-01 6.832864805837778333e-01 5.405663648906892105e-01
5.151121637608123693e-01 6.824969933078041118e-01 5.428216914703400953e-01
5.114463357706601210e-01 6.828031963167098262e-01 5.296020836561377010e-01
5.241101051911862818e-01 6.875413497035118837e-01 5.202868716382229586e-01
5.161549756144350187e-01 6.883296072485262096e-01 5.283440688846093858e-01
5.124903773552421660e-01 6.941351671081400498e-01 5.371526317472263834e-01
5.147235687776228197e-01 6.927566387025846373e-01 5.401519455573509099e-01
5.205549529873854109e-01 6.975821029875084456e-01 5.393267960835528285e-01
5.132663375906618697e-01 6.971775215018458649e-01 5.362364821824281425e-01
5.195096816718438593e-01 7.030519462951895227e-01 5.451704776029100419e-01
5.144899198953253316e-01 6.847695361208874232e-01 5.325300730706136187e-01
5.092488065461038271e-01 6.751419724392697663e-01 5.271967298994325590e-01
5.085945896756707274e-01 6.862230781149699643e-01 5.527038094605661867e-01
5.146731498082849354e-01 6.919339486907054582e-01 5.463313436286408864e-01
5.076821293037508953e-01 6.895962301367706271e-01 5.321992754425186600e-01
5.238198886847535984e-01 6.936826261150585982e-01 5.360815360815360808e-01
5.109950245085380649e-01 6.858578480200101524e-01 5.317885453020587683e-01
5.249401735888222786e-01 6.879176473771068112e-01 5.261772829340396473e-01
5.288187450349612906e-01 6.938314235611532377e-01 5.300570841111381659e-01
5.260653774167287633e-01 6.898372574048249328e-01 5.239699158618077446e-01
5.249229573553897410e-01 6.931808958835985468e-01 5.326837894405461737e-01
5.250508493751736561e-01 6.943233159449375691e-01 5.306289090072874304e-01
5.102891589378075743e-01 6.890822025957160646e-01 5.210984940714670222e-01
5.075640751316427002e-01 6.844866980002115575e-01 5.399010804416209952e-01
4.236853561177885696e-01 6.119989768638417482e-01 4.771024095348419536e-01
4.645554645554645368e-01 6.478025937485396568e-01 4.897956924983952187e-01
4.863081754973647142e-01 6.663002068407474221e-01 5.104133617647130805e-01
5.010993794777578447e-01 6.808282483958160158e-01 5.149190960001770456e-01
5.132884727479322118e-01 6.871822682633493828e-01 5.177696123642069326e-01
5.188591539942891684e-01 6.887538644295401191e-01 5.302058815572329165e-01
5.185701672188158806e-01 6.917839215136512010e-01 5.357470492605628243e-01
5.045647613215180627e-01 6.869892005027140591e-01 5.480455885861291732e-01
5.148871229952310946e-01 6.984343065424146735e-01 5.454852887285319696e-01
5.102485778161454100e-01 6.965921695651425827e-01 5.454705319570184452e-01
5.103899968764833428e-01 7.000440243683486718e-01 5.464383302221139660e-01
5.045623018595991605e-01 6.922438408924895814e-01 5.402380267245132650e-01
5.075013588527101938e-01 6.900389332821765809e-01 5.314528287501260051e-01
5.134212836915539313e-01 6.938929101091263485e-01 5.435423138125841103e-01
4.914263157506400526e-01 6.826187366727907158e-01 5.301554625878950322e-01
4.985021876913768857e-01 6.752846212305672058e-01 5.362598470706578802e-01
5.139144058062976583e-01 6.877467147737418296e-01 5.399490399490399772e-01
5.075997373294670600e-01 6.887477157747428080e-01 5.451544911004370109e-01
5.030288273531516863e-01 6.940023561645183303e-01 5.403081213892024781e-01
5.180020315155450250e-01 6.964027909973855568e-01 5.332716008391683582e-01
5.025430836241646659e-01 6.855430368943882247e-01 5.352649947244542128e-01
5.041208284451528243e-01 6.843735627519411668e-01 5.349059132842917119e-01
5.078444537903997746e-01 6.871773493395114674e-01 5.385901872388358935e-01
5.102006183087264279e-01 6.856623207974559264e-01 5.342061963683585324e-01
5.069565880376690759e-01 6.911616776481641633e-01 5.275053923702572867e-01
5.185529509853834540e-01 6.992311722041452127e-01 5.411578654821898038e-01
5.172801794423416144e-01 6.970975889894809319e-01 5.452184371103290239e-01
5.117328630842143955e-01 6.904152309557715084e-01 5.352059676384001152e-01
5.132023915807699677e-01 6.890231755096619670e-01 5.344373857887371182e-01
5.035416251632467421e-01 6.859230237608615610e-01 5.195047627480059438e-01
5.037260848071658526e-01 6.832987778933724554e-01 5.096927394224691765e-01
5.065298713947362641e-01 6.803019235451668312e-01 5.166972869675572344e-01
5.055325595866136945e-01 6.784659352226919404e-01 5.137410137410137745e-01
4.962296448782935188e-01 6.839173325659811953e-01 5.297951514167730247e-01
5.175925311060446399e-01 6.919253405739892449e-01 5.226799280853334784e-01
4.979979979979979876e-01 6.869523085739301926e-01 5.311540041269771084e-01
5.053468702117350775e-01 6.903266903266903620e-01 5.333060333060333225e-01
5.111130786806462600e-01 6.933960988015042126e-01 5.365107121863879058e-01
5.150998664512177472e-01 6.924983952010979049e-01 5.314306935928557740e-01
5.158057320219482378e-01 6.904976229300553436e-01 5.408799462853517426e-01
5.110823354066597046e-01 6.952025735809519436e-01 5.303362330389357338e-01
5.115397953235790718e-01 6.861222401762941958e-01 5.148231769853391926e-01
5.062138305381548298e-01 6.867985922039976376e-01 5.284399878994473498e-01
5.118140253275388352e-01 6.856918343404829752e-01 5.386971738323089731e-01
5.060490465895871592e-01 6.829360072603315457e-01 5.456402348294240312e-01
5.154220559625964926e-01 6.882533639290395744e-01 5.391952148708905046e-01
5.056518434896812852e-01 6.796981256440716157e-01 5.293905699311104440e-01
5.009063117171225210e-01 6.724267264807805011e-01 5.436222463249490433e-01
5.084863733512382522e-01 6.808958835985863267e-01 5.302181788668275386e-01
5.058153977072895602e-01 6.731830110208488760e-01 5.233980909656584801e-01
5.072541829298585769e-01 6.828339395906963816e-01 5.234399018182801511e-01
4.956676578298199742e-01 6.732580246093760046e-01 5.211304670764129732e-01
4.958496580118201824e-01 6.794411118735442789e-01 5.239723753237266468e-01
5.072787775490478213e-01 6.826334934443042401e-01 5.265523508766751792e-01
5.040347472779904692e-01 6.767762848843930090e-01 5.127596884353641249e-01
5.027755027755027584e-01 6.794115983305172302e-01 5.294692727125159815e-01
5.122911609398096422e-01 6.881365394878908859e-01 5.431930702200972183e-01
4.984062686765389216e-01 6.786909759882733262e-01 5.339713177551015377e-01
4.952913601562250467e-01 6.785704623542461178e-01 5.255353633732011698e-01
5.019245289515559261e-01 6.834807780753726636e-01 5.185000725541265565e-01
4.347307995956644633e-01 6.223447034257845178e-01 4.585728234376882928e-01
4.518375869727220828e-01 6.416711551846686623e-01 4.930249659979389909e-01
4.667861965159262327e-01 6.559864532837506035e-01 5.128076479427831069e-01
4.885450561126236657e-01 6.708256167715627161e-01 5.217908326016433840e-01
4.909491801383693010e-01 6.771833258319744919e-01 5.260198773712286835e-01
5.051070726746402784e-01 6.888104320536753145e-01 5.278583251556224765e-01
5.034604629199224135e-01 6.868883625640382906e-01 5.320160455295590562e-01
5.049693428071806434e-01 6.858750642534425790e-01 5.236071452287668349e-01
5.131040131040131014e-01 6.964618180834396544e-01 5.470876281687092613e-01
5.074435614976156028e-01 6.932940311318689375e-01 5.496737523764551048e-01
5.161217728785296721e-01 6.962748989776016417e-01 5.391706202517013713e-01
5.108167135194162656e-01 6.957707092842227992e-01 5.372042804475236633e-01
5.110147002038893937e-01 6.967717102852237776e-01 5.312277879845447304e-01
5.070586557073043510e-01 6.944241538836133376e-01 5.256583364691472804e-01
5.071385882196692840e-01 6.933960988015042126e-01 5.270184189103107597e-01
5.020401236617453300e-01 6.809118701010592467e-01 5.159065699606240063e-01
5.010415821226632538e-01 6.892285405798919129e-01 5.249414033197816742e-01
5.087778195886304422e-01 6.830774263206695895e-01 5.274807977510680423e-01
5.093496444847795956e-01 6.859107264512669389e-01 5.336552768985201034e-01
5.098649017567936648e-01 6.829015747934666924e-01 5.249057411219573144e-01
5.137274867004596457e-01 6.818526142850467320e-01 5.252021062831873088e-01
5.191087893790596874e-01 6.830417641228452297e-01 5.332593035295738471e-01
5.243093216066189166e-01 6.890268647025403759e-01 5.288187450349612906e-01
5.120390660931201099e-01 6.908517854463800401e-01 5.452873020440588414e-01
5.099608207716316288e-01 6.930702200972471694e-01 5.499110904516310017e-01
5.131507428804725768e-01 6.936039233336530607e-01 5.331990467125602429e-01
5.089376846133603083e-01 6.920335568984217200e-01 5.308527200419091985e-01
5.183143831792480505e-01 6.961027366432771535e-01 5.338446554662771293e-01
5.152166908923665467e-01 6.922118678875435194e-01 5.304911791398277954e-01
5.158721374937591531e-01 6.942470726254510449e-01 5.371514020162668768e-01
5.120919445243770074e-01 6.910510018618126749e-01 5.317811669163020616e-01
5.123034582494041533e-01 6.918933675690432938e-01 5.269520134384999555e-01
5.109581325797541984e-01 6.900758252109603363e-01 5.398887831320263730e-01
5.170219359408548820e-01 6.853007798953745233e-01 5.397522829955262447e-01
5.164156785778407643e-01 6.899762170032440745e-01 5.452565587700722860e-01
5.216518730032243534e-01 6.919573135789351959e-01 5.436886517967599586e-01
5.170047197074224554e-01 6.894843246194597430e-01 5.420604880064339159e-01
4.973732946705919922e-01 6.827749125046422840e-01 5.433258811637190488e-01
5.093939147993201688e-01 6.896023787915679382e-01 5.382397139153896060e-01
5.033928277171519916e-01 6.797940446589094687e-01 5.276259060042843840e-01
5.181348424591667445e-01 6.934489772327609991e-01 5.402158915672429229e-01
5.299550164415028908e-01 6.986704148866310637e-01 5.380454164237947756e-01
5.249930520200790651e-01 6.919228811120703426e-01 5.468601279412089733e-01
5.176281933038689997e-01 6.873618089834305778e-01 5.353227920795488037e-01
5.092365092365092050e-01 6.826556286015745822e-01 5.359265899806440192e-01
5.004033517547030741e-01 6.917150565799214945e-01 5.491006977493464447e-01
4.997368375746754077e-01 6.878438635195391893e-01 5.446097202853960040e-01
4.939497236794533896e-01 6.823924661762499344e-01 5.370763884277397482e-01
5.016650557191097981e-01 6.926594899567872776e-01 5.413275683545953898e-01
5.033620844431655472e-01 6.857766857766858237e-01 5.239096590447941404e-01
5.026525296795567588e-01 6.836344944453052186e-01 5.316704911299505731e-01
5.028308406686785581e-01 6.942987213257483248e-01 5.488510623645759257e-01
4.995191751948508951e-01 6.916474213771510726e-01 5.374231725583077379e-01
4.974224839089703698e-01 6.889739862712835894e-01 5.380835380835380377e-01
5.015457718160420963e-01 6.896306626036355913e-01 5.224499683959142882e-01
5.223638872287520440e-01 6.912895696679480784e-01 5.375018753397131643e-01
5.134507972345809801e-01 6.880086474681069708e-01 5.388262955830523948e-01
5.048316129397210084e-01 6.828105747024666439e-01 5.219187246214272990e-01
4.972417134579296683e-01 6.821083983246145621e-01 5.377748756127134211e-01
4.977791058872139685e-01 6.803990722909641908e-01 5.314835720241125605e-01
4.348734483869619027e-01 6.258641934317610289e-01 4.540142107709675412e-01
4.580919986325391879e-01 6.494492035032575217e-01 4.895866382352868640e-01
4.742395958612175000e-01 6.718450637369556278e-01 5.048955589496130214e-01
4.973154973154972902e-01 6.765155819209873744e-01 5.184890049754914410e-01
5.030878544392057838e-01 6.844707114977385265e-01 5.372546994168615475e-01
4.981135927081872805e-01 6.868121192445516554e-01 5.414505414505415004e-01
4.950048328426706612e-01 6.841755760674679276e-01 5.396686612902829028e-01
5.034653818437602180e-01 6.867924435492003266e-01 5.370271991893613706e-01
5.012604742334472174e-01 6.840735083978327635e-01 5.312782069538826146e-01
5.115262682830250540e-01 6.870162545838222057e-01 5.307850848391388876e-01
4.994269453728913399e-01 6.816300329813843595e-01 5.266408915057563256e-01
4.934947232244529802e-01 6.787524625362463260e-01 5.233439828034422980e-01
5.043077475509908369e-01 6.875462686273496882e-01 5.334622091378847797e-01
5.121288364531607629e-01 6.794103685995578346e-01 5.492421168096843775e-01
5.152609612069071199e-01 6.818353980516143054e-01 5.320885996561671716e-01
5.060404384728709459e-01 6.770997041267311500e-01 5.286699475888665400e-01
5.183340588745993793e-01 6.855774693612531889e-01 5.450130720400990780e-01
4.993236479722966137e-01 6.846846846846846857e-01 5.310457878025445222e-01
5.141468249576357508e-01 6.883960127203370138e-01 5.367357529519691806e-01
5.063023711672360871e-01 6.867949030111192288e-01 5.412500953041493590e-01
5.044454774184503609e-01 6.852934015096177056e-01 5.374256320202266402e-01
5.091086172167252899e-01 6.857041316500775974e-01 5.366201582417798877e-01
4.990973774757558323e-01 6.861923348409835199e-01 5.307617199509091499e-01
4.964264018318072513e-01 6.837931297390756891e-01 5.175408824057472490e-01
4.856539586269316144e-01 6.794325037568280656e-01 5.358196033871709396e-01
5.014769068823122788e-01 6.843096167420491538e-01 5.268032159924052049e-01
5.053062890900729132e-01 6.918023674780431342e-01 5.448741124416800474e-01
4.960968339346717992e-01 6.880664448232015618e-01 5.322619917214511664e-01
4.937369802234667371e-01 6.841559003721165988e-01 5.283846500062716611e-01
5.048525183660318438e-01 6.831868723760615714e-01 5.271844325898380479e-01
5.042696258912474638e-01 6.835336565066294501e-01 5.244728758242271915e-01
4.899740034875170180e-01 6.745086609951475021e-01 5.421207448234475201e-01
5.023254212443402089e-01 6.837267242672647738e-01 5.322238700617079044e-01
4.953995764806575774e-01 6.750189993433236557e-01 5.165017597450030085e-01
4.996224725954455659e-01 6.747459990703233990e-01 5.299009082792867087e-01
4.879277311709744325e-01 6.777760561544344808e-01 5.415107982675549936e-01
4.734402707375680586e-01 6.747693639585531367e-01 5.381216597432814108e-01
4.829928208306586424e-01 6.843317518993194959e-01 5.393501609717825662e-01
4.879879879879879812e-01 6.829556829556829856e-01 5.404446215257026065e-01
5.066491552978039659e-01 6.861074834047806714e-01 5.247040652446057774e-01
4.960009149198338352e-01 6.841362246767652699e-01 5.278202034958792144e-01
4.946617379049811358e-01 6.797042742988689268e-01 5.348899267818186809e-01
4.914964104153293212e-01 6.758367704313650304e-01 5.223897115789007950e-01
5.030460435865841129e-01 6.777846642711508052e-01 5.427171643387859179e-01
5.071422774125476929e-01 6.774268125619476999e-01 5.374637536799699022e-01
4.905790311195716846e-01 6.712867658813604921e-01 5.473680068274663357e-01
5.032514086568140588e-01 6.790328411950034004e-01 5.291458534701778404e-01
4.965223208466451599e-01 6.754567835648916940e-01 5.337216823703310187e-01
5.049705725381401500e-01 6.754961349555944627e-01 5.391386472467553093e-01
5.063048306291549894e-01 6.696622912839128583e-01 5.299218137055975442e-01
4.901289495884090242e-01 6.641949074381506835e-01 5.230586852208474191e-01
4.802566694458586527e-01 6.699143861306023906e-01 5.266630266630266677e-01
4.973868217111460099e-01 6.720836315430910313e-01 5.326997759430192048e-01
4.963673747457530983e-01 6.777735966925155786e-01 5.250434709894169494e-01
4.756574756574756813e-01 6.729272269812810459e-01 5.169198682712196069e-01
4.841758220136598290e-01 6.735654573492411146e-01 5.146866768488390642e-01
4.911828290206668446e-01 6.774120557904341755e-01 5.096829015747934566e-01
5.068914122968176672e-01 6.899577710388521412e-01 5.327489651813975824e-01
5.118337010228901640e-01 6.899872845818791900e-01 5.278091359172439878e-01
4.946088594737243493e-01 6.835865349378862366e-01 5.343439262358181674e-01
4.366147474255582250e-01 6.280518848086416028e-01 4.454946346838238869e-01
4.607322310025012690e-01 6.582589960968339149e-01 4.798373311886825476e-01
4.816954546684276139e-01 6.720860910050099335e-01 4.966883345261723370e-01
4.811531433153054538e-01 6.659435848625038235e-01 5.170231656718142776e-01
4.892533811452730586e-01 6.716040364689013220e-01 5.348825483960618632e-01
4.974790515331055651e-01 6.748529856637964786e-01 5.293044887639481999e-01
5.072836964728856257e-01 6.728190106568484596e-01 5.154761641248127857e-01
5.064917497349930020e-01 6.746340935530125149e-01 5.177204231258285549e-01
4.884995560671236414e-01 6.778166372760967562e-01 5.223085493355763553e-01
5.021630967576913296e-01 6.849515363028876314e-01 5.416682038303659574e-01
5.023487861325699466e-01 6.897622438162979153e-01 5.335765741171146770e-01
4.935586692343449378e-01 6.819141008330197318e-01 5.296254485443674387e-01
5.041245176380311221e-01 6.926213682970440155e-01 5.401740807146212520e-01
5.025037322334620082e-01 6.867149704987542957e-01 5.366054014702663633e-01
5.113454978319843525e-01 6.884476614206344047e-01 5.360175900716441788e-01
5.121386743008364828e-01 6.888743780635672165e-01 5.362635362635362890e-01
5.167181923938680699e-01 6.775178126529477485e-01 5.294705024434753771e-01
5.194506545857897617e-01 6.910165693949478216e-01 5.462710868116273932e-01
5.150887988725826316e-01 6.883332964414045074e-01 5.303731249677196002e-01
5.134360404630674557e-01 6.860558347044833916e-01 5.261157963860666475e-01
5.087741303957520334e-01 6.840710489359137503e-01 5.376076322022268483e-01
5.159004213058266952e-01 6.797669905778014332e-01 5.397584316503235558e-01
5.185836942593698984e-01 6.887231211555535637e-01 5.375621321567267685e-01
5.337880878421419339e-01 7.004695112803220880e-01 5.323345458480593928e-01
5.294348402456510172e-01 7.036950955869875068e-01 5.428229212012996019e-01
5.352526974148595906e-01 6.990909828747666754e-01 5.470261416207362615e-01
5.198490874166550313e-01 7.026190809974593998e-01 5.547476223151899255e-01
5.107970378240648257e-01 6.909821369280828574e-01 5.429889348808267791e-01
5.110528218636326558e-01 6.903389876362849842e-01 5.384487681784979607e-01
5.152462044353935955e-01 6.915490429003942063e-01 5.410508788887167242e-01
5.167194221248275765e-01 6.966192236462506182e-01 5.272606759093245721e-01
5.144604063522982829e-01 6.927652468193008506e-01 5.247483355591463505e-01
5.175753148726122133e-01 6.966241425700885337e-01 5.378363621606865319e-01
5.284153932802581055e-01 7.016451340775664569e-01 5.498311579392660686e-01
5.160307727875295125e-01 6.995718076799157803e-01 5.425437722735020341e-01
5.192428300536409136e-01 6.911210965265018880e-01 5.342898180736018743e-01
4.992498641147289917e-01 6.827417097687368264e-01 5.365426851913338568e-01
5.032415708091383388e-01 6.848716037905226983e-01 5.412611628827844745e-01
5.189329378518567903e-01 6.910436234760558571e-01 5.406352298244190280e-01
5.130892563324995770e-01 6.873605792524711822e-01 5.392739176522960420e-01
5.022737725440428180e-01 6.807741402335997227e-01 5.410680951221491508e-01
4.971175106310241620e-01 6.738126332720927314e-01 5.268991350072431690e-01
5.011817714520416800e-01 6.804630183008560929e-01 5.196338844987493655e-01
5.172789497113821078e-01 6.850941850941850708e-01 5.225188333296441057e-01
5.138836625323112139e-01 6.867248083464300157e-01 5.325768028470730941e-01
5.143005413275683058e-01 6.846527116797387347e-01 5.353301704653056214e-01
5.187374106293025644e-01 6.911321641051371145e-01 5.340008312981285865e-01
5.279763793277306716e-01 6.994562129697264874e-01 5.427909481963536509e-01
5.081691027636973113e-01 6.910965019073127547e-01 5.314774233693152494e-01
5.101096182177263794e-01 6.860718212069563116e-01 5.249709168628087230e-01
5.017732720435422733e-01 6.787340165718543927e-01 5.268167430329592227e-01
5.067586013531959477e-01 6.913436778301643715e-01 5.317209100992884574e-01
5.005410816221627091e-01 6.859783616540373608e-01 5.386270791676197600e-01
