1.517237414151597186e+00 1.517237414151597186e+00 1.517237414151597186e+00
1.491399407724780968e+00 1.491399407724780968e+00 1.491399407724780968e+00
1.477652636884884352e+00 1.477652636884884352e+00 1.477652636884884352e+00
9.360626299540041328e-01 9.360626299540041328e-01 9.360626299540041328e-01
6.488091487618927733e-01 6.488091487618927733e-01 6.488091487618927733e-01
5.652101316867241820e-01 5.652101316867241820e-01 5.652101316867241820e-01
4.790041585281330505e-01 4.790041585281330505e-01 4.790041585281330505e-01
4.834021170688677649e-01 4.832430218637767116e-01 4.840321970890302805e-01
5.120235019847521052e-01 5.134632348308235672e-01 5.132631844244218700e-01
5.063653834036923040e-01 5.453090542498897353e-01 5.012207800390650059e-01
4.762444080398210433e-01 5.649533740785079861e-01 4.687622078003906290e-01
4.396462100686787111e-01 5.729412135341188650e-01 4.553651313716842175e-01
4.200979774431352620e-01 5.780417112973347260e-01 4.546499905487996762e-01
4.190504694096150451e-01 5.787300737193623590e-01 4.333170562661458058e-01
4.123889483964463532e-01 5.784859177115493356e-01 4.300359145611492573e-01
4.191749102135971516e-01 5.860248251527944152e-01 4.328035410497133029e-01
4.087313338794026918e-01 5.794971961439102648e-01 4.391563228530023233e-01
4.066000882112028036e-01 5.810534937937118505e-01 4.379276668136853345e-01
4.142602860563291411e-01 5.773281456745006368e-01 4.435495557935857924e-01
4.231963959422846977e-01 5.868565307794090247e-01 4.471079327074538590e-01
4.124960619998739864e-01 5.867179131749732379e-01 4.408906181084997766e-01
4.096197467078319110e-01 5.860941339550123086e-01 4.402747148887908857e-01
4.350781299225001675e-01 5.964494990863840052e-01 4.483791191481318328e-01
4.396194316678218028e-01 5.982751559448049594e-01 4.523249952743998437e-01
4.097331611114611305e-01 5.777912544893201163e-01 4.471819671098229421e-01
4.177887341692395062e-01 5.843818915002205738e-01 4.379875244156007930e-01
4.182030117824963589e-01 5.823561842353979223e-01 4.368612563795601922e-01
3.982121479427887523e-01 5.800485161615525076e-01 4.452743998487808108e-01
4.059133009892256228e-01 5.741320647722261139e-01 4.268177808581689603e-01
4.150746644823892773e-01 5.858295003465440187e-01 4.266145800516665809e-01
4.141673492533551881e-01 5.889499716463990620e-01 4.435558565937874342e-01
4.174469157583012846e-01 5.907015941024510441e-01 4.485382143532228860e-01
4.118439291790057522e-01 5.881607964211454931e-01 4.419428517421712388e-01
4.209800894713628394e-01 5.863619179635813916e-01 4.509435448301934435e-01
4.184046373889483972e-01 5.859555163505765218e-01 4.317418562157394057e-01
4.153944300926217803e-01 5.839424106861571540e-01 4.437748094007938904e-01
4.145642996660575674e-01 5.828775754520824082e-01 4.437795350009451356e-01
4.273454728750551435e-01 5.920294877449435722e-01 4.328807258521832346e-01
4.188000126016003799e-01 5.843078570978513797e-01 4.370061747841976207e-01
4.387341692394934323e-01 5.944836494234767565e-01 4.308518681872597900e-01
4.280102072963266058e-01 5.895579988658559145e-01 4.348670531157456942e-01
4.306092873794972187e-01 5.910670405141452699e-01 4.369226891815260472e-01
4.310345913931069028e-01 5.913537269233192228e-01 4.399675508789616107e-01
4.356452019406464871e-01 5.963486862831579582e-01 4.408402117068867532e-01
4.250645832020666370e-01 5.979049839329594329e-01 4.382301052233633643e-01
4.277109192867494247e-01 5.951310566441938565e-01 4.298216873542939909e-01
4.355758931384285937e-01 5.910985445151534234e-01 4.344779787032952978e-01
4.288812929242013516e-01 5.870203515846512676e-01 4.396950412702413380e-01
4.322853002331296102e-01 5.934802469913679213e-01 4.437480309999369821e-01
4.272131560708209985e-01 5.825562346417995085e-01 4.351946947262302356e-01
4.159552013105664581e-01 5.785158465125070926e-01 4.312866234011719646e-01
4.353774179320773485e-01 5.983775439480814029e-01 4.426721693655094048e-01
4.386727364375275773e-01 5.978593031314977102e-01 4.534575641106420307e-01
4.382017516224560594e-01 6.022824648730388253e-01 4.618439291790057410e-01
4.278007056896225846e-01 5.962462982798815148e-01 4.604010459328334859e-01
4.192820238170247849e-01 5.971740911095708704e-01 4.573955642366580587e-01
4.108846323483082430e-01 5.899076932770461745e-01 4.414765925272509661e-01
4.097394619116627723e-01 5.801509041648289511e-01 4.369116627811732156e-01
4.271800768697624484e-01 5.972465503118895569e-01 4.514822632474324027e-01
4.430407661773045347e-01 6.041396257324680441e-01 4.539112217251590753e-01
3.603191355302123311e-01 5.265767752504567634e-01 3.622975867935227523e-01
3.796043097473378869e-01 5.462667758805368479e-01 4.024777896792892662e-01
4.040813433306029712e-01 5.707264822632474033e-01 4.169696301430281804e-01
4.225836431226765999e-01 5.767468968559007481e-01 4.327137546468401430e-01
4.309290529897297217e-01 5.841093818915001901e-01 4.365572427698317659e-01
4.202476214479238803e-01 5.899612500787599911e-01 4.280999936991998212e-01
4.201090038434881491e-01 5.920877701468086896e-01 4.421791317497322238e-01
4.250929368029739974e-01 5.995668199861382552e-01 4.421948837502363006e-01
4.236547791569529320e-01 6.015169176485413161e-01 4.501370424043853458e-01
4.230404511372944376e-01 5.954334950538718862e-01 4.416467141326948509e-01
4.188441182030117615e-01 5.987398399596748355e-01 4.406622141011908300e-01
4.316347426123117725e-01 6.008521832272698537e-01 4.511892760380568079e-01
4.418247117383907741e-01 6.078791506521328269e-01 4.549571545586289512e-01
4.407173461029550987e-01 6.017453216558502627e-01 4.460982294751433264e-01
4.473410623149139953e-01 5.998739839959674747e-01 4.460903534748912880e-01
4.323624850355995419e-01 5.945655598260979335e-01 4.320190914246109237e-01
4.516775880536827992e-01 6.054990233759687257e-01 4.403077940898494358e-01
4.511719488375023901e-01 6.032197089030306714e-01 4.391326948522462081e-01
4.241588431730830000e-01 5.902337596874802639e-01 4.295491777455736626e-01
4.197278054312897910e-01 5.898919412765420978e-01 4.358247747463928068e-01
4.136333564362674187e-01 5.807778337848906736e-01 4.282071073026274544e-01
4.139799004473568300e-01 5.858090227458887522e-01 4.273880032764161285e-01
4.146446348686282923e-01 5.889137420452397187e-01 4.406937181021989836e-01
4.202838510490832236e-01 5.947923886333564836e-01 4.427257261672232214e-01
4.227506143280196360e-01 5.917947829374330393e-01 4.410875181148005697e-01
4.161977821183290294e-01 5.884348812299161624e-01 4.487461407598765106e-01
4.171744061495810119e-01 5.983885703484342899e-01 4.589534370865099855e-01
4.341692394934156818e-01 6.057321529834288620e-01 4.571073026274337092e-01
4.256946632222292082e-01 5.998046751937495813e-01 4.486358767563480288e-01
4.220102703043286385e-01 6.000945120030244384e-01 4.515547224497511447e-01
4.316504946128158493e-01 6.042703673366517370e-01 4.585848402747149111e-01
4.239020855648667485e-01 5.975348119211140174e-01 4.504489320143658104e-01
4.333406842669019210e-01 5.941812110137987268e-01 4.679352277739272647e-01
4.219173335013546855e-01 6.003670216117447112e-01 4.611791947577342232e-01
4.217850166971205406e-01 5.928958477726671283e-01 4.586068930754205741e-01
4.411962069182785995e-01 6.094196963014303359e-01 4.513373448427950296e-01
4.293302249385672065e-01 5.914230357255371162e-01 4.422972717535126885e-01
4.336352466763279123e-01 5.982026967424862729e-01 4.508852624283283816e-01
4.188441182030117615e-01 5.900195324806249975e-01 4.444348182219141630e-01
4.298768193560582040e-01 6.030495872975868421e-01 4.469315103018083324e-01
4.258868376283788115e-01 6.045318505450192337e-01 4.552091865666939574e-01
4.141768004536576231e-01 5.873416923949341673e-01 4.437023501984752039e-01
4.157157709029046799e-01 5.897753764728120851e-01 4.448223174343141628e-01
4.183762837880410923e-01 5.940929998109759635e-01 4.578980530527376747e-01
4.192142902148572881e-01 5.990722071703106222e-01 4.618187259781992293e-01
4.147013420704429576e-01 5.831406338605003015e-01 4.508474576271186418e-01
4.157157709029046799e-01 5.889641484468527421e-01 4.372345787915065118e-01
4.238516791632537251e-01 5.940095142083045010e-01 4.464699766870392494e-01
4.286733665175477270e-01 5.983649423476781193e-01 4.643406212588998550e-01
4.304769705752630737e-01 6.013609728435511670e-01 4.556770209816646822e-01
4.194600214227207080e-01 5.929714573750866080e-01 4.557557809841850105e-01
4.268540104593283591e-01 5.932754709848150343e-01 4.517216936550941808e-01
4.152668388885388251e-01 6.059841849914938683e-01 4.586147690756726125e-01
4.120282275849032616e-01 5.895044420641420979e-01 4.436991997983744107e-01
4.166388381324428458e-01 5.894886900636381322e-01 4.573876882364060203e-01
3.965282590889042669e-01 5.739572175666309839e-01 4.353585155314724786e-01
3.907315229034087345e-01 5.742691071766113931e-01 4.401549996849599689e-01
4.061795097977443092e-01 5.893563732594039317e-01 4.425776573624850552e-01
4.087029802784953869e-01 5.854750803352025690e-01 4.371810219897926952e-01
4.123432675949845749e-01 5.829972906559133250e-01 4.394997164639909415e-01
3.588352970827294874e-01 5.291490769327704680e-01 3.605774683384789792e-01
3.991430911725789010e-01 5.660308109129859044e-01 3.891846764539096393e-01
4.045822569466322460e-01 5.726482263247432147e-01 4.016224560519185971e-01
4.239241383655724116e-01 5.949325814378425559e-01 4.352923571293554339e-01
4.213927918845693510e-01 5.955579358578539928e-01 4.436172893957532337e-01
4.333690378678092259e-01 5.975962447230798169e-01 4.483854199483334191e-01
4.331122802595929744e-01 6.024525864784827656e-01 4.720795791065465208e-01
4.185590069938882052e-01 5.979396383340683796e-01 4.663663285237225065e-01
4.142996660575893331e-01 5.957642870644571653e-01 4.618061243777960012e-01
4.069875874236028035e-01 5.916687669334005362e-01 4.423634301556297888e-01
4.214668262869384341e-01 5.925146493604688258e-01 4.505040640161300236e-01
4.148305084745762539e-01 5.988343519626992961e-01 4.527424232877575450e-01
4.138160796421145315e-01 6.028180328901771023e-01 4.469299351017579358e-01
4.111760443576334412e-01 6.019690000630080196e-01 4.369463171822821623e-01
4.103443387310188317e-01 5.964368974859807215e-01 4.392146052548673851e-01
4.031409489005103874e-01 5.903597756915127670e-01 4.425209501606703899e-01
4.055494297775817381e-01 5.868297523785520609e-01 4.505859744187512006e-01
4.082052170625669607e-01 5.874031251968999667e-01 4.517421712557495028e-01
4.094448995022367810e-01 5.923145989540671286e-01 4.498645327956650730e-01
4.072128410308109014e-01 5.994423791821561487e-01 4.441560078129922484e-01
4.146934660701909192e-01 6.006568584210194572e-01 4.551918593661394841e-01
4.131812740218007707e-01 5.996660575893137946e-01 4.645627244660071598e-01
4.166199357318379204e-01 6.016980656543381434e-01 4.587266082792514910e-01
4.204224686535190103e-01 5.954145926532670163e-01 4.511735240375527867e-01
4.214778526872912656e-01 5.928265389704492350e-01 4.499338415978829109e-01
4.237398399596749021e-01 5.958209942662717751e-01 4.444647470228719199e-01
4.321419570285426337e-01 6.057337281834792586e-01 4.535788545145233441e-01
4.310314409930061097e-01 5.983838447482829892e-01 4.570080650242580589e-01
4.284323609098355523e-01 5.966794782937433483e-01 4.439528070064898135e-01
4.123590195954886517e-01 5.913427005229664468e-01 4.476324743242391935e-01
4.204949278558376968e-01 6.025218952807006589e-01 4.662907189213030268e-01
4.117557179761829889e-01 5.941733350135467440e-01 4.615918971709407348e-01
4.280763656984437060e-01 6.055100497763216127e-01 4.682014365824459512e-01
4.143154180580933543e-01 5.973284607145107339e-01 4.486910087581122974e-01
4.165506269296200825e-01 5.943072270178312300e-01 4.481129103396131463e-01
4.175414277613256897e-01 5.887656732405015525e-01 4.467865918971709593e-01
4.187653582004914887e-01 5.916057589313843401e-01 4.543160481381135485e-01
4.219819167034213336e-01 6.006852120219268176e-01 4.527046184865478051e-01
4.075609602419507094e-01 5.934455925902589746e-01 4.459139310692458169e-01
4.148572868754331622e-01 6.012696112406276105e-01 4.529865792955705128e-01
4.156606389011404667e-01 6.041285993321151571e-01 4.521974040703169440e-01
4.208414718669271082e-01 5.974182471173838938e-01 4.479459391342700547e-01
4.276778400856908746e-01 6.021674752693592092e-01 4.495668199861382330e-01
4.147249700711990172e-01 5.934156637893012176e-01 4.449231302375401542e-01
4.204114422531661788e-01 5.932660197845126548e-01 4.399234452775502291e-01
4.288450633230420084e-01 5.990375527692016755e-01 4.551083737634679660e-01
4.195718606262995309e-01 5.976750047256002008e-01 4.563937370045995645e-01
4.267910024573120520e-01 6.028180328901771023e-01 4.567182282149833128e-01
4.319655346228971071e-01 6.077169050469409806e-01 4.491415159725284934e-01
4.316095394115052608e-01 6.047114233507655534e-01 4.485161615525171674e-01
4.235523911536765440e-01 6.030432864973851448e-01 4.516287568521202278e-01
4.302517169680549203e-01 6.125055132001764324e-01 4.611713187574821848e-01
4.184692205910150453e-01 6.015295192489445997e-01 4.428281141704996648e-01
4.140996156511876913e-01 5.984578791506521833e-01 4.504347552139121857e-01
4.188945246046247850e-01 5.925524541616785656e-01 4.516051288513641127e-01
4.130820364186251759e-01 5.918719677399029155e-01 4.524447104782307605e-01
4.158937685086006031e-01 5.949640854388507094e-01 4.506111776195576568e-01
4.148021548736689490e-01 6.009671728309495808e-01 4.515043160481381213e-01
4.174437653582004915e-01 6.023139688740469788e-01 4.566048138113540378e-01
4.140271564488690048e-01 6.014507592464243269e-01 4.546877953500094716e-01
3.701704366454539596e-01 5.541412009325183963e-01 3.935149013924768568e-01
3.777250960872030605e-01 5.697734862327515915e-01 4.135388444332430136e-01
3.903203956902526750e-01 5.886380820364186528e-01 4.218322726986327154e-01
4.099647155188708703e-01 5.988327767626488995e-01 4.373385419948333519e-01
4.197183542309873561e-01 5.972733287127465207e-01 4.509734736311511449e-01
4.199420326381450574e-01 5.912277109192867197e-01 4.436755717976182956e-01
4.316300170121605273e-01 6.016224560519185527e-01 4.425918341629386799e-01
4.409819797114233331e-01 6.097930187133765445e-01 4.552170625669459958e-01
4.271863776699640902e-01 6.027235208871526417e-01 4.499921239997479727e-01
4.375007876000251983e-01 6.148021548736689601e-01 4.627669964085439069e-01
4.280779408984941026e-01 6.066646714132695184e-01 4.451578350450507426e-01
4.386223300359145538e-01 6.090763026904416622e-01 4.509655976308991066e-01
4.433510805872346028e-01 6.104041963329343012e-01 4.459359838699514800e-01
4.275250456808014632e-01 5.981696175414277228e-01 4.463880662844181280e-01
4.292908449373070146e-01 6.052028857664923933e-01 4.487839455610862505e-01
4.212084934786717860e-01 5.921759813496314528e-01 4.598402747148888081e-01
4.227332871274651627e-01 5.996125007875999779e-01 4.580729002583328047e-01
4.309006993888223613e-01 5.977411631277171900e-01 4.533252473064079413e-01
4.395989540671665363e-01 6.034307857097851446e-01 4.475962447230798502e-01
4.276242832839770580e-01 6.015972528511120965e-01 4.514224056455169998e-01
4.178013357696427343e-01 6.037206225190598907e-01 4.506647344212715289e-01
4.224056455169806767e-01 6.064126394052045121e-01 4.490028983680927621e-01
4.319403314220905954e-01 6.081910402621132361e-01 4.479900447356814364e-01
4.145690252662088127e-01 6.032449121038372386e-01 4.559794593913427119e-01
4.142083044546657211e-01 5.965345598891058643e-01 4.576066410434125320e-01
4.235145863524667487e-01 5.940410182093125435e-01 4.505182408165837038e-01
4.210903534748913213e-01 6.034843425114989612e-01 4.598418499149392047e-01
4.188472686031126102e-01 6.003764728120470906e-01 4.517342952554974644e-01
4.147407220717030940e-01 5.951326318442442531e-01 4.497920735933463310e-01
4.292530401360972747e-01 6.046436897485980566e-01 4.620439795854073273e-01
4.409867053115745783e-01 6.135341188330918349e-01 4.641531724529014968e-01
4.384380316300169889e-01 6.061259529960304482e-01 4.576050658433620799e-01
4.340952050910465432e-01 6.050548169617541161e-01 4.510522336336714733e-01
4.360311259529960348e-01 6.001370424043853680e-01 4.477553399281709035e-01
4.400683636821876576e-01 5.988705815638586394e-01 4.521422720685527308e-01
4.404826412954445103e-01 6.093173082981538924e-01 4.573971394367084553e-01
4.235665679541301687e-01 6.012381072396194570e-01 4.528432360909835364e-01
4.296783441497070144e-01 5.968275470984815145e-01 4.477695167286245281e-01
4.347599395123180610e-01 6.099347867179131244e-01 4.586242202759750475e-01
4.419932581437842622e-01 6.155456492974608063e-01 4.616738075735618563e-01
4.335155314724969955e-01 6.113666435637326035e-01 4.526841408858924831e-01
4.518193560582193791e-01 6.184755213912166427e-01 4.554596433747085671e-01
4.398919412765421311e-01 6.098702035158465318e-01 4.565260538088337094e-01
4.372975867935227634e-01 6.142177556549681672e-01 4.616486043727553445e-01
4.282512129040388360e-01 6.075830130426563835e-01 4.693765358200491233e-01
4.209044798689433597e-01 6.092180706949782421e-01 4.634033772289080644e-01
4.186739965975678768e-01 6.094622267027912654e-01 4.584493730703799175e-01
4.378520572112658549e-01 6.131844244219015749e-01 4.644099300611177483e-01
4.389988028479616666e-01 6.176107365635435942e-01 4.716590006930880263e-01
4.271296704681494805e-01 6.004851616155251204e-01 4.603081091298594774e-01
4.171350261483208199e-01 5.901707516854640678e-01 4.503528448112910088e-01
4.177210005670720094e-01 5.905582508978640677e-01 4.603868691323798057e-01
4.244471047823073495e-01 5.959911158717157154e-01 4.554045113729443539e-01
4.356357507403439966e-01 6.100608027219457385e-01 4.600686787221976992e-01
4.226702791254489111e-01 6.072081154306596673e-01 4.599064331170058528e-01
4.265373952491966492e-01 5.965849662907188877e-01 4.461927414781677315e-01
4.142665868565307830e-01 5.899691260790120850e-01 4.322994770335832904e-01
4.150683636821876354e-01 5.974292735177367808e-01 4.452885766492344355e-01
4.127339172074853679e-01 5.996251023880032616e-01 4.605837691386805988e-01
4.231711927414781860e-01 6.047035473505135705e-01 4.592385482956335419e-01
3.450711990422783426e-01 5.305494297775817936e-01 3.769690000630079862e-01
3.711848654779156820e-01 5.543648793396761532e-01 4.106782811417050150e-01
4.010695608342259577e-01 5.795728057463297445e-01 4.272131560708209985e-01
4.093677146997668492e-01 5.828586730514775383e-01 4.299508537584273427e-01
4.151502740848087569e-01 5.958903030684896684e-01 4.420861949467582153e-01
4.154542876945371832e-01 5.860657803541049482e-01 4.395233444647470011e-01
4.003811984121983247e-01 5.829657866549051715e-01 4.434203893894524406e-01
3.975064583202066459e-01 5.864595803667065343e-01 4.542215361350891434e-01
3.894918404637389142e-01 5.831327578602482076e-01 4.495589439858861946e-01
3.892665868565307608e-01 5.824333690378677986e-01 4.467440614958099743e-01
3.820505954256190329e-01 5.784197593094323464e-01 4.464904542876945159e-01
3.909110957091550542e-01 5.746928359901707362e-01 4.411426501165647829e-01
3.945718606262995642e-01 5.837707138806628171e-01 4.612485035599521166e-01
4.003764728120471350e-01 5.829106546531409583e-01 4.489225631655220372e-01
3.835879906748156931e-01 5.758222544263121856e-01 4.386821876378300122e-01
3.828318946506206188e-01 5.750157520005040324e-01 4.381544956209438846e-01
3.811338289962825088e-01 5.744549807825594101e-01 4.397580492722575896e-01
3.800359145611492684e-01 5.738768823640602035e-01 4.338857034843425220e-01
3.863965723646903272e-01 5.777833784890681335e-01 4.510349064331169999e-01
3.797760065528322238e-01 5.805809337785898805e-01 4.540734673303509772e-01
3.774982672799445660e-01 5.722985319135530657e-01 4.517531976561023344e-01
3.646556612689811350e-01 5.666041837313339213e-01 4.468401486988847759e-01
3.728971079327074722e-01 5.680706949782622361e-01 4.492565055762081649e-01
3.814268162056581035e-01 5.727679415285741316e-01 4.564378426060109462e-01
3.907393989036607729e-01 5.793696049398273651e-01 4.489162623653203954e-01
3.900967172830949736e-01 5.745258647848277000e-01 4.395091676642933765e-01
3.972166215109318999e-01 5.746770839896666594e-01 4.379040388129292194e-01
3.879827988154495588e-01 5.778495368911852337e-01 4.516319072522210210e-01
3.879166404133325141e-01 5.802139121668451471e-01 4.449861382395564058e-01
4.000425304013609518e-01 5.853207107302627055e-01 4.499905487996975761e-01
4.017468968559007036e-01 5.866848339739146878e-01 4.554249889735996204e-01
3.875322916010333074e-01 5.797445025518240813e-01 4.504835864154747571e-01
3.925682061621825758e-01 5.841975930943229534e-01 4.457847646651124651e-01
3.907031693025014296e-01 5.764381576460210210e-01 4.361728939575326147e-01
3.917254741352151903e-01 5.781771785016697196e-01 4.360200995526432033e-01
3.931116501795727802e-01 5.781992313023753827e-01 4.353222859303131353e-01
4.027944048894209761e-01 5.808786465881167205e-01 4.563386050028353513e-01
4.022871904731901149e-01 5.830539978577279348e-01 4.617289395753260695e-01
3.980562031377984922e-01 5.848276731144855800e-01 4.497274903912796828e-01
3.917821813370298001e-01 5.850482011215424327e-01 4.597709659126709147e-01
3.986264255560456049e-01 5.853427635309684796e-01 4.549540041585281580e-01
4.062362169995589189e-01 5.907598765043160505e-01 4.673571293554281136e-01
4.074459706382710378e-01 5.889672988469535353e-01 4.502536072081154139e-01
4.052721945687102201e-01 5.916089093314851333e-01 4.549461281582761196e-01
4.039269737256631632e-01 5.905314724970071039e-01 4.515578728498519379e-01
4.079909898557116943e-01 5.950349694411189994e-01 4.474434503181903833e-01
4.013751496440047806e-01 5.915648037300736961e-01 4.535993321151786106e-01
4.231176359397643694e-01 6.014948648478356530e-01 4.602986579295570424e-01
4.100686787221977103e-01 5.963549870833595445e-01 4.534906433117005808e-01
4.221520383088652184e-01 6.008537584273202503e-01 4.639326444458446441e-01
4.098087707138806657e-01 5.982609791443512792e-01 4.543412513389200602e-01
4.165143973284607393e-01 6.022241824711738190e-01 4.565591330098922596e-01
4.182896477852687256e-01 6.010301808329657769e-01 4.586320962762270859e-01
4.265972528511121076e-01 6.058912481885199153e-01 4.509813496314031833e-01
4.191560078129922262e-01 6.020871400667884288e-01 4.490170751685463868e-01
4.171602293491273317e-01 5.955736878583579585e-01 4.493163631781236234e-01
4.151991052863713838e-01 5.933936109885955545e-01 4.477112343267595218e-01
4.132946884254300457e-01 5.943182534181841170e-01 4.552753449688110576e-01
4.109854451515342344e-01 5.994234767815512788e-01 4.548642177556549426e-01
4.142287820553210431e-01 6.044483649423476601e-01 4.577531346481003016e-01
3.595898179068741651e-01 5.561007497952239476e-01 3.969378111020099298e-01
3.817796610169491567e-01 5.693119526179825085e-01 4.180769957784638557e-01
3.899754268792136602e-01 5.812614202003654196e-01 4.348197971142335194e-01
4.044326129418436278e-01 5.984909583517106224e-01 4.494203263814504634e-01
4.034544137105412487e-01 5.938488438031630512e-01 4.427761325688362448e-01
4.260538088337219031e-01 6.054675193749605722e-01 4.548232625543444096e-01
4.237335391594732603e-01 6.152589628882868533e-01 4.678643437716589748e-01
4.284985193119525970e-01 6.065355050091361111e-01 4.570820994266271975e-01
4.163143469220590975e-01 6.049020225568647602e-01 4.696616470291726797e-01
4.264995904479869093e-01 6.095504379056140287e-01 4.690016382080524071e-01
4.250582824018650507e-01 6.144682124629827769e-01 4.626693340054187087e-01
4.242092495746959679e-01 6.080224938567198034e-01 4.638381324428202390e-01
4.240485791695545181e-01 6.005261168168357644e-01 4.495668199861382330e-01
4.328507970512255332e-01 6.050107113603427900e-01 4.433227269863272424e-01
4.310534937937118283e-01 6.059133009892255783e-01 4.468417238989351725e-01
4.270194064646209986e-01 5.986847079579106223e-01 4.448538214353222608e-01
4.309385041900321567e-01 6.073231050343393944e-01 4.531220464999055064e-01
4.350072459202318775e-01 6.155614012979648830e-01 4.549398273580744778e-01
4.241745951735870213e-01 6.040104593283347478e-01 4.464148446852750363e-01
4.327751874488059980e-01 6.147879780732152799e-01 4.591960178942725568e-01
4.476466511246928182e-01 6.180013861760443872e-01 4.772178816709722327e-01
4.417049965345599127e-01 6.139735996471551438e-01 4.745762711864406902e-01
4.443702350198475148e-01 6.127087140066788118e-01 4.726876063260034289e-01
4.469126079012034625e-01 6.126220780039064451e-01 4.650825404826413045e-01
4.147580492722575674e-01 5.980814063386049595e-01 4.648935164765925498e-01
4.238091487618927400e-01 6.021375464684014522e-01 4.602671539285489444e-01
4.305777833784890651e-01 6.020713880662844630e-01 4.550784449625102646e-01
4.266256064520194125e-01 6.101710667254741649e-01 4.553808833721882943e-01
4.142130300548169664e-01 6.012160544389137939e-01 4.541931825341818385e-01
4.086557242769831566e-01 5.927588053682817382e-01 4.666624661331988944e-01
4.246266775880536692e-01 6.062157393989036080e-01 4.719378111020099409e-01
4.273045176737445550e-01 6.038970449247054173e-01 4.681604813811354182e-01
4.332508978640287056e-01 6.032937433053997545e-01 4.649691260790120295e-01
4.268571608594291522e-01 5.995132631844244386e-01 4.618801587801650843e-01
4.258553336273706580e-01 6.118171507781487994e-01 4.734374015499968613e-01
4.343897675004725345e-01 6.121337659882805093e-01 4.671870077499842289e-01
4.418625165396005139e-01 6.093519626992628391e-01 4.527534496881103765e-01
4.403314220906054954e-01 6.078539474513263707e-01 4.476056959233822852e-01
4.337691386806124538e-01 6.064409930061117615e-01 4.556392161804549423e-01
4.325404826412954651e-01 6.087864658811669161e-01 4.757844496251024125e-01
4.346701531094449011e-01 6.099867683195765444e-01 4.557400289836809337e-01
4.281535505009136378e-01 6.074506962384222941e-01 4.536765169176485424e-01
4.133907756285048474e-01 5.937669334005418742e-01 4.604892571356562492e-01
4.014035032449120854e-01 5.837707138806628171e-01 4.457296326633482519e-01
4.176516917648541161e-01 6.083611618675571764e-01 4.480010711360342679e-01
4.373920987965471685e-01 6.062031377985004355e-01 4.471504631088148440e-01
4.133041396257324807e-01 5.920168861445403996e-01 4.487650431604813805e-01
3.989682439669838265e-01 5.911284733161111804e-01 4.551257009640224394e-01
4.185180517925776722e-01 6.041427761325688373e-01 4.791412009325184407e-01
4.119337155818789120e-01 6.076854010459328270e-01 4.813811354041963586e-01
4.017563480562031386e-01 5.977254111272131132e-01 4.672279629512948174e-01
4.038293113225379649e-01 5.899344716779031383e-01 4.568489698191670612e-01
3.922720685527061879e-01 5.939512318064393837e-01 4.574286434377166088e-01
4.070458698254678098e-01 5.909772541112721100e-01 4.474985823199546520e-01
3.936787221977190998e-01 5.982987839455611301e-01 4.417790309369289958e-01
4.034622897107932871e-01 6.000236280007561485e-01 4.486311511561968390e-01
3.926406653645013178e-01 5.957217566630962358e-01 4.340085690882742320e-01
4.093677146997668492e-01 5.930092621762963478e-01 4.456445718606262818e-01
4.026715392854892661e-01 5.927840085690883054e-01 4.547996345535882945e-01
4.064693466070191108e-01 5.984153487492911427e-01 4.501149896036796827e-01
3.430848717787158830e-01 5.216621510931888084e-01 3.883403692268918017e-01
3.711864406779660785e-01 5.633939260286056072e-01 4.307731081847394616e-01
3.894162308613193790e-01 5.791679793333753823e-01 4.390129796484153468e-01
3.841408858925083325e-01 5.809227521895280466e-01 4.386396572364690272e-01
4.060975993951231877e-01 5.858436771469976989e-01 4.453358326507466658e-01
4.007482200239430581e-01 5.859129859492155923e-01 4.569623842227962807e-01
3.883576964274462751e-01 5.745746959863903269e-01 4.587738642807636658e-01
3.861839203578854574e-01 5.737571671602293977e-01 4.587061306785961690e-01
3.917097221347111136e-01 5.763278936424925947e-01 4.609255875496188204e-01
3.953011782496377302e-01 5.826570474450255555e-01 4.530810912985949179e-01
3.794688425430029488e-01 5.808723457879150232e-01 4.497007119904227745e-01
3.803997857727931531e-01 5.801383025644256675e-01 4.491037111713187535e-01
3.779834288954697086e-01 5.824979522399345022e-01 4.538860185243526191e-01
3.832556234641799620e-01 5.890933148509860384e-01 4.512333816394681896e-01
3.776494864847835808e-01 5.886711612374772029e-01 4.632379812236154248e-01
3.891752252536072043e-01 5.827027282464872782e-01 4.593787411001197252e-01
3.847914435133261701e-01 5.766870392539852341e-01 4.507482200239430470e-01
3.854372755339928180e-01 5.781488249007623592e-01 4.594638019028416398e-01
3.818458194190662014e-01 5.809637073908386906e-01 4.516649864532795711e-01
3.784402369100876018e-01 5.811385545964337096e-01 4.561385545964337651e-01
3.762018776384600804e-01 5.720874551067985925e-01 4.525061432801965600e-01
3.673492533551760975e-01 5.735618423539790012e-01 4.448475206351206745e-01
3.760049776321592874e-01 5.726608279251464984e-01 4.502284040073089022e-01
3.551272761640728581e-01 5.581343330602986930e-01 4.282842921050973306e-01
3.678942725726166985e-01 5.698711486358767342e-01 4.500299288009577126e-01
3.798783945561086117e-01 5.792199609350388023e-01 4.411205973158591198e-01
3.821403818284921927e-01 5.878378804108121969e-01 4.551981601663411259e-01
3.708131182660197589e-01 5.796011593472371048e-01 4.436913237981223723e-01
3.789962825278810343e-01 5.733176863461659778e-01 4.518697624598324025e-01
3.863414403629261140e-01 5.796106105475394843e-01 4.510317560330162068e-01
3.854041963329342679e-01 5.775518240816583937e-01 4.548090857538907295e-01
3.794278873416924158e-01 5.770446096654274770e-01 4.468779535000945158e-01
3.720039695041270078e-01 5.772887656732405004e-01 4.491367903723773036e-01
3.796783441497070255e-01 5.764066536450128675e-01 4.561527313968873898e-01
3.842007434944237909e-01 5.852687291285992854e-01 4.617667443765358093e-01
3.700554470417742881e-01 5.778889168924453701e-01 4.584336210698758962e-01
3.729459391342700436e-01 5.804470417743052835e-01 4.550500913616029042e-01
3.657756285048200939e-01 5.716905046940961022e-01 4.421885829500346587e-01
3.822333186314662012e-01 5.803887593724402771e-01 4.508994392287820618e-01
3.815213282086825086e-01 5.754174280133577124e-01 4.421854325499338656e-01
3.673272005544704344e-01 5.690268414088589521e-01 4.482026967424863062e-01
3.838337218826791131e-01 5.815906370109004131e-01 4.498708335958666593e-01
3.759451200302438290e-01 5.776368848843803638e-01 4.532338857034843294e-01
3.780180832965786553e-01 5.697514334320458174e-01 4.501086888034780409e-01
3.990863839707642913e-01 5.841928674941717636e-01 4.625984500031504187e-01
3.853459139310692616e-01 5.756521328208682453e-01 4.519658496629072042e-01
3.907031693025014296e-01 5.763026904416861385e-01 4.512066032386112813e-01
3.892429588557747011e-01 5.863619179635813916e-01 4.631056644193812799e-01
3.818946506206288283e-01 5.831658370613067577e-01 4.565607082099426561e-01
3.775297712809526640e-01 5.856010963392350721e-01 4.554092369730955991e-01
3.883167412261357421e-01 5.859775691512821849e-01 4.565071514082288395e-01
3.749464431982861834e-01 5.820112154243588520e-01 4.403849788923193120e-01
3.749574695986390149e-01 5.844070947010270300e-01 4.483869951483838712e-01
3.850529267216936669e-01 5.805856593787410702e-01 4.563622330035914665e-01
4.068048642177556351e-01 5.956650494612816260e-01 4.515547224497511447e-01
4.054297145737508767e-01 5.943686598197971405e-01 4.508458824270682452e-01
3.843330602986579358e-01 5.875511940016382439e-01 4.536103585155314977e-01
3.821797618297523846e-01 5.781708777014681333e-01 4.354435763341944488e-01
3.789758049272257678e-01 5.780354104971331397e-01 4.483098103459139394e-01
3.735429399533740646e-01 5.756820616218260023e-01 4.473520887152668268e-01
3.282354609035347259e-01 5.055856593787411146e-01 3.619085123810724114e-01
3.572726986327263710e-01 5.421413269485224617e-01 4.195592590258963028e-01
3.687464557998865744e-01 5.570805242265767232e-01 4.255560456177934769e-01
3.764854136475332402e-01 5.674201373574443430e-01 4.330650242580807996e-01
3.826822506458320006e-01 5.748755591960178490e-01 4.307794089849411034e-01
3.753685968117950744e-01 5.771312456681998437e-01 4.362910339613130795e-01
3.905551004977632079e-01 5.888019028416608958e-01 4.539348497259151904e-01
3.930943229790183624e-01 5.746865351899691499e-01 4.538639657236469005e-01
3.831469346607019322e-01 5.768366832587739079e-01 4.526920168861445215e-01
3.865099867683196022e-01 5.789348497259152460e-01 4.335785394745132471e-01
3.831658370613068021e-01 5.799351017579232881e-01 4.526668136853380653e-01
3.794373385419948508e-01 5.809621321907881830e-01 4.514775376472812130e-01
3.868486547791569752e-01 5.808345409867052833e-01 4.570080650242580589e-01
3.855711675382773596e-01 5.843677146997668936e-01 4.601710667254741427e-01
3.820978514271312632e-01 5.779314472938062996e-01 4.406023564992754271e-01
3.838541994833343796e-01 5.834477978703295209e-01 4.532590889042908411e-01
3.846118707075798504e-01 5.786560393169932759e-01 4.349332115178627944e-01
3.690803982105727576e-01 5.718590510994896459e-01 4.392319324554218585e-01
3.770729632663348263e-01 5.740123495683951971e-01 4.424043853569403217e-01
3.841377354924075394e-01 5.783016193056518262e-01 4.459218070694977998e-01
3.766555352529771250e-01 5.767059416545901041e-01 4.479317623338163745e-01
3.678044861697435386e-01 5.709076302690441196e-01 4.474166719173334750e-01
3.811464305966857924e-01 5.732342007434944042e-01 4.463927918845693177e-01
3.890350324491210210e-01 5.833973914687164974e-01 4.633293428265389813e-01
3.855018587360594662e-01 5.837360594795538704e-01 4.546436897485980899e-01
3.773344464747022675e-01 5.861555667569781081e-01 4.589235082855522840e-01
3.861650179572805874e-01 5.843519626992628169e-01 4.568568458194190440e-01
3.766460840526746900e-01 5.801871337659882943e-01 4.606956083422594772e-01
3.870392539852561264e-01 5.890429084493730150e-01 4.573199546342385235e-01
3.977616407283725009e-01 5.879371180139877362e-01 4.495337407850796829e-01
3.929935101757923155e-01 5.901376724844055177e-01 4.461832902778652965e-01
3.876693340054186976e-01 5.945797366265516137e-01 4.644461596622770916e-01
4.013546720433495141e-01 5.971725159095204738e-01 4.658606893075420419e-01
3.884317308298154137e-01 5.936393421964589745e-01 4.606247243399911873e-01
3.776290088841282588e-01 5.847457627118644030e-01 4.450711990422783759e-01
3.877764476088463308e-01 5.818678722197718756e-01 4.542829689370549984e-01
3.946002142272068691e-01 5.943466070190914774e-01 4.619998739839959456e-01
3.869856971835423098e-01 5.803131497700207975e-01 4.454712998550816039e-01
3.998598071955138389e-01 5.849347867179132132e-01 4.476387751244407798e-01
3.937055005985760081e-01 5.816268666120597564e-01 4.569340306218889758e-01
3.792435889357948509e-01 5.779991808959737964e-01 4.611602923571293533e-01
3.789647785268729363e-01 5.759529960304958784e-01 4.484247999495936110e-01
3.643185684581942141e-01 5.682266397832524962e-01 4.445687102261987045e-01
3.852561275281961017e-01 5.793743305399785548e-01 4.507686976245983135e-01
3.726356247243399755e-01 5.805273769768760639e-01 4.520855648667380655e-01
3.909725285111209092e-01 5.845220843047066461e-01 4.516996408543885178e-01
3.871353411883309281e-01 5.807321529834289509e-01 4.422200869510427568e-01
3.953405582508978666e-01 5.829405834540987152e-01 4.478214983302879482e-01
3.906937181021989947e-01 5.779440488942095833e-01 4.493825215802406681e-01
3.878693844118202838e-01 5.853096843299099294e-01 4.480136727364375515e-01
3.926138869636444095e-01 5.828082666498645148e-01 4.439165774053304703e-01
3.899108436771470121e-01 5.747841975930942926e-01 4.552375401676012623e-01
3.850103963203326818e-01 5.728656039316992743e-01 4.571262050280385791e-01
3.820663474261231096e-01 5.719645895028668825e-01 4.512570096402243047e-01
3.882868124251779851e-01 5.756190536198096952e-01 4.486689559574065789e-01
3.906590637010900480e-01 5.791994833343834248e-01 4.452019406464621243e-01
3.840274714888791130e-01 5.926201877638460624e-01 4.608484027471488886e-01
3.991903471740911313e-01 5.881891500220528535e-01 4.663915317245290182e-01
3.896966164702917457e-01 5.817198034150337094e-01 4.543507025392224952e-01
3.803698569718353961e-01 5.758096528259089020e-01 4.498251527944048811e-01
3.378536324113162181e-01 5.312629954004158828e-01 3.822411946317182396e-01
3.571986642303572324e-01 5.503843488122991401e-01 4.132647596244722887e-01
3.647580492722575785e-01 5.667664293365257677e-01 4.392839140570852230e-01
3.766964904542877135e-01 5.753339424106861388e-01 4.477128095268099184e-01
3.835234074727490450e-01 5.799492785583769683e-01 4.547271753512696080e-01
3.961628126772099856e-01 5.956650494612816260e-01 4.574223426375149670e-01
3.844732531031441192e-01 5.876898116060739197e-01 4.497778967928927063e-01
3.837596874803099745e-01 5.853207107302627055e-01 4.467172830949530660e-01
3.867824963770398750e-01 5.950853758427320228e-01 4.457249070631970067e-01
3.766728624535315983e-01 5.834730010711360881e-01 4.370975363871211772e-01
3.827027282464873226e-01 5.777597504883119628e-01 4.401061684833973975e-01
3.869195387814252651e-01 5.751134144036292861e-01 4.349521139184676644e-01
3.928076365698443539e-01 5.776920168861445770e-01 4.471914183101253770e-01
3.914340621258899922e-01 5.742958855774683569e-01 4.565465314094890315e-01
3.830020162560645036e-01 5.777770776888664361e-01 4.562377921996093599e-01
3.790325121290403776e-01 5.699278558376913439e-01 4.534055825089786662e-01
3.865556675697813804e-01 5.812535442001134367e-01 4.577641610484531332e-01
3.826617730451767341e-01 5.856326003402432256e-01 4.579500346544010947e-01
3.670090101442883279e-01 5.738690063638082206e-01 4.525297712809526751e-01
3.742533551761073607e-01 5.793633041396257788e-01 4.454145926532669386e-01
3.771312456681998881e-01 5.747511183920357425e-01 4.420515405456493241e-01
3.837628378804108231e-01 5.830256442568205744e-01 4.403739524919664805e-01
3.742880095772163074e-01 5.779046688929494469e-01 4.434282653897044790e-01
3.795050721441622921e-01 5.785363241131623591e-01 4.457548358641547637e-01
3.858137483460399308e-01 5.815874866107996199e-01 4.541506521328208534e-01
3.773155440740973976e-01 5.782433369037868198e-01 4.601017579232562493e-01
3.650699388822380431e-01 5.693891374204523848e-01 4.529598008947136045e-01
3.679399533740785322e-01 5.758899880284795714e-01 4.481633167412261143e-01
3.758836872282779740e-01 5.714148446852750363e-01 4.480215487366895344e-01
3.783819545082225400e-01 5.774557368785835365e-01 4.504316048138113371e-01
3.783315481066095165e-01 5.874409299981097066e-01 4.659709533110705237e-01
3.672421397517484642e-01 5.846370739083863732e-01 4.539521769264696638e-01
3.713849158843173237e-01 5.763515216432486543e-01 4.602970827295066458e-01
3.660938189150022004e-01 5.699058030369856809e-01 4.539899817276794036e-01
3.597583643122676533e-01 5.772824648730389141e-01 4.709422846701530885e-01
3.670105853443387245e-01 5.767342952554974644e-01 4.637719740407031943e-01
3.869715203830886296e-01 5.900100812803226180e-01 4.573278306344905619e-01
3.844496251023880040e-01 5.846087203074790128e-01 4.487319639594228304e-01
3.814756474072207304e-01 5.750299288009577126e-01 4.472181967109822853e-01
3.874551067985634312e-01 5.791538025329217021e-01 4.524935416797933319e-01
3.972040199105286162e-01 5.894603364627307718e-01 4.519768760632600357e-01
3.956729254615335978e-01 5.864706067670594214e-01 4.514113792451641127e-01
4.011420200365446442e-01 5.849521139184676866e-01 4.604152227332871106e-01
3.915821309306282139e-01 5.729349127339171677e-01 4.561039001953248184e-01
3.838006426816205630e-01 5.716511246928359657e-01 4.491950727742423100e-01
3.810739713943671059e-01 5.749448679982357424e-01 4.520572112658307606e-01
3.901833532858672848e-01 5.858641547476529654e-01 4.618817339802154809e-01
3.628693844118203171e-01 5.700381198412198813e-01 4.407173461029550987e-01
3.723237351143595109e-01 5.718275470984814923e-01 4.470748535063953089e-01
3.803745825719866414e-01 5.810802721945687033e-01 4.449877134396068024e-01
3.855302123369667711e-01 5.833375338668010945e-01 4.593377858988091367e-01
3.834556738705815482e-01 5.796515657488501283e-01 4.574239178375653636e-01
3.936944741982231766e-01 5.806927729821687034e-01 4.430832965786654642e-01
3.872393043916577682e-01 5.866312771722008712e-01 4.328665490517295544e-01
3.947766366328523957e-01 5.797082729506647381e-01 4.433904605884947392e-01
3.925902589628882944e-01 5.833595866675067576e-01 4.572144162308613424e-01
3.865068363682187536e-01 5.836714762774872778e-01 4.595016067040514351e-01
3.904212084934786664e-01 5.820112154243588520e-01 4.653660764917144643e-01
3.898226324743242488e-01 5.831579610610547748e-01 4.653786780921176924e-01
3.804722449751118396e-01 5.823939890366076622e-01 4.486075231554407239e-01
3.183038245857223725e-01 5.204256190536198368e-01 3.734783567513074165e-01
3.338053682817717638e-01 5.432077373826476041e-01 4.050437905614012735e-01
3.451216054438913661e-01 5.489162623653204287e-01 4.232326255434440410e-01
3.692316174154117725e-01 5.676611429651565732e-01 4.387436204397958672e-01
3.759403944300926392e-01 5.702996030495872670e-01 4.359444899502236681e-01
3.815906370109004020e-01 5.835092306722954314e-01 4.491415159725284934e-01
3.796074601474387356e-01 5.800532417617036973e-01 4.505355680171381771e-01
3.697687606326003351e-01 5.709076302690441196e-01 4.424925965597630850e-01
3.870802091865667149e-01 5.778180328901770801e-01 4.439953374078507986e-01
4.020241320647722216e-01 5.790340873290907853e-01 4.675288261609224505e-01
3.812976498015248072e-01 5.690252662088085556e-01 4.380332052170625712e-01
3.845787915065213558e-01 5.801272761640728914e-01 4.428501669712053279e-01
3.816662466133198817e-01 5.832067922626174017e-01 4.440347174091109350e-01
3.775943544830193677e-01 5.799729065591330279e-01 4.470512255056391937e-01
3.824081658370613312e-01 5.843960683006741430e-01 4.553462289710793476e-01
3.695072774242328939e-01 5.708745510679856805e-01 4.573467330350954319e-01
3.750204776006552665e-01 5.859224371495179717e-01 4.608326507466448119e-01
3.824569970386239026e-01 5.871621195891878475e-01 4.644839644634868869e-01
3.977695167286245392e-01 5.925382773612248855e-01 4.653408732909079526e-01
3.906811165017957110e-01 5.871825971898431140e-01 4.532307353033835362e-01
3.865635435700334188e-01 5.877039884065275999e-01 4.588037930817213672e-01
3.962652006804864291e-01 5.872960115934723335e-01 4.551178249637704010e-01
4.027439984878079526e-01 5.836966794782937340e-01 4.436361917963581591e-01
4.026967424862957778e-01 5.873196395942285042e-01 4.495998991871967831e-01
3.984799319513578353e-01 5.913757797240249969e-01 4.533630521076176811e-01
4.020068048642177483e-01 5.942914750173271532e-01 4.756269296200617558e-01
3.999117887971772589e-01 5.916057589313843401e-01 4.698632726356247180e-01
3.876504316048138277e-01 5.870376787852057410e-01 4.673555541553777171e-01
3.853270115304643917e-01 5.893673996597568188e-01 4.644776636632852451e-01
3.764869888475836368e-01 5.811873857979963365e-01 4.604530275344969059e-01
3.845094827043034624e-01 5.898966668766932875e-01 4.560503433936110018e-01
3.851616155251716966e-01 5.847567891122172901e-01 4.631513452208430581e-01
3.860011971520382890e-01 5.766712872534811574e-01 4.584525234704807661e-01
3.888775124440804198e-01 5.778274840904794596e-01 4.536938441182030157e-01
3.824617226387751479e-01 5.834950538718417512e-01 4.504520824144666591e-01
3.942237414151597008e-01 5.881371684203894334e-01 4.513767248440552216e-01
4.017421712557494584e-01 5.912718165206981569e-01 4.558502929872093601e-01
3.954177430533677984e-01 5.948553966353726796e-01 4.608058723457879036e-01
3.877386428076365910e-01 5.921838573498834357e-01 4.580240690567702333e-01
3.951011278432360885e-01 5.857633419444269185e-01 4.395075924642429799e-01
4.016555352529771472e-01 5.922720685527061990e-01 4.601726419255245393e-01
4.007072648226324696e-01 5.905582508978640677e-01 4.581280322600970178e-01
3.864501291664041438e-01 5.853285867305147994e-01 4.536513137168420307e-01
3.884317308298154137e-01 5.857444395438220486e-01 4.497983743935479728e-01
4.156496125007875797e-01 6.048311385545964702e-01 4.651549996849599911e-01
4.187149517988784653e-01 6.161473757167160725e-01 4.741761703736374622e-01
4.287678785205721321e-01 6.100529267216936447e-01 4.729664167349253434e-01
4.236374519563984586e-01 6.126488564047634089e-01 4.636853380379308276e-01
4.233255623464179940e-01 6.102876315292041776e-01 4.717787158969188877e-01
4.064945498078255670e-01 5.949483334383466326e-01 4.678359901707516699e-01
4.061007497952239809e-01 6.066095394115053052e-01 4.772367840715771026e-01
4.055021737760695633e-01 6.034622897107932982e-01 4.654007308928234110e-01
4.026132568836242043e-01 5.934975741919223946e-01 4.586525738768823524e-01
4.006300800201625378e-01 5.968007686976245507e-01 4.523958792766681336e-01
4.115304643689748354e-01 5.970654023060928406e-01 4.446868502299792247e-01
4.079736626551572209e-01 5.991509671728308950e-01 4.506379560204145651e-01
4.032858673051477605e-01 5.912403125196900033e-01 4.583233570663474143e-01
3.892161804549177928e-01 5.949908638397076732e-01 4.624551067985634423e-01
3.911930565181778174e-01 5.957942158654149223e-01 4.429620061747842064e-01
3.961155566756978108e-01 5.913883813244281695e-01 4.386239052359649504e-01
3.455547854577531441e-01 5.369667947829374066e-01 3.755717976182975093e-01
3.767468968559006814e-01 5.704366454539726572e-01 4.109649675508789679e-01
3.944899502236783873e-01 5.836935290781929409e-01 4.379245164135845414e-01
3.960100182723205742e-01 5.886254804360153692e-01 4.498125511940016530e-01
3.920924957469598682e-01 5.851222355239115158e-01 4.409394493100624035e-01
4.003229160103333184e-01 5.857381387436204623e-01 4.368266019784512455e-01
4.053099993699199599e-01 5.877969252095015529e-01 4.344496251023879929e-01
4.067418562157393835e-01 5.844937307037993968e-01 4.498125511940016530e-01
4.067418562157393835e-01 5.886128788356120856e-01 4.648383844748282812e-01
3.942694222166215345e-01 5.889121668451893221e-01 4.602624283283976991e-01
3.989288639657236346e-01 5.987996975615903494e-01 4.607727931447293535e-01
4.080918026589376857e-01 6.032795665049460743e-01 4.618203011782496259e-01
3.987886711612374513e-01 5.988548295633545626e-01 4.590700018902400537e-01
3.955280070568962247e-01 5.928359901707517254e-01 4.565827610106483747e-01
3.943418814189402211e-01 5.909945813118265834e-01 4.641894020540608401e-01
4.066977506143280019e-01 6.076791002457312407e-01 4.667428013357696193e-01
4.028558376913868311e-01 6.014224056455169665e-01 4.619132379812236344e-01
3.973820175162245394e-01 5.992250015752000891e-01 4.712667758805368368e-01
3.878158276101064672e-01 5.863477411631277114e-01 4.595252347048074948e-01
3.976970575263058527e-01 5.875448932014365466e-01 4.587691386806124205e-01
3.960919286749416957e-01 5.883340684266902265e-01 4.581311826601978665e-01
4.008254048264129343e-01 5.898541364753323579e-01 4.539600529267217022e-01
4.094023691008757959e-01 5.940032134081028037e-01 4.497337911914813247e-01
4.126504316048137944e-01 5.913962573246802634e-01 4.581784386617100413e-01
4.012774872408795823e-01 5.958761262680359883e-01 4.542152353348875571e-01
3.926343645642996760e-01 5.918184109381890989e-01 4.505812488185999554e-01
3.955185558565937898e-01 5.948349190347174131e-01 4.403266964904543057e-01
4.091834162938693398e-01 5.994675823829626049e-01 4.487177871589692058e-01
4.025486736815575561e-01 5.952948774494360995e-01 4.377071388066284263e-01
4.042987209375590862e-01 6.022871904731901260e-01 4.527786528889168882e-01
4.117179131749732490e-01 6.073687858358011171e-01 4.713502614832083548e-01
4.012459832398714843e-01 6.037568521202192340e-01 4.725962447230798169e-01
4.083753386680108455e-01 5.943922878205532001e-01 4.599426627181651961e-01
4.065638586100434604e-01 6.004883120156260246e-01 4.696222670279125433e-01
4.143800012601600580e-01 5.939244534055825309e-01 4.574680234389767453e-01
4.226198727238359432e-01 6.017138176548422202e-01 4.639767500472560258e-01
4.111854955579358761e-01 6.008915632285299901e-01 4.612406275597000782e-01
4.100986075231554673e-01 6.085722386743116497e-01 4.680124125763971965e-01
4.004662592149202949e-01 6.010711360342763099e-01 4.619667947829374510e-01
4.150793900825404670e-01 6.073561842353979445e-01 4.668168357381387579e-01
4.087092810786969732e-01 6.093157330981034958e-01 4.693229790183353067e-01
4.075641106420515580e-01 6.052359649675508324e-01 4.602466763278936224e-01
4.019973536639153133e-01 5.994297775817528651e-01 4.657409741037111806e-01
4.090495242895847983e-01 6.012286560393169665e-01 4.590763026904416955e-01
4.235114359523659555e-01 5.951735870455547861e-01 4.532338857034843294e-01
3.991037111713187646e-01 5.883844748283032500e-01 4.626252284040073270e-01
4.127953500094512229e-01 6.026652384852876354e-01 4.675965597630898918e-01
4.208871526683888864e-01 6.130253292168105217e-01 4.722969567135026359e-01
4.169617541427761420e-01 6.106357507403440410e-01 4.770335832650746677e-01
4.373023123936740086e-01 6.110516035536512902e-01 4.681431541805809449e-01
4.476624031251968949e-01 6.191717598134962586e-01 4.831831642618612532e-01
4.565370802091865410e-01 6.234027471488878813e-01 4.880410812173145985e-01
4.698679982357759632e-01 6.281535505009135933e-01 4.776006552832209873e-01
4.831437842606011168e-01 6.440504694096149674e-01 4.948459454350702669e-01
4.770209816646714396e-01 6.475442631214164413e-01 4.845929683069749583e-01
4.879938252158024237e-01 6.538214353222859820e-01 4.905298972969567295e-01
4.885939764350072378e-01 6.491304895721756729e-01 4.910528637136916119e-01
4.918719677399029933e-01 6.514980152479364905e-01 4.940709470102703227e-01
5.036135089156322797e-01 6.620991115871716071e-01 4.865950475710414946e-01
5.230168231365383003e-01 6.692379182156134032e-01 4.880032764161048586e-01
4.530448616974355747e-01 6.341928674941718080e-01 4.393847268603112699e-01
4.966448238926343683e-01 6.612926091613634538e-01 4.661867557179761867e-01
5.257954760254551774e-01 6.790608657299477269e-01 4.662135341188330950e-01
5.444111902211581366e-01 6.918215613382899809e-01 5.041947577342322795e-01
5.469929431037742207e-01 6.912733917207485312e-01 5.056880473820175581e-01
5.576460210446726462e-01 7.003402432108878362e-01 4.999023375968748018e-01
5.646903156700900928e-01 7.001449184046374397e-01 5.009340936298909419e-01
5.778542624913364234e-01 7.013436456429966714e-01 4.991241887719740644e-01
5.790403881292923716e-01 7.072144162308613424e-01 4.936046877953499945e-01
5.821088778274841058e-01 7.088053682817717638e-01 4.951405078444962582e-01
5.805809337785898805e-01 7.124535315985129902e-01 4.834131434692205964e-01
5.859980467519374514e-01 7.197845126331043897e-01 5.094811291033961576e-01
5.768130552580177373e-01 7.116107995715456047e-01 4.975332367210635875e-01
5.629434188141894113e-01 7.108673051477537586e-01 5.039726545271249192e-01
5.560786969945182845e-01 6.944994014239808111e-01 4.952933022493856696e-01
5.517862768571608623e-01 6.925241005607711831e-01 4.990091991682943928e-01
5.280007560960241486e-01 6.715030558880977773e-01 4.953090542498897464e-01
5.194852246235271975e-01 6.741635687732342452e-01 4.912749669207989167e-01
5.083170562661457614e-01 6.603033835297082987e-01 4.773643752756600023e-01
5.084210194694726015e-01 6.506773360216747681e-01 4.887546468401486877e-01
4.885797996345536132e-01 6.418152605380883502e-01 4.863918467645391153e-01
4.841377354924075171e-01 6.395564236658055624e-01 4.746755087896162850e-01
4.617257891752252763e-01 6.311984121983491569e-01 4.749354167979333297e-01
4.566142650116564727e-01 6.252803856089723666e-01 4.688976750047256226e-01
4.702775502488816262e-01 6.328224434503182394e-01 4.780417112973347482e-01
4.641563228530023455e-01 6.297665553525297888e-01 4.610279755528952084e-01
4.837959170814693510e-01 6.447608846323482634e-01 4.788513641232436391e-01
4.783031945057022449e-01 6.412891437212525636e-01 4.818473946191166313e-01
4.761042152353348600e-01 6.420168861445403330e-01 4.771375464684015077e-01
4.826444458446222940e-01 6.456808014617856362e-01 4.727852687291285716e-01
4.785237225127590976e-01 6.374519563984626380e-01 4.721977191103269855e-01
4.650919916829437395e-01 6.236090983554911649e-01 4.860957091550626719e-01
4.592023186944741986e-01 6.212305462793774602e-01 4.767878520572112477e-01
4.471142335076554453e-01 6.143185684581942141e-01 4.679179005733727914e-01
4.294278873416924047e-01 6.066504946128158382e-01 4.666419885325436279e-01
4.355853443387310286e-01 6.095268099048579691e-01 4.689323294058345137e-01
4.255024888160796603e-01 6.111634427572301131e-01 4.746944111902211549e-01
4.482877575452082208e-01 6.193481822191417852e-01 4.711045302753449904e-01
4.423791821561338100e-01 6.135372692331926281e-01 4.689323294058345137e-01
4.404747652951924719e-01 6.160418373133388359e-01 4.743762207800390485e-01
4.436535189969126325e-01 6.207784638649108677e-01 4.810849977947199152e-01
4.312456681998613761e-01 6.228624535315985256e-01 4.786150841156827096e-01
4.439906118076995534e-01 6.254520824144665925e-01 4.793191985382143638e-01
4.429950853758427565e-01 6.175808077625858372e-01 4.697183542309873450e-01
4.340117194883750251e-01 6.222906559133010163e-01 4.733995967487871215e-01
4.353868691323798390e-01 6.264822632474323916e-01 4.802721945687102312e-01
4.260380568332178264e-01 6.189717094070946724e-01 4.951389326444458616e-01
4.321671602293491454e-01 6.265531472497006815e-01 4.862642555604561601e-01
4.454051414529645037e-01 6.266775880536827881e-01 4.738390775628504858e-01
4.359744187511814251e-01 6.183904605884947836e-01 4.783409993069119848e-01
4.372251275912040769e-01 6.183274525864784765e-01 4.765594480499023566e-01
4.372739587927667038e-01 6.222229223111335195e-01 4.723520887152668490e-01
4.408701405078445101e-01 6.187811102009955766e-01 4.700428454413710377e-01
4.522698632726356305e-01 6.257639720244471127e-01 4.686283157961060875e-01
4.562425177997605497e-01 6.328444962510239025e-01 4.828539474513263152e-01
4.622912859933211438e-01 6.335564866738075951e-01 4.856121227395879258e-01
4.612784323609098180e-01 6.378662340117194907e-01 4.927383277676264939e-01
4.657961061054753937e-01 6.455626614580051159e-01 4.836226450759246176e-01
4.742864343771658886e-01 6.498865855963706917e-01 4.824664482389263709e-01
4.820285426249133476e-01 6.522399344716779401e-01 4.779282968937054732e-01
3.899612500787599800e-01 5.787017201184549986e-01 3.962321214794278790e-01
4.099694411190221155e-01 6.033157961061055286e-01 4.433747085879906624e-01
4.284465377102892325e-01 6.204177430533678317e-01 4.667333501354671843e-01
4.426831957658622918e-01 6.303430785709784878e-01 4.738989351647659443e-01
4.534512633104404444e-01 6.395532732657047692e-01 4.871731459895406458e-01
4.544326129418436166e-01 6.216637262932392938e-01 4.673130237540167875e-01
4.579374330539978666e-01 6.254788608153235563e-01 4.763200176422405785e-01
4.594149707012790684e-01 6.329957154558628618e-01 4.797240249511687815e-01
4.788340369226891657e-01 6.414718669270997875e-01 4.882631844244219033e-01
4.702302942473693959e-01 6.298453153550500616e-01 4.845409867053115938e-01
4.625196900006300904e-01 6.310660953941150675e-01 4.789773801272761422e-01
4.546625921492029598e-01 6.320663474261231096e-01 4.881970260223048586e-01
4.833532858673051380e-01 6.441103270115304813e-01 4.800626929620061545e-01
4.712793774809400649e-01 6.462715014806880154e-01 4.728104719299350833e-01
4.726245983239871218e-01 6.390570852498267396e-01 4.772462352718795375e-01
4.797082729506647603e-01 6.473142839140570981e-01 4.884396068300674298e-01
4.823325562346417739e-01 6.547161489509167875e-01 4.913111965219583155e-01
5.071750362296011394e-01 6.616879843740155476e-01 5.049855081595362449e-01
4.884380316300170333e-01 6.514854136475332069e-01 4.942489446159662458e-01
4.810109633923508321e-01 6.437653582004914110e-01 4.913647533236721321e-01
4.760994896351836703e-01 6.435842101946946947e-01 4.814031882049020217e-01
4.781015688992502066e-01 6.477506143280196138e-01 4.885719236343015748e-01
4.812661458005166870e-01 6.456618990611807662e-01 4.831642618612563833e-01
4.742612311763593769e-01 6.422374141515972967e-01 4.686220149959045012e-01
4.753370928107869542e-01 6.425666309621321792e-01 4.849662907189212779e-01
4.970843047066977327e-01 6.573735114359523513e-01 5.034512633104404333e-01
4.993872471803919022e-01 6.519989288639657099e-01 4.854845315355050261e-01
4.974639279188456942e-01 6.491226135719235790e-01 4.940866990107743439e-01
4.907961061054754159e-01 6.450664734421271973e-01 4.939780102072963142e-01
4.953689118518052048e-01 6.439906118076995645e-01 4.935542813937370266e-01
4.827720370487051937e-01 6.532716905046941358e-01 5.018067544578161954e-01
4.841219834919034959e-01 6.447026022304832571e-01 4.971173839077562828e-01
4.861665931573309618e-01 6.608389515468464648e-01 4.994502551824081538e-01
4.914498141263940467e-01 6.646871652699892774e-01 4.910386869132379872e-01
4.905787284985193009e-01 6.526274336840778290e-01 4.782512129040388249e-01
4.987335391594732714e-01 6.527833784890680890e-01 4.864989603679667485e-01
5.087250330792010278e-01 6.526683888853884730e-01 4.876646084052674857e-01
5.094496251023880040e-01 6.566016634112532557e-01 5.010742864343771252e-01
5.069403314220906065e-01 6.619652195828870100e-01 5.125511940016381773e-01
5.041333249322663690e-01 6.654212084934786331e-01 5.060849977947199374e-01
4.892587108562787557e-01 6.580287946569214341e-01 4.888916892445340778e-01
5.071451074286433824e-01 6.598623275155944823e-01 4.993557431793838042e-01
5.145170436645454259e-01 6.687511814000377530e-01 4.959249574695986373e-01
5.052989729695671617e-01 6.591487618927603931e-01 4.841944426942221824e-01
5.072222922311133697e-01 6.629056140129796493e-01 4.938567198034150563e-01
4.906685149013924607e-01 6.544184361413899476e-01 4.912954445214542387e-01
4.823703610358515692e-01 6.547145737508663910e-01 4.957768886648604156e-01
5.037647281204713501e-01 6.663663285237224621e-01 4.920846197467078076e-01
5.069812866234011395e-01 6.608216243462919914e-01 4.814598954067166314e-01
4.973205847142587177e-01 6.485098607523155367e-01 4.845457123054627835e-01
4.986626551572049815e-01 6.566048138113540489e-01 4.757387688236405787e-01
4.879544452145422317e-01 6.479207359334635541e-01 4.688504190032133923e-01
4.955059542561905395e-01 6.505780984184991178e-01 4.829579106546531553e-01
4.911190221158087121e-01 6.563464810030873453e-01 4.916971205343078632e-01
4.908638397076428572e-01 6.577452586478482743e-01 4.859744187511814140e-01
4.953043286497385012e-01 6.603805683321781750e-01 5.003544200113414497e-01
4.929210509734736068e-01 6.483602167475269740e-01 4.998251527944048700e-01
4.989871463675886742e-01 6.600954571230546186e-01 4.941323798122361777e-01
5.002000504064015862e-01 6.585564866738076173e-01 4.821939386302060426e-01
5.023438976750047580e-01 6.639641484468526977e-01 4.760081280322601138e-01
4.582430218637766894e-01 6.178769453720622806e-01 4.257277424232877583e-01
4.832382962636254664e-01 6.465503118896099854e-01 4.646304580681746565e-01
4.783693529078192896e-01 6.421901581500850664e-01 4.636491084367714843e-01
4.783992817087769911e-01 6.383198916262364797e-01 4.757371936235901821e-01
4.664088589250834915e-01 6.471520383088652517e-01 4.787678785205721210e-01
4.805620313779849773e-01 6.474781047192993411e-01 4.827972402495117055e-01
4.984137735492407684e-01 6.541648289332745447e-01 4.950885262428328382e-01
4.959296830697498826e-01 6.578177178501669609e-01 4.875102388003276221e-01
4.846733035095457387e-01 6.547681305525802076e-01 4.914639909268477269e-01
4.773108184739461857e-01 6.498204271942537025e-01 4.856719803415033843e-01
4.873511435952365689e-01 6.509734736311512115e-01 4.870518555856593879e-01
4.954035662529140960e-01 6.541916073341313975e-01 4.938976750047255893e-01
4.932203389830508433e-01 6.529692520950161061e-01 4.827925146493604602e-01
4.944190662214101306e-01 6.486295759561464536e-01 4.842401234956839606e-01
4.918577909394493131e-01 6.482452271438472469e-01 4.779219960935038869e-01
4.942898998172767788e-01 6.459926910717661563e-01 4.746503055888097733e-01
4.674973221599142970e-01 6.432187637830004689e-01 4.788277361224875794e-01
4.761940016382080754e-01 6.365556675697813249e-01 4.919318253418183962e-01
5.013767248440551549e-01 6.557872849851931196e-01 4.921287253481191892e-01
4.883309180265894001e-01 6.458587990674815593e-01 4.923634301556297777e-01
4.822364690315670277e-01 6.509246424295885847e-01 4.813118266019784652e-01
4.814693466070190664e-01 6.435007245920232322e-01 4.753953752126520160e-01
4.824428202381702557e-01 6.452523470480751033e-01 4.885829500346544063e-01
4.826775250456807886e-01 6.457264822632474699e-01 4.903251212904038980e-01
4.891074916514397408e-01 6.526762648856404558e-01 4.951751622456052049e-01
4.823955642366580809e-01 6.425918341629387465e-01 4.767405960556990729e-01
4.871195891878268291e-01 6.513089912418876803e-01 4.910119085123810789e-01
4.914529645264948399e-01 6.521501480688047803e-01 4.823278306344905841e-01
4.876016004032512341e-01 6.460619998739840497e-01 4.814142146052548532e-01
5.027944048894209539e-01 6.546499905487996873e-01 4.851978451263310177e-01
4.791758553336273874e-01 6.383261924264381770e-01 4.838211202822758628e-01
4.772604120723331622e-01 6.430281645769012622e-01 4.878284292105097286e-01
4.811527313968874120e-01 6.448207422342637773e-01 4.811732089975426785e-01
4.947498582319954652e-01 6.588699514838384230e-01 4.904479868943356080e-01
4.831973410623149334e-01 6.541128473316111247e-01 4.905677020981664693e-01
4.702113918467645259e-01 6.366816835738138280e-01 4.793554281393737071e-01
4.695765862264507651e-01 6.375259908008317211e-01 4.820600466259215011e-01
4.719582887026652629e-01 6.427383277676265161e-01 4.784796169113477160e-01
4.579783882553083996e-01 6.377811732089975205e-01 4.809605569907378086e-01
4.569025266208808778e-01 6.450160670405141738e-01 4.755843992187007707e-01
4.644808140633860383e-01 6.432408165837061320e-01 4.892965156574884955e-01
4.588557746833847872e-01 6.412151093188834805e-01 4.945813118266019770e-01
4.586777770776888641e-01 6.368171507781488216e-01 4.773029424736941473e-01
4.614548547665553446e-01 6.429415285741288955e-01 4.812346417995085335e-01
4.587785898809148555e-01 6.369274147816772480e-01 4.830539978577279570e-01
4.684298405897548978e-01 6.414939197278054506e-01 4.831374834603994750e-01
4.657362485035599353e-01 6.371636947892382885e-01 4.902054060865729812e-01
4.701641358452523511e-01 6.351820931258269631e-01 4.814740722071703116e-01
4.695009766240312299e-01 6.309227521895280910e-01 4.869715203830886630e-01
4.691434062125889870e-01 6.355081595362610525e-01 4.997715959926910534e-01
4.513530968432991064e-01 6.373747715959926508e-01 5.000456808014618337e-01
4.473457879150652405e-01 6.361823451578350053e-01 4.933747085879906513e-01
4.625370172011845638e-01 6.454319198538214231e-01 4.817544578161426228e-01
4.673508285552265273e-01 6.415553525297712500e-01 4.868549555793585948e-01
4.635924012349568191e-01 6.414781677273013738e-01 4.912056581185810789e-01
4.611476907567261252e-01 6.263483712431479056e-01 4.870754835864154475e-01
4.518540104593283258e-01 6.195309054249890091e-01 4.754883120156259690e-01
4.522320584714258906e-01 6.304123873731963812e-01 4.771532984689055290e-01
4.597993195135782196e-01 6.246707831894651175e-01 4.720370487051855357e-01
4.676469661647029152e-01 6.371432171885829110e-01 4.777613256883624371e-01
3.807431793837817158e-01 5.676501165648036862e-01 3.785568017138176700e-01
4.203815134522084218e-01 5.957264822632474255e-01 4.263893264444584275e-01
4.346102955075294427e-01 6.258317056266146095e-01 4.623558691953877919e-01
4.429273517736752597e-01 6.319875874236028368e-01 4.629056140129796382e-01
4.689291790057337206e-01 6.425902589628882389e-01 4.703531598513011058e-01
4.708777014680864403e-01 6.413868061243778174e-01 4.711391846764539371e-01
4.729002583328082432e-01 6.433085501858736288e-01 4.915301493289647716e-01
4.805226513767248409e-01 6.494266271816521163e-01 4.939244534055824976e-01
4.887593724402999329e-01 6.618203011782496370e-01 5.152463612878835919e-01
4.802454161678533229e-01 6.539395753260663913e-01 4.968480246991368032e-01
4.818347930187134032e-01 6.520918656669396629e-01 4.957375086636002792e-01
4.878646588116690719e-01 6.483901455484846199e-01 4.983586415474765552e-01
4.839707642870644810e-01 6.458540734673303696e-01 4.855585659378741092e-01
4.757466448238926171e-01 6.431494549807825756e-01 4.784008569088274432e-01
4.845850923067229754e-01 6.386664356373259466e-01 4.776762648856404669e-01
5.046247873479932089e-01 6.498629575956146320e-01 4.845378363052107451e-01
4.949357318379434267e-01 6.488611303635561933e-01 4.745290151849284599e-01
5.042514649360468892e-01 6.589140570852498602e-01 4.902558124881860047e-01
4.909630773108184520e-01 6.561842353978954989e-01 4.941229286119337427e-01
4.836415474765295430e-01 6.524699136790372833e-01 4.695813118266019548e-01
4.960887782748408803e-01 6.528873416923949291e-01 4.895312204649990284e-01
4.974087959170814810e-01 6.473977695167286717e-01 4.924201373574443874e-01
4.925524541616785323e-01 6.470134207044294650e-01 4.904857916955453478e-01
4.862012475584399085e-01 6.482546783441497373e-01 4.854167979333375293e-01
4.659284229097095387e-01 6.423634301556297999e-01 4.839313842858042891e-01
4.729207359334635652e-01 6.423461029550753265e-01 4.849914939197277897e-01
4.765279440488942031e-01 6.465109318883498490e-01 4.772052800705689490e-01
4.866407283725033284e-01 6.508411568269170111e-01 4.888082036418625043e-01
4.850198475206350945e-01 6.440551950097662681e-01 4.933668325877386684e-01
4.838983050847457390e-01 6.340936298909961577e-01 4.796893705500598348e-01
4.908858925083485758e-01 6.444206414214604939e-01 4.755229664167349157e-01
4.796547161489509437e-01 6.428076365698444095e-01 4.772367840715771026e-01
4.800390649612500948e-01 6.459501606704051158e-01 4.668719677399029711e-01
4.888318316426186194e-01 6.513042656417364906e-01 4.800532417617037195e-01
4.928942725726166985e-01 6.547917585533362672e-01 4.918735429399533898e-01
4.893579484594543505e-01 6.565559826097914220e-01 4.874031251968999889e-01
5.029015184928485871e-01 6.663111965219582489e-01 4.780480120975363900e-01
5.071703106294499497e-01 6.585249826727994638e-01 4.902699892886396849e-01
4.894997164639909304e-01 6.516429336525738636e-01 4.946742486295759300e-01
4.834414970701279013e-01 6.448081406338604937e-01 4.853049587297587064e-01
4.749653455988910866e-01 6.361744691575830224e-01 4.871621195891878142e-01
4.802784953689118730e-01 6.406748157015941247e-01 4.937464557998865744e-01
4.825483586415474924e-01 6.416167853317371605e-01 4.783441497070127779e-01
4.814362674059605718e-01 6.484563039506017201e-01 4.899754268792136380e-01
4.777093440866990171e-01 6.395690252662088460e-01 4.834115682691701998e-01
4.737681935605821959e-01 6.321199042278369262e-01 4.717613886963644143e-01
4.820175162245605160e-01 6.454256190536198368e-01 4.946458950286686251e-01
4.743368407787789121e-01 6.459690630710099857e-01 4.999401423980845416e-01
4.732058471425871216e-01 6.516980656543380768e-01 4.836210698758742210e-01
4.754552328145674744e-01 6.495148383844748796e-01 4.772037048705185525e-01
4.732846071451074499e-01 6.442615462163694406e-01 4.827011530464369038e-01
4.818804738201751814e-01 6.421696805494297999e-01 4.960147438724717972e-01
4.821325058282401876e-01 6.458083926658685359e-01 4.890791380505324359e-01
