1.342518020478546781e+01 2.288499025341130810e+00 8.672040678619625353e+00
1.341638819270398209e+01 2.291982627508943438e+00 8.662233843154895752e+00
1.342289082749609008e+01 2.291060182507550724e+00 8.638394865368550057e+00
1.340640061692693230e+01 2.275994473362894510e+00 8.547922959107170371e+00
1.342554034659297812e+01 2.171451599083177975e+00 8.241236103078207975e+00
1.343044175609965052e+01 2.117684703211018871e+00 7.724399138872823478e+00
1.334408269605638075e+01 2.081339834629308161e+00 7.079509671614935051e+00
1.358013623803097403e+01 2.141672289698605347e+00 7.012772315403894119e+00
1.407258263179315882e+01 2.254717991560097001e+00 7.083101717970139433e+00
1.460519487822119444e+01 2.434626898442687981e+00 7.212929492534756015e+00
1.503992754321701675e+01 2.565553841869631313e+00 7.528218248612985164e+00
1.550174313990103414e+01 2.729972634577897850e+00 7.725254643017801293e+00
1.608552899342372910e+01 2.881548154574470555e+00 8.003774125484651947e+00
1.674745089218773586e+01 3.083800580511106837e+00 8.449276235460445150e+00
1.744010266049739855e+01 3.305081614292140646e+00 8.643610896900369767e+00
1.688826500010710419e+01 3.111024087997772192e+00 8.449965726281515543e+00
1.247952546965704812e+01 1.595159105027526003e+00 6.422509264614527424e+00
1.114523488207698776e+01 1.259761315682368377e+00 5.832236842105262831e+00
1.065510464194674789e+01 1.255738170211854410e+00 5.652255639097744755e+00
1.079006945783261529e+01 1.286494816100079319e+00 5.697828974144763414e+00
1.096470074759548474e+01 1.347595752201015351e+00 5.725597380202643194e+00
1.099475853094274136e+01 1.362723046933573157e+00 5.708208823340402027e+00
1.102311467771994025e+01 1.351057933294775415e+00 5.699084784611100574e+00
1.113394062078272562e+01 1.420201143885354345e+00 5.816832412227149085e+00
1.155383249791144529e+01 1.536686266949424784e+00 5.930327956643745679e+00
1.158124076216181564e+01 1.581429535376903894e+00 6.026860688044898495e+00
1.141944738984212648e+01 1.539161739819634667e+00 5.964087569350727591e+00
1.144362642717905842e+01 1.469102778313304603e+00 6.052623546044598513e+00
1.159939244478718123e+01 1.502079183000235574e+00 6.077087751429856688e+00
1.187376694942484434e+01 1.599942698626909188e+00 6.217513602382023663e+00
1.218812522759891159e+01 1.722084324058008376e+00 6.164938253754042918e+00
1.237646064948696534e+01 1.760849774007668733e+00 6.269266917293233377e+00
1.255274270076901644e+01 1.828492170597433741e+00 6.255256196045669626e+00
1.279835807467386388e+01 1.931052256710151349e+00 6.413835068440331355e+00
1.308288750722961247e+01 1.996173660647344805e+00 6.478461110040057314e+00
1.317133378317588921e+01 2.029415151125677497e+00 6.578057055030739342e+00
1.345571728466465267e+01 2.115509125377546429e+00 6.694578326157273551e+00
1.409434644303065376e+01 2.292917121864490149e+00 6.978803847224900103e+00
1.479792429792429864e+01 2.440986279802069170e+00 7.210084506137137694e+00
1.513553916843390468e+01 2.592970139022770404e+00 7.484311740890688291e+00
1.415495335561124968e+01 2.311665916929074971e+00 7.144383394383394759e+00
1.046966374269005762e+01 9.862771244350191369e-01 5.467399802926118824e+00
9.586166270376796916e+00 9.227422187948504106e-01 5.195009425272583137e+00
9.275611571664203581e+00 9.727269562795878288e-01 5.069839395497290013e+00
9.319512724117986480e+00 1.010766767345714801e+00 5.102307049675470552e+00
9.451376839534734842e+00 1.006991303043934582e+00 5.197472848788637911e+00
9.437454480217638775e+00 1.009324861298545484e+00 5.277447089947090220e+00
9.582355996829681644e+00 1.023118694171325727e+00 5.328607308870466852e+00
1.008182850288113386e+01 1.137165831244778547e+00 5.518187830687830697e+00
1.044242149176359646e+01 1.210235792472634575e+00 5.591613917271812007e+00
1.051199446265235693e+01 1.227246802904697676e+00 5.629987093802883535e+00
1.049076751708330590e+01 1.196895818606344974e+00 5.524385215174689279e+00
1.060021849495533708e+01 1.234986504723346812e+00 5.510674388963862746e+00
1.080022304693357249e+01 1.271791926397189521e+00 5.694119111882269380e+00
1.121086637534005881e+01 1.403336064520275039e+00 5.767262708052181885e+00
1.168159447764710990e+01 1.574940288756078166e+00 5.893227995201679725e+00
1.208133715699505117e+01 1.694289141657562725e+00 6.095895454448085893e+00
1.243934087355139972e+01 1.801024998393419452e+00 6.266973523552470837e+00
1.277550848274532491e+01 1.884034337981706386e+00 6.386296938928517797e+00
1.314607432041642632e+01 1.964664599533020528e+00 6.570092431934536847e+00
1.368582781740676424e+01 2.199818456397403921e+00 6.885219191140243389e+00
1.391619406422037919e+01 2.136825771694192966e+00 7.145912323543902822e+00
1.418149406636248777e+01 2.239079268684531776e+00 7.051016965490649824e+00
1.435753245292718994e+01 2.289412098622624736e+00 7.144996572628151910e+00
1.445798524087997805e+01 2.376777949146370084e+00 7.308043077779919905e+00
1.463753802240644397e+01 2.453664878006983407e+00 7.334490071332176342e+00
1.489432448642974904e+01 2.560423494634020969e+00 7.442379988432620053e+00
1.512275614249298528e+01 2.649094691857849959e+00 7.575549450549450725e+00
1.506445868945868938e+01 2.621070571728466359e+00 7.542516815543131692e+00
1.170913796242743565e+01 8.685857271383586875e-01 6.273900563374247952e+00
1.057400445558340252e+01 8.104154617312512299e-01 5.876429856693014209e+00
9.554862048283100151e+00 8.368852151746888346e-01 5.513038740012424554e+00
9.079267345714713500e+00 8.848898421266842007e-01 5.186336567915515339e+00
8.933799509457404753e+00 9.196388406914722813e-01 5.031258702311333764e+00
8.788889959942592256e+00 9.323000342737184365e-01 4.999617098301309071e+00
8.631892230576440284e+00 9.384532377953430649e-01 4.842300730458624969e+00
8.698104770473191749e+00 9.146450528029475002e-01 4.871986322644217715e+00
8.976288209840841859e+00 9.389927810980442935e-01 4.938675481438639103e+00
9.167839470471049523e+00 9.903417732365100701e-01 4.896679465758412952e+00
9.199708673392883895e+00 9.627621403937193234e-01 5.081560739455476039e+00
9.251301330248699273e+00 9.522229719598140907e-01 5.114352387378703568e+00
9.461780787438682339e+00 9.882291198080671579e-01 5.173149219201850890e+00
9.812968585994902071e+00 1.046929556797977945e+00 5.248546044598676019e+00
1.017013955829745342e+01 1.107442752179594203e+00 5.450681993445151363e+00
1.060918053681211504e+01 1.219141604010025137e+00 5.547786399760084031e+00
1.111330007711586632e+01 1.323088704667652049e+00 5.695649379859906603e+00
1.162290742882848171e+01 1.459705620889831357e+00 5.869098494098493823e+00
1.213738807488807403e+01 1.616120964805175308e+00 6.026520628494313137e+00
1.258178967718441399e+01 1.755758252468778702e+00 6.237913158965790572e+00
1.304831791016001574e+01 1.895896257738362900e+00 6.288615502431292192e+00
1.336117001906475643e+01 1.998665199323094166e+00 6.579486911723753551e+00
1.362319393569393533e+01 2.080560643060643145e+00 6.644374022663495971e+00
1.404391855707645220e+01 2.234471060128954800e+00 6.786880395433026791e+00
1.438576141207720127e+01 2.306452563031510472e+00 6.878600079257974009e+00
1.452779786003470264e+01 2.364253314911209714e+00 7.078295364479575191e+00
1.488583103056787316e+01 2.426907278880963137e+00 7.257607158922948720e+00
1.534865475654949307e+01 2.603017961570593286e+00 7.519001831501831212e+00
1.593399229912387760e+01 2.810151714756977892e+00 7.698032474348264209e+00
1.624700372726688613e+01 2.875195467300730279e+00 7.907715335346914287e+00
1.433770858770858858e+01 2.186236156630893657e+00 7.081878039114880785e+00
1.052434371184371109e+01 9.025260801576591163e-01 5.552172364672364857e+00
9.894209348156715933e+00 8.885019707388128740e-01 5.354640607930081231e+00
9.648838977786345694e+00 9.534252297410191757e-01 5.198950902898271664e+00
9.828585887796414511e+00 1.026953066426750549e+00 5.260932780669622666e+00
9.970460338881391493e+00 1.057823511770880298e+00 5.344698551935394448e+00
1.002374258295310838e+01 1.064599265257160088e+00 5.357916693443009137e+00
1.016036753207805887e+01 1.085878424694214139e+00 5.324388696099222607e+00
1.078681880984512631e+01 1.272753197095302324e+00 5.618194792536898241e+00
1.151580607501660047e+01 1.412784096994623262e+00 5.839726185120921897e+00
1.165352483773536463e+01 1.492190679690679644e+00 5.914286249812565899e+00
1.178883506844033136e+01 1.566693175245806868e+00 5.991052685131632138e+00
1.208449007133217634e+01 1.668428550007497346e+00 6.048943137758927335e+00
1.261691756099650874e+01 1.858962309620204367e+00 6.255525298288456604e+00
1.335738250540882177e+01 2.063818734871366356e+00 6.620892509050404051e+00
1.398897885739991054e+01 2.256059486322644414e+00 6.867315189683610654e+00
1.446254792965319247e+01 2.414294282715335527e+00 7.039461634856372108e+00
1.473281360452413047e+01 2.495370370370370239e+00 7.332160529528950477e+00
1.498024843090632530e+01 2.579133464001885034e+00 7.482051817578133424e+00
1.517100175652807259e+01 2.633300666195403039e+00 7.580033149112096247e+00
1.526778350791508743e+01 2.695370905897221725e+00 7.606426589979221831e+00
1.569065960842276652e+01 2.824296317717370552e+00 7.886282211940106812e+00
1.652175176188334049e+01 2.895174635306214217e+00 8.152120418567786686e+00
1.705967107940792005e+01 3.171906796906796888e+00 8.228419606709080014e+00
1.748925063727695317e+01 3.269785039521881487e+00 8.467190947454104943e+00
1.760138326585694912e+01 3.327311333890281109e+00 8.614724578540368327e+00
1.589204983612878408e+01 2.737247766853029951e+00 8.019515937279095397e+00
1.221349447336289451e+01 1.220963734121628841e+00 6.579472184735342566e+00
1.163098852901484470e+01 1.196819506030032398e+00 6.336356382409014110e+00
1.139631396868239044e+01 1.234772293982820290e+00 6.208020050125313105e+00
1.132027451106398530e+01 1.255940331598226267e+00 6.106002184949553602e+00
1.122808758006126340e+01 1.268495758627337544e+00 5.989223860934386856e+00
1.113512413512413524e+01 1.256091617933723148e+00 5.908600293468714959e+00
1.115163041149883227e+01 1.319558243900349259e+00 5.935802379881327084e+00
1.127427141571878444e+01 1.373536672878778120e+00 5.931922487843540814e+00
1.132437396911081073e+01 1.394995233811023194e+00 5.933992299123878489e+00
1.131922086198401978e+01 1.401335871730608584e+00 5.914017147569778921e+00
1.125516649529807367e+01 1.413179048047469077e+00 5.886930199430199018e+00
1.145015985476511844e+01 1.443991924255082049e+00 5.952909785146626831e+00
1.178825536062378099e+01 1.505004498425551063e+00 6.054046708651972253e+00
1.215640864982970193e+01 1.644378039114881229e+00 6.145320566373198012e+00
1.253616412826939097e+01 1.768025833815307424e+00 6.268684531842426466e+00
1.306863446008182805e+01 1.954433359038622253e+00 6.362905126063020944e+00
1.348604015380331234e+01 2.096238191632928682e+00 6.542192821798084701e+00
1.386967552428078676e+01 2.200489203778677627e+00 6.761654403101771571e+00
1.449091880341880412e+01 2.371632874922348755e+00 6.917977368635263247e+00
1.483689190926033064e+01 2.486240976372555256e+00 7.193891512970460589e+00
1.503101503759398483e+01 2.558432673564252635e+00 7.288421373947689297e+00
1.521562587023113267e+01 2.611123160465265602e+00 7.412146820041557227e+00
1.546019562795878599e+01 2.687927082663924772e+00 7.574913512413512073e+00
1.567725671015144684e+01 2.767405961484908694e+00 7.675215014030803751e+00
1.580791455133560319e+01 2.791934430092324781e+00 7.696358952937900177e+00
1.347393323051217706e+01 1.915019921598869024e+00 6.705461570593149290e+00
1.006270885547201388e+01 8.221595655806182013e-01 5.254353833301201426e+00
9.432221044063149762e+00 8.730627316153631856e-01 5.105252447357710111e+00
9.298912344964977095e+00 9.381787802840434454e-01 5.013872823083349139e+00
9.441541888910309765e+00 9.572729901677270448e-01 5.057107244607244922e+00
9.638503309555941811e+00 1.001535623246149642e+00 5.168673553541974997e+00
9.629929524666366092e+00 9.926619433198380360e-01 5.199731433284064508e+00
9.532415440310177956e+00 9.684253368463894285e-01 5.141844997108155013e+00
9.609457671957672531e+00 9.578848295953559244e-01 5.231509596641175541e+00
9.513805882226934685e+00 9.381011288906025980e-01 5.152460478118372933e+00
9.263969217916585563e+00 8.857533791744317542e-01 5.119409099672257213e+00
9.051569896964632989e+00 8.495276653171389691e-01 5.090072938757149501e+00
8.963873358610200626e+00 8.715512070775228715e-01 5.063762504551978516e+00
9.061857367778420880e+00 9.081370627423258624e-01 5.070160711608080462e+00
9.319552888631836396e+00 9.628598740440845738e-01 5.147458657327078413e+00
9.601300259194996300e+00 1.001306685517211914e+00 5.202433166248956020e+00
9.805003962898700465e+00 1.049438500096394833e+00 5.187137180558233140e+00
1.002131396868239044e+01 1.101357828331512634e+00 5.268971038707880972e+00
1.025721890195574382e+01 1.134640822140822181e+00 5.391388460467408272e+00
1.050581983805668074e+01 1.170561285692864661e+00 5.419795482295482358e+00
1.084536662168241072e+01 1.263334618597776515e+00 5.435260158944369202e+00
1.123137973137973056e+01 1.380363301415932886e+00 5.609511224642803384e+00
1.167090268406057874e+01 1.499979917743075708e+00 5.729491999228841337e+00
1.212426900584795320e+01 1.639036158773000906e+00 5.929673275068012117e+00
1.249139140586508923e+01 1.740240023134759895e+00 6.103506629822419427e+00
1.281784321915900904e+01 1.850057836899942076e+00 6.177014384251226176e+00
1.324938414412098631e+01 1.951204132125184731e+00 6.437624509992931010e+00
1.364246888588993833e+01 2.060260158944369646e+00 6.582195338774286419e+00
1.341103158537369033e+01 2.020473191525823164e+00 6.661944658655184703e+00
9.500156641604009522e+00 9.981966133281923170e-01 4.949523916629179787e+00
8.322964194674721483e+00 6.985987939935308644e-01 4.820208909024698229e+00
8.082468457468458212e+00 7.213198594777542327e-01 4.706367949789002303e+00
8.067450945740420210e+00 7.613933337617547759e-01 4.647577812051496338e+00
8.169510314247157012e+00 7.916144527986632706e-01 4.720017190411927466e+00
8.347183396525501564e+00 8.037976886661096776e-01 4.821869042263779548e+00
8.401153792601160575e+00 8.113700383437225661e-01 4.879730040914250999e+00
8.541589015273226337e+00 8.450345950345949930e-01 4.914323736692157496e+00
8.923364768759505239e+00 9.058851723325407335e-01 5.018427478953794818e+00
9.289496444101708050e+00 9.455449521238994404e-01 5.054505922926975536e+00
9.471223464644516810e+00 9.452343465501360509e-01 5.131254953623374249e+00
9.642987008118586445e+00 9.784785146627251740e-01 5.174750444487286494e+00
9.884383769252190532e+00 1.054092228434333700e+00 5.229327324722061299e+00
1.037927885954201734e+01 1.163873894137052112e+00 5.412444037444037015e+00
1.093624552835079200e+01 1.290611678769573611e+00 5.606868399631557587e+00
1.140156748709380352e+01 1.416143189169504879e+00 5.666321251847567630e+00
1.202948610843347765e+01 1.577520189362294545e+00 5.988861041492619997e+00
1.267522170811644422e+01 1.823044523702418429e+00 6.169942752179593981e+00
1.321769835914572688e+01 1.985816571342887027e+00 6.446341548315232650e+00
1.382831678555362842e+01 2.157980421138316007e+00 6.626702975387186001e+00
1.456163110768373947e+01 2.351908082171239922e+00 7.023826928432191252e+00
1.510646541567594170e+01 2.520931066983698621e+00 7.316291530107319474e+00
1.547935008461324280e+01 2.626227695306642573e+00 7.513263661289976802e+00
1.585397655463444977e+01 2.737129950945740298e+00 7.723889049546944108e+00
1.633336412612728239e+01 2.919616080800291336e+00 7.952769209348156565e+00
1.682852430220851403e+01 3.044392498339866915e+00 8.022140018850544507e+00
1.698785960628065794e+01 3.085255874729559089e+00 8.265697630829210496e+00
1.493883480067690606e+01 2.341069018700597582e+00 7.299575059443480285e+00
1.111676895229526885e+01 9.139569007990060445e-01 5.878712539896750577e+00
1.032746128140865061e+01 9.411375661375661617e-01 5.532772904483430843e+00
1.015930585009532372e+01 9.892720583510057342e-01 5.364851766167555880e+00
1.040523852365957680e+01 1.109072092624724171e+00 5.479411670201144169e+00
1.061760303536619254e+01 1.180827335432598657e+00 5.529974776685302906e+00
1.070107292804661192e+01 1.209211597369492130e+00 5.601922809159651351e+00
1.088162580596791074e+01 1.240036522931259766e+00 5.597340038129511974e+00
1.149066844461581383e+01 1.418703007518796966e+00 5.682937311226784693e+00
1.163972966604545611e+01 1.471938392991024580e+00 5.809056562346036401e+00
1.147778634620739879e+01 1.452032859927596675e+00 5.805909003277424318e+00
1.137203050360945156e+01 1.413452166741640426e+00 5.855619283250861784e+00
1.146281033781033720e+01 1.449102189233768101e+00 5.864799552299552410e+00
1.183484218023691703e+01 1.536534980613927903e+00 5.869514866225392424e+00
1.216581116252168826e+01 1.683424640661482785e+00 6.006755671229355720e+00
1.270074090139879530e+01 1.842715763768395298e+00 6.270254964333911829e+00
1.327415359981149479e+01 2.031152935758198996e+00 6.405533063427800045e+00
1.377771753100700458e+01 2.189484126984126977e+00 6.647976779555726523e+00
1.409572408585566450e+01 2.272971424287213882e+00 6.824554709423130916e+00
1.437413110768373947e+01 2.334673489278752623e+00 7.080685153053574155e+00
1.460446120643489110e+01 2.438043559754086154e+00 7.128349720454983718e+00
1.493470856628751342e+01 2.493190776085512983e+00 7.368344740055266406e+00
1.522352489128804898e+01 2.579717188269819772e+00 7.546076730287256673e+00
1.488237152710836853e+01 2.476965651307756477e+00 7.449371291476554191e+00
1.071256265664160345e+01 9.606012895486579772e-01 5.541939785360837867e+00
9.781585373690637297e+00 8.910885654306707204e-01 5.263348006769059673e+00
9.359633057001477852e+00 9.253247970353233320e-01 5.166038761433497939e+00
9.377463423516054775e+00 9.649136195188826592e-01 5.166839374076215741e+00
9.500633260501681221e+00 9.842421224000171831e-01 5.219592785382259237e+00
9.513208769787716790e+00 9.800061050061049661e-01 5.192377310798363510e+00
9.537818906239959205e+00 9.706892766103292214e-01 5.195565034380823732e+00
9.839288391919970067e+00 1.046566737356211085e+00 5.312446447314868259e+00
1.004617312512049310e+01 1.063042220936957882e+00 5.350049803997172226e+00
1.022110966518861197e+01 1.255562785168048423e+00 5.411856296724717907e+00
1.015615293575819855e+01 1.034767742004584212e+00 5.378895957843326414e+00
1.016693041364093908e+01 1.042024130839920293e+00 5.334909121093331485e+00
1.031569709530235812e+01 1.083369481395797251e+00 5.396423751686909576e+00
1.060704244585823552e+01 1.176565880513248841e+00 5.432279952016793700e+00
1.098988122014437785e+01 1.267064563117194620e+00 5.484195263800526909e+00
1.132127862391020301e+01 1.386879324379324485e+00 5.621442762890131561e+00
1.161212325686009983e+01 1.485169922669922649e+00 5.785861555598398098e+00
1.196900102821155443e+01 1.601373894137052112e+00 5.904293318767003029e+00
1.245910716963348541e+01 1.739754032517190518e+00 6.059434108776214245e+00
1.288573329691750757e+01 1.865839813208234332e+00 6.251681554313133660e+00
1.315988823554613063e+01 1.975917357496304927e+00 6.458398935372619221e+00
1.336658285671443558e+01 2.013520714178608895e+00 6.552456193903561932e+00
1.363632907053959720e+01 2.107403926482873668e+00 6.676316860527387043e+00
1.399000573013730886e+01 2.247097444465865568e+00 6.783367339288392195e+00
1.447678223336118108e+01 2.331961045776835384e+00 7.025669140800720136e+00
1.408320748452327464e+01 2.256917668101878771e+00 6.955315639526165938e+00
1.026106532356532419e+01 8.840932459353512129e-01 5.418424533556112088e+00
9.275824443587602275e+00 7.973057644110275177e-01 5.155953452006083459e+00
8.681041546173124956e+00 8.362653428442902159e-01 4.923639226270805302e+00
8.657984437589700377e+00 8.368450506608401396e-01 4.890780637491164207e+00
8.763701454490927745e+00 8.565537776064091613e-01 4.922629758156073621e+00
8.826734303707988616e+00 8.802829723882354962e-01 4.937233575391470453e+00
8.773597990703253302e+00 8.766186299081035749e-01 4.938874965190755084e+00
8.924699569436411295e+00 8.928852580168369357e-01 4.973696259880470372e+00
9.270706145706146373e+00 9.358773536405115001e-01 5.109708030760661934e+00
9.423344686502581169e+00 9.364369792001371318e-01 5.174434483645010019e+00
9.444377503588029299e+00 9.320818070818071011e-01 5.194331983805668074e+00
9.434859852623009857e+00 9.144536019536019245e-01 5.181050917893022856e+00
9.553476372555319784e+00 9.375428421481053487e-01 5.170124831309041546e+00
9.798872180451127178e+00 1.000402983955615444e+00 5.273120032988454220e+00
1.021535542917121830e+01 1.044360366728787737e+00 5.311996604759762874e+00
1.042766371055844665e+01 1.131047436968489528e+00 5.356426589979221831e+00
1.065845704003598726e+01 1.192752179594284812e+00 5.456524591393012713e+00
1.090309641625431070e+01 1.220463016515648036e+00 5.559732664995823193e+00
1.125183953473427145e+01 1.321017554570186103e+00 5.727122292911766444e+00
1.155926943426943510e+01 1.378762076130497283e+00 5.699826489300173549e+00
1.178076601760812281e+01 1.469824400745453286e+00 5.809432769959085974e+00
1.209220969089390074e+01 1.579283411520253644e+00 5.962972334682860698e+00
1.247954019664545910e+01 1.693247541931752531e+00 6.132026112289270081e+00
1.271815221815221797e+01 1.807490146305935852e+00 6.160949917528864894e+00
1.304528950581582158e+01 1.881711490264121878e+00 6.330187113081850114e+00
1.347653455219244734e+01 2.007876261165734810e+00 6.385555234239444822e+00
1.399933862433862508e+01 2.145834672150461753e+00 6.668814129340445263e+00
1.458688789280894582e+01 2.297960445986761968e+00 6.935084773900562993e+00
1.415300403787245820e+01 2.152741629715313909e+00 6.822450088897457299e+00
1.034407064670222631e+01 8.288094702568387095e-01 5.396668755221386782e+00
9.331485765696292844e+00 8.060589507957929278e-01 5.116960403144613423e+00
8.814695660090396956e+00 8.452876314718420492e-01 4.892373829873830182e+00
8.849083178030547003e+00 8.690623460360302754e-01 4.945997472313261589e+00
8.969369202921834372e+00 8.699325771694192966e-01 4.970604931131246573e+00
8.978910952595162698e+00 8.810273547115652359e-01 5.034823972323972718e+00
9.018272176166913567e+00 8.730787974209026636e-01 5.086907975065869891e+00
9.229920420709895268e+00 9.161954030375083491e-01 5.048177334361544588e+00
9.711040421566737635e+00 9.956568772358246333e-01 5.206940963519911314e+00
9.908850652271704362e+00 1.035785243022085078e+00 5.283920270762376248e+00
9.969188462609515966e+00 1.048240258766574451e+00 5.291159254975044135e+00
1.005268647044962904e+01 1.064224396461238564e+00 5.280122046569415417e+00
1.035163630229419773e+01 1.154717723796671258e+00 5.414220647773279715e+00
1.079745705074652484e+01 1.271676788124156632e+00 5.548727588201272098e+00
1.209515776621039862e+01 1.725816946211683023e+00 6.217896504080714593e+00
1.263574534627166202e+01 1.720631707473812666e+00 6.393879999143156745e+00
1.312568681318681385e+01 1.879372576740997891e+00 6.432743182743182686e+00
1.338694626523573916e+01 1.974972152603731601e+00 6.529127305443094720e+00
1.363207698734014528e+01 2.089933701775807062e+00 6.697048443758969682e+00
1.390142289484394666e+01 2.173873519268255894e+00 6.775549986076302211e+00
1.417070453912559103e+01 2.242280380438275156e+00 6.922074149047833025e+00
1.443732595377332295e+01 2.343494955337060759e+00 7.029283947047105130e+00
1.475358669108669041e+01 2.463214660583081805e+00 7.216700940385150531e+00
1.513554586251954603e+01 2.549615223957329313e+00 7.379732718548508430e+00
1.559631852066062585e+01 2.668445954630165318e+00 7.545829049118522924e+00
1.542353613735192752e+01 2.566264753764753603e+00 7.427047854679433847e+00
1.240849988218409194e+01 1.357457479168005410e+00 6.203978161215003340e+00
1.082145400895400833e+01 1.051211093974251831e+00 5.688920484973116309e+00
1.032351846496583292e+01 1.075380759591285873e+00 5.411236424394319400e+00
1.014612385665017236e+01 1.134998286314075733e+00 5.308600025705288772e+00
1.028827678169783510e+01 1.136391994944626616e+00 5.332183289420131089e+00
1.030529314739841062e+01 1.180176670308249243e+00 5.289630325814536072e+00
1.029158901527322634e+01 1.189959407064670183e+00 5.200287042392305992e+00
1.061128917378917436e+01 1.213412805518068627e+00 5.399750712250712681e+00
1.091344547265599907e+01 1.256582963819805832e+00 5.496391887839256363e+00
1.092265519568151078e+01 1.241829199066041278e+00 5.533050039628986561e+00
1.078514796606901882e+01 1.188315339631129008e+00 5.544930702825439539e+00
1.083299729023413249e+01 1.211160915108283609e+00 5.511634320844847501e+00
1.102616450313818675e+01 1.268112856928646393e+00 5.358932855643382176e+00
1.129898731872416029e+01 1.367513334618597698e+00 5.317654445943919228e+00
1.163073950902898268e+01 1.505375350770087550e+00 5.323996422680632890e+00
1.194620498896814631e+01 1.584038889959942686e+00 5.397110564873722538e+00
1.244146022106548344e+01 1.785994098494098514e+00 5.380379367221472364e+00
1.294803515198251986e+01 1.954543142043142057e+00 5.585329509671614900e+00
1.331836401902191369e+01 2.088228048754364519e+00 5.533116980485401903e+00
1.360761010432063145e+01 2.242307156780841026e+00 5.518584120557804340e+00
1.400457339931024059e+01 2.349629415418889256e+00 5.647875029453977014e+00
1.435839331234068084e+01 2.449640393719341169e+00 5.713530621425357836e+00
1.463476800976800973e+01 2.563552310262836365e+00 5.848447239894608352e+00
1.511971167234325186e+01 2.679484501852922751e+00 6.014823383244435995e+00
1.531737463316410697e+01 2.694958550221707938e+00 6.172427596769701985e+00
1.303250514105777214e+01 1.901807135359766976e+00 5.429783058072532143e+00
9.851140939956730236e+00 8.136272840220208913e-01 4.569560921534606024e+00
9.060997847182058251e+00 8.801745282008439641e-01 4.395889563652721321e+00
8.921807724439302589e+00 8.787634149476254430e-01 4.378270730244414821e+00
9.042151318467107401e+00 8.984105563052930954e-01 4.420696506222822286e+00
9.115221279694964096e+00 9.299745089218773852e-01 4.459698926804190222e+00
9.142408639119166125e+00 9.061261594156331256e-01 4.484100207784417869e+00
9.169017629543946057e+00 8.926174945911787839e-01 4.543445954630165318e+00
9.479629897393055060e+00 9.792041535462587820e-01 4.610451074266864069e+00
9.777890238416553359e+00 1.019253529121950219e+00 4.722429738877107042e+00
9.927729312597733724e+00 1.018843851080693197e+00 4.809736681447208007e+00
9.984209990788938782e+00 1.010725264014737723e+00 4.807823511770879854e+00
1.010976827753143503e+01 1.065764036158773020e+00 4.853656577340787592e+00
1.040479001992159880e+01 1.127708427050532203e+00 4.895981942034573819e+00
1.077419510314247120e+01 1.243529496818970514e+00 5.134604674078357966e+00
1.120478948439474820e+01 1.311050061050061055e+00 5.187205460231775866e+00
1.149039934237302596e+01 1.409036747852537408e+00 5.285584420452841492e+00
1.195121885911359527e+01 1.558172943041364000e+00 5.523446704367756865e+00
1.258041471199365979e+01 1.696733821733821701e+00 5.678382655356339903e+00
1.308322488914594217e+01 1.836053809738020348e+00 5.836649583360109972e+00
1.347048175995544383e+01 1.953190936743568251e+00 5.945832797806482439e+00
1.380155115352483719e+01 2.058178298309877086e+00 6.053851241351241086e+00
1.411129586787481571e+01 2.169958817985133681e+00 6.293640083113767325e+00
1.492969335732493619e+01 2.429991913544545135e+00 6.780506287085234618e+00
1.528889531521110534e+01 2.376162093267356390e+00 6.938410395647237827e+00
1.540534161257845547e+01 2.470799059614849025e+00 6.806069661332819543e+00
1.563559272111903731e+01 2.568500578368999587e+00 6.972642610800505736e+00
1.576398796135638314e+01 2.669819581003791686e+00 7.122146980699612051e+00
1.532951234924919071e+01 2.518937568279673744e+00 7.096689373005162338e+00
1.102552722618512071e+01 6.687645931066983351e-01 5.948333708202128811e+00
1.045007015401752248e+01 6.668594563331405878e-01 5.644527986633249839e+00
1.002067401409506608e+01 7.416444423023370591e-01 5.339694053509843386e+00
9.883765235738920296e+00 8.150062656641604564e-01 5.214578915236810275e+00
9.906384551121393045e+00 8.763883533620375754e-01 5.071551742604373914e+00
9.918503523766680985e+00 9.100114067219330360e-01 5.132287181629286543e+00
9.926891213075423437e+00 9.303346507293875911e-01 5.031298866825182792e+00
1.011749325236167429e+01 9.682258530942741137e-01 5.059810316389263818e+00
1.049446399117451811e+01 1.051099972152603756e+00 4.967853661932609022e+00
1.065133988818199384e+01 1.095172493198808938e+00 5.092466743782533278e+00
1.063304896857528448e+01 1.106879110168583757e+00 5.143755489150225735e+00
1.066169831630358011e+01 1.106240494398389229e+00 5.205829745303429235e+00
1.101348322729901597e+01 1.162103977893451656e+00 5.407730062335325272e+00
1.163270623139044169e+01 1.332003887924940511e+00 5.586626823468928471e+00
1.231221617076880293e+01 1.548230887046676552e+00 5.732071899835057494e+00
1.285911359595570147e+01 1.752727170490328445e+00 6.071823522481417434e+00
1.352395813251076362e+01 1.899038461538461453e+00 6.372171079407921823e+00
1.397239626844890026e+01 2.042923815950131949e+00 6.550146734357261025e+00
1.436032120900541997e+01 2.169692393376603690e+00 6.734499175288648942e+00
1.462181227641753978e+01 2.291535462588094152e+00 6.767847771137244450e+00
1.492358969003705838e+01 2.375121832358674467e+00 7.023103967182914964e+00
1.528740788938157280e+01 2.444828684960263843e+00 7.229750390934601256e+00
1.583953607308870382e+01 2.586889231626073649e+00 7.345195253089990217e+00
1.631877637469742837e+01 2.732488271961956094e+00 7.563335421888053745e+00
1.683445526208684129e+01 2.880639097744360999e+00 7.758109215346057574e+00
1.677777510014352202e+01 2.876251794014951901e+00 7.801275357196409743e+00
1.334988512949039219e+01 1.643767538504380621e+00 6.626851584088425895e+00
1.200130266906582754e+01 1.263606398474819592e+00 6.059973652078915585e+00
1.124543195595827250e+01 1.175978139793929289e+00 5.634842983527193816e+00
1.100338586851744793e+01 1.191432105905790184e+00 5.431666773772036549e+00
1.099926231176231184e+01 1.226157005762268826e+00 5.427167009403851772e+00
1.100269771651350581e+01 1.222570314675577752e+00 5.375052213868003470e+00
1.096416923719555214e+01 1.237902448428764179e+00 5.491961741961741694e+00
1.137310825139772597e+01 1.343097326649958179e+00 5.487958678748152686e+00
1.175903166034744984e+01 1.430196752565173535e+00 5.703457361352097799e+00
1.170712705910074369e+01 1.428595527279737709e+00 5.762505890795364571e+00
1.167367805196752606e+01 1.397118597776492610e+00 5.837660390291969037e+00
1.173442286271233570e+01 1.435106194974616001e+00 5.737123256860098941e+00
1.192033368678105454e+01 1.498238116659169394e+00 5.761804350620139736e+00
1.229819473898421300e+01 1.634988914594177833e+00 5.956845907503802273e+00
1.280295155624103032e+01 1.772311387442966346e+00 6.102007154638733333e+00
1.309747525865947004e+01 1.840153267784846669e+00 6.246675717070454326e+00
1.340371093331619612e+01 1.985235524709208832e+00 6.324751515540989466e+00
1.375644238802133579e+01 2.109717402480560278e+00 6.461519718098665876e+00
1.407946549064970121e+01 2.160442505837242511e+00 6.593897939292675758e+00
1.436345671871987584e+01 2.241440942098837041e+00 6.824810423494634293e+00
1.456256560203928707e+01 2.283870734528629320e+00 6.949529271897692873e+00
1.471057986847460519e+01 2.323312287128076470e+00 7.033952402373454760e+00
1.496625109783004604e+01 2.383631354026090943e+00 7.171806385622175206e+00
1.534083204806889000e+01 2.481856350277402701e+00 7.262801769380716976e+00
1.575834083070925118e+01 2.605672835935993970e+00 7.341529571792730025e+00
1.578065355696934624e+01 2.648267302872565843e+00 7.461775432170169253e+00
1.241734812458496684e+01 1.255412837649679814e+00 6.070302626223678999e+00
1.020855959342801533e+01 8.425617997986418750e-01 5.283515947989632089e+00
9.053093470856628855e+00 8.793310734100208137e-01 4.863376389692179558e+00
9.246646263093632356e+00 8.641957457746931581e-01 4.918448632264421860e+00
9.393327067669172692e+00 8.818815200394147791e-01 5.005308409913673096e+00
9.521688837478311740e+00 9.018513163250004849e-01 4.962696538354433251e+00
9.617574920206498845e+00 9.249244907139644312e-01 4.982581989160936864e+00
9.732461495619389780e+00 9.643513163250004849e-01 4.927386575412890934e+00
1.014077126577126542e+01 1.072795503716556409e+00 5.094122860570228895e+00
1.033402550178865908e+01 1.099636109504530612e+00 5.249712154317417223e+00
1.038152137823190380e+01 1.118569661332819321e+00 5.309340391577233476e+00
1.043603131761026503e+01 1.112887721440352973e+00 5.286897800055695207e+00
1.068994468007625898e+01 1.161585855664803102e+00 5.389831416147205623e+00
1.107950297752929281e+01 1.256321894479789147e+00 5.489555887582203475e+00
1.154103340616498485e+01 1.388685388685388711e+00 5.548794529057686553e+00
1.198167560996508385e+01 1.505151768309663129e+00 5.782572081914187478e+00
1.241933894565473473e+01 1.662330237988132620e+00 5.944356082513976958e+00
1.292285869588501157e+01 1.797001852922905485e+00 6.095148394490499832e+00
1.333072665638455057e+01 1.889257063599168784e+00 6.311793104556262080e+00
1.376970738812843997e+01 2.002942720047983016e+00 6.462849163507057959e+00
1.419059266756635118e+01 2.141573217231111936e+00 6.610032024505708925e+00
1.469892546537283451e+01 2.313504112846218153e+00 6.807306728359360015e+00
1.519474835593256579e+01 2.446239798213482253e+00 7.057227738148791119e+00
1.551487827474669601e+01 2.527633185527922155e+00 7.204498961077908881e+00
1.571636088083456428e+01 2.599956086798191901e+00 7.354031446136708894e+00
1.579958844761476300e+01 2.613218409271040876e+00 7.397492127755286084e+00
1.594877953430584938e+01 2.673894940342308679e+00 7.498669215774478758e+00
1.584424469292890336e+01 2.676335603967182841e+00 7.526135049161364776e+00
1.207157450249555453e+01 1.244493445151339861e+00 5.864745999614420668e+00
1.054263864790180527e+01 9.953154788681104481e-01 5.338723411091832460e+00
9.937676723860933592e+00 1.008427853822590592e+00 5.114893269498532291e+00
9.965099715099714928e+00 1.024046494441231303e+00 5.097081646423752055e+00
1.018497097444465815e+01 1.086043099200993955e+00 5.241489139515455697e+00
1.033127289377289415e+01 1.093678373283636374e+00 5.274564616669879413e+00
1.038498623695992151e+01 1.107039768223978760e+00 5.383181511470985114e+00
1.054130250840777094e+01 1.138622464280359070e+00 5.374014630593578090e+00
1.090474717777349412e+01 1.241581517897307307e+00 5.576165306428464419e+00
1.109165274296853276e+01 1.248614324272218967e+00 5.656462202514833670e+00
1.119327967354283082e+01 1.283934997750787232e+00 5.627725831673200396e+00
1.142483211233211193e+01 1.356846978557504801e+00 5.708077619261829661e+00
1.226167448535869653e+01 1.662276685303001100e+00 6.051942088126298636e+00
1.360063754471649133e+01 2.038865861234282484e+00 6.614693785746417198e+00
1.440797640468693075e+01 2.280401859349227678e+00 6.883840209498104379e+00
1.485290416211468845e+01 2.443734871366450179e+00 7.048789173789173468e+00
1.498112401730822718e+01 2.489140854272433145e+00 7.135517747359852336e+00
1.525213675213675302e+01 2.527339984576826737e+00 7.343553863290705586e+00
1.538503711201079582e+01 2.567371955529850425e+00 7.480056980056979832e+00
1.541553536619326081e+01 2.594217916586337491e+00 7.442833847439110251e+00
1.523966165413533780e+01 2.560055319923741024e+00 7.384585930638562168e+00
1.533680890259837604e+01 2.562296499796499649e+00 7.417112492770387533e+00
1.572990167727009769e+01 2.704871152239573195e+00 7.633952670136880947e+00
1.646528179422916338e+01 2.909998018550650212e+00 7.872432148747938285e+00
1.695709091103827859e+01 3.059676434676434464e+00 8.108315660947239323e+00
1.629212052567315894e+01 2.799234999892894482e+00 7.765432545037808332e+00
1.203383860291754992e+01 1.066736017393912217e+00 6.196856992909624218e+00
1.103102708694813927e+01 1.058673660647344805e+00 5.644957746931431153e+00
1.050470728102307127e+01 1.093488261251419180e+00 5.408854668723090064e+00
1.044554495212389966e+01 1.112432523616734059e+00 5.376862294625452954e+00
1.058966326071589314e+01 1.176509650193860779e+00 5.460506233532549381e+00
1.064662457425615294e+01 1.176125409678041356e+00 5.369497461602724897e+00
1.061471252918621389e+01 1.135385204464151920e+00 5.447371098686888402e+00
1.096362567744146688e+01 1.203513591671486305e+00 5.445037540432276835e+00
1.158020987297303073e+01 1.492368742368742396e+00 5.765744489428699993e+00
1.145727165135059877e+01 1.251988143435511791e+00 5.774421363237152605e+00
1.131623931623931689e+01 1.221345297003191721e+00 5.633232386521860313e+00
1.151508177495019680e+01 1.300019546730073028e+00 5.782138305164621350e+00
1.167772395732922064e+01 1.385499003920056538e+00 5.791994676863097880e+00
1.191290325171904207e+01 1.503219855193539400e+00 5.926768041899620698e+00
1.231948193132403624e+01 1.645896257738362900e+00 6.077763854079643480e+00
1.284008231047704740e+01 1.801350330955594048e+00 6.265646755778334409e+00
1.329810503823661705e+01 1.984430895615106216e+00 6.420381884197674083e+00
1.394610859413491077e+01 2.146328695670800979e+00 6.705588758220336842e+00
1.457831812437075669e+01 2.323696527643896115e+00 6.907250765803397030e+00
1.505061665916929137e+01 2.459152689415847526e+00 7.048466518861255636e+00
1.538498623695992151e+01 2.567246106719791143e+00 7.235456429535377154e+00
1.572956563417089804e+01 2.667333397596555411e+00 7.435035237666816954e+00
1.600212604159972685e+01 2.725033738191632970e+00 7.561868078315447050e+00
1.641171036565773278e+01 2.839241533320480571e+00 7.723713664503137899e+00
1.661793506201400916e+01 2.952390324100850449e+00 7.835211693764325247e+00
1.504336830323672380e+01 2.278506094295567941e+00 7.174137266242529343e+00
1.054738877107298123e+01 8.550516247884668575e-01 5.340750380224064564e+00
9.979348745796114528e+00 8.428295632243000268e-01 5.171743461217145565e+00
9.704956836535783893e+00 8.805975944133839217e-01 5.034442409442409172e+00
9.744544320202214394e+00 9.302342394447657981e-01 5.094098761861920011e+00
9.922720797720797847e+00 9.768210590579011754e-01 5.109835218387850375e+00
9.984197941434784340e+00 9.714765010817641988e-01 5.072741951031424890e+00
9.941900691900691811e+00 9.806447207762997165e-01 5.099985540775014314e+00
1.024767581346528722e+01 1.053483066640961363e+00 5.250025437525437155e+00
1.052550580511106837e+01 1.101750101750101685e+00 5.272095837885311553e+00
1.066787294089925631e+01 1.146587087376561120e+00 5.352655142128826427e+00
1.073739102028575765e+01 1.113209037551142755e+00 5.344235321209005463e+00
1.084211061842640866e+01 1.151937000621211071e+00 5.427963605595184760e+00
1.107192259494891040e+01 1.230209605209605206e+00 5.497121543174174896e+00
1.138830784225521064e+01 1.308920002998950283e+00 5.557089839984576507e+00
1.172514486001328038e+01 1.401998586209112441e+00 5.676706456311719329e+00
1.201337344429449772e+01 1.546015144699355304e+00 5.868202825439667869e+00
1.261933546473020229e+01 1.701936465094359807e+00 6.145949810423494419e+00
1.315706199258830900e+01 1.837254728702097051e+00 6.298216160058265345e+00
1.346873594242015315e+01 1.968859113595955668e+00 6.392577330077330089e+00
1.390696292012081514e+01 2.111795246663667580e+00 6.471744264507422351e+00
1.437560916179337234e+01 2.248010517747359938e+00 6.796936250883619302e+00
1.507813738405843651e+01 2.431895711500974500e+00 6.931745763982606334e+00
1.551273215089004509e+01 2.512550071760597969e+00 7.358410716963348364e+00
1.590958164642375117e+01 2.635577994130625878e+00 7.458172675277938701e+00
1.632578374354689998e+01 2.758340830709251623e+00 7.700544095280937640e+00
1.672617307156780697e+01 2.881595013173960496e+00 7.838795707216760000e+00
1.691389933166248838e+01 3.010231240494398275e+00 7.926967525651735791e+00
1.483372560675192275e+01 2.187481256560203757e+00 7.115252072488914337e+00
1.102291251633356950e+01 9.588273568536725966e-01 5.560321744532270571e+00
1.033496267377846323e+01 9.118763789816420884e-01 5.366446297367350127e+00
1.009049734378681684e+01 9.730201572306835800e-01 5.210225081935607960e+00
1.034292595805753656e+01 1.045174367542788696e+00 5.299920474262579617e+00
1.067874681361523415e+01 1.143792976029818220e+00 5.346686695370905795e+00
1.099290025276867411e+01 1.204683717841612545e+00 5.500969303600882654e+00
1.120753004305635869e+01 1.241056701583017396e+00 5.552908714092924747e+00
1.174140211640211717e+01 1.418480763875500816e+00 5.743172032645716740e+00
1.206594879292247668e+01 1.517140875693507196e+00 5.884955444165970384e+00
1.216313218944797825e+01 1.558111357453462631e+00 5.974533020585652388e+00
1.225968901955743995e+01 1.597765781976308253e+00 5.957337253389884957e+00
1.263176102649786792e+01 1.685514534198744752e+00 6.105921855921855546e+00
1.318896466593835015e+01 1.884257920442131029e+00 6.339628451470556314e+00
1.385449199922884134e+01 2.089925668873037434e+00 6.593952830794935771e+00
1.511510614142193099e+01 2.479493338045969608e+00 7.284607083949189210e+00
1.556567433541117751e+01 2.489720562088983069e+00 7.563791958528800485e+00
1.578052235289077387e+01 2.634133410449199797e+00 7.467271276481803000e+00
1.596337264100422004e+01 2.708678748152432370e+00 7.664910138594349220e+00
1.615561607008975287e+01 2.816520467836257424e+00 7.787089250905040672e+00
1.628285055587687324e+01 2.867408906882590980e+00 7.845301019643124540e+00
1.644203591243065077e+01 2.939536340852130447e+00 7.872404033588243699e+00
1.667691531178373410e+01 3.028887657177131043e+00 7.972518100807574726e+00
1.696195617248248766e+01 3.122282201229569676e+00 8.044168915879442494e+00
1.703697143499774924e+01 3.088461002934687283e+00 8.151867382130539852e+00
1.425274725274725363e+01 1.876024195103142445e+00 7.050348895743632660e+00
1.272053397382344819e+01 1.473631996658312460e+00 6.413893976393976182e+00
1.186916543495490828e+01 1.326538836407257449e+00 6.021127873101557171e+00
1.166552063920484983e+01 1.350997686524002317e+00 5.902144517276096458e+00
1.155524361116466459e+01 1.368474605316710502e+00 5.838569447122078593e+00
1.155842196302722691e+01 1.406547886811044812e+00 5.830780209069683195e+00
1.159272781312255063e+01 1.414899428057322828e+00 5.846409560225350077e+00
1.184452986097722871e+01 1.492835989546515751e+00 5.997315671657776903e+00
1.204393863933337627e+01 1.546130282972388192e+00 6.013049450549450725e+00
1.210863028297238841e+01 1.537852376668166210e+00 6.057075112996165522e+00
1.212137046676520313e+01 1.567689255189255171e+00 5.988518304307778095e+00
1.220139290534027410e+01 1.576637908874751082e+00 5.970495148126727436e+00
1.256273295418032276e+01 1.686352633721054817e+00 6.150707966497440005e+00
1.318638744296639054e+01 1.852653803311698155e+00 6.365189148083884696e+00
1.366963616305721629e+01 2.006398207056101946e+00 6.467156138208769889e+00
1.403974814172182661e+01 2.105425154767260221e+00 6.722808624124413157e+00
1.446149428057322872e+01 2.233287545787545625e+00 6.894004509136087755e+00
1.505462775528565089e+01 2.362965372833794042e+00 7.083297185270869711e+00
1.540690802861855424e+01 2.489177002334896915e+00 7.320878317588843665e+00
1.572909169290748288e+01 2.572752661568451060e+00 7.380838581496476536e+00
1.599402619797356628e+01 2.668887764282501074e+00 7.533503898635477647e+00
1.626357694449799851e+01 2.758762558104663309e+00 7.680871516397831833e+00
1.662761604866868126e+01 2.842642128826339487e+00 7.768470321101900389e+00
1.711501911830859157e+01 2.952350159587001865e+00 7.976400670479617538e+00
1.736302561960456714e+01 3.060997847182057807e+00 8.117822601375232594e+00
1.586459605209605250e+01 2.544334929203350359e+00 7.543708362787310051e+00
1.155548995351627006e+01 8.770992652571599768e-01 5.897443930338667428e+00
1.069593053145684713e+01 9.308126084441873394e-01 5.437192072060493153e+00
1.009992931045562692e+01 1.007562977957714878e+00 5.226090064905854149e+00
1.017267126148705181e+01 1.039027858106805535e+00 5.226215913715913430e+00
1.042079022342180217e+01 1.091889713600239897e+00 5.342518957650536748e+00
1.050597514084356199e+01 1.107187038108090826e+00 5.325814536340852001e+00
1.061674485358695819e+01 1.127878456825825326e+00 5.454434697855750080e+00
1.120313738405843651e+01 1.285189469399995676e+00 5.617162564530985946e+00
1.170002597305228953e+01 1.381572253282779661e+00 5.738140757877600251e+00
1.184723694921063419e+01 1.428351862562388774e+00 5.721757652678705064e+00
1.182533256217466722e+01 1.455636955636955721e+00 5.798269712743397086e+00
1.195013977250819437e+01 1.494181500760448200e+00 5.778717627401838364e+00
1.240262113617376727e+01 1.630610982584666857e+00 6.061150472334682959e+00
1.299378387207334562e+01 1.769756924362187567e+00 6.236183407236039145e+00
1.332150354518775615e+01 1.898972859499175270e+00 6.330734689287321082e+00
1.380101696549064982e+01 2.036584516847674831e+00 6.465862840862841132e+00
1.435984325129062000e+01 2.188837478311162599e+00 6.682085823533191693e+00
1.463959980078401202e+01 2.272366278945226359e+00 6.898431977379345881e+00
1.489859932952038157e+01 2.291034744982113569e+00 7.007718280744596129e+00
1.530048679390784727e+01 2.429283679283679387e+00 7.134905907932223457e+00
1.558584093781462165e+01 2.546665809823704496e+00 7.269657851894693934e+00
1.597953885782833083e+01 2.611965276438960704e+00 7.394203992888203736e+00
1.635312105048947018e+01 2.751309363151468457e+00 7.582374740269477442e+00
1.669509510956879339e+01 2.865336417967996763e+00 7.763823286849602212e+00
1.766724771330034471e+01 3.105472013366750161e+00 8.196411166805903648e+00
1.808559057901163314e+01 3.128598740440845738e+00 8.418202289912816383e+00
1.856505847953216204e+01 3.194519418203628724e+00 8.431247724010882294e+00
1.884960799434483647e+01 3.305637223400381242e+00 8.715864179679968515e+00
1.888773348970717336e+01 3.441014394961763312e+00 8.736329338303022496e+00
1.524766911937964586e+01 2.099617366064734370e+00 7.507837435469014054e+00
1.290835127348285205e+01 1.413707880813144024e+00 6.653997440181650624e+00
1.228127342929974475e+01 1.385299520167941223e+00 6.401398796135638669e+00
1.201677939506886794e+01 1.344197834329413199e+00 6.213315071867703487e+00
1.183841280551806818e+01 1.312811944390891661e+00 5.989430038772144194e+00
1.177018400702611167e+01 1.339005901505901486e+00 5.938166730929888892e+00
1.164041112396375510e+01 1.333198112803375857e+00 5.819373487136645373e+00
1.149861432427221963e+01 1.321081817792344015e+00 5.772798716877664660e+00
1.192197373776321179e+01 1.405905254589465025e+00 5.797933669644195653e+00
1.212696002827581765e+01 1.528689512242143778e+00 5.841624627808838177e+00
1.204954292783240177e+01 1.501960028275817649e+00 5.906826360773728801e+00
1.209792777884883108e+01 1.493039489750016102e+00 5.959166077587130239e+00
1.228758996851102125e+01 1.567954340980656669e+00 5.924725006961849338e+00
1.282970513891566533e+01 1.726795621532463576e+00 6.138021335389756139e+00
1.348375345414819115e+01 1.904338838549364921e+00 6.389032142321616092e+00
1.410166843390527625e+01 2.073395293790030625e+00 6.539466990124885193e+00
1.467516681661418509e+01 2.231011556669451501e+00 6.733203200308463643e+00
1.508796697941434850e+01 2.346169911959385512e+00 6.972763104342051932e+00
1.541469592785382225e+01 2.423985979907032462e+00 7.221750958593063707e+00
1.574606521645995372e+01 2.511330409356725024e+00 7.326094349120665150e+00
1.608208555576976551e+01 2.609216684874579695e+00 7.474875757770494289e+00
1.636222099051046541e+01 2.671481053060000388e+00 7.636022481417218621e+00
1.659527825975194304e+01 2.761650386650386757e+00 7.607552535184114006e+00
1.689970787010260622e+01 2.809167684167684254e+00 7.817038590064905534e+00
1.731388567572778214e+01 2.937402266349634861e+00 8.071388406914723035e+00
1.774491115609536607e+01 3.076343369106527170e+00 8.214916297153139979e+00
1.801893087419403372e+01 3.187182700340595254e+00 8.326458507379559393e+00
1.739597926440031728e+01 2.975194396247027750e+00 8.151527322579953605e+00
1.331649369149369200e+01 1.515508857614120686e+00 6.580401323822376192e+00
1.175922043356253965e+01 1.242131771737034818e+00 5.911853619090461365e+00
1.135465399610136394e+01 1.206094831094831177e+00 5.634244532270847650e+00
1.137687300516247824e+01 1.271098419124734979e+00 5.534813261786945660e+00
1.153363108626266609e+01 1.343535119850909343e+00 5.596753636227320250e+00
1.154989771437139900e+01 1.344187123792387029e+00 5.604026090868195809e+00
1.153714414240729980e+01 1.331554045369834904e+00 5.557988186277659892e+00
1.189807719084034865e+01 1.438647366278945183e+00 5.787506961849067544e+00
1.227185485080221916e+01 1.500188773215088922e+00 5.897127969496390953e+00
1.225648656898656874e+01 1.472370830923462437e+00 5.928590172011224624e+00
1.210315585973480701e+01 1.434862530257267066e+00 5.903980035558983097e+00
1.220107025041235538e+01 1.477845254161043620e+00 5.887728134438661165e+00
1.268650659769080846e+01 1.611697513013302441e+00 5.953951384872437913e+00
1.327281210504894737e+01 1.824731433284064952e+00 6.135623513912987548e+00
1.380764812672707365e+01 2.026919595998543322e+00 6.404415151125677497e+00
1.445962796949639007e+01 2.203982177666388154e+00 6.585685635027740403e+00
1.511232675706359885e+01 2.319828684960263843e+00 6.874736253025726995e+00
1.551121393226656409e+01 2.453299380930960005e+00 7.119895090289826811e+00
1.590295316282158389e+01 2.586796853244221595e+00 7.327421116894800690e+00
1.626334666795193229e+01 2.687487950645845558e+00 7.426741265557055272e+00
1.657874119058329754e+01 2.749839341944605220e+00 7.632174720990510863e+00
1.702175979478611012e+01 2.899298192061349866e+00 7.836215806610543844e+00
1.740669247906090078e+01 3.043270569586359109e+00 8.059620204357045736e+00
1.773663726624252845e+01 3.118766467450678093e+00 8.274003652293126621e+00
1.810902791165949210e+01 3.245717124006597842e+00 8.467081164449584918e+00
1.854658815843026431e+01 3.408929642482274147e+00 8.711762043998886540e+00
1.880937386200544026e+01 3.485121725253303993e+00 8.862582471135102224e+00
1.694797758284600420e+01 2.892859820491399336e+00 7.929157830473619661e+00
1.271319056187477159e+01 1.442575455733350553e+00 6.123551399867189104e+00
1.158410315318210060e+01 1.099699033909560253e+00 5.619680879549300734e+00
1.155440952809373911e+01 1.134790769659190790e+00 5.621642246642246654e+00
1.156418021549600539e+01 1.153428442902127093e+00 5.629969689180215120e+00
1.168193855364907918e+01 1.235651896836107433e+00 5.687024719919456572e+00
1.174106607330291574e+01 1.293708362787310051e+00 5.803765557055030833e+00
1.163936149133517617e+01 1.267020382151961000e+00 5.726122196516933549e+00
1.188015042949253441e+01 1.381380802433433974e+00 5.781193100272047580e+00
1.227625554270291097e+01 1.471124392177023843e+00 5.958174014095066973e+00
1.241290459053617035e+01 1.526824539982434725e+00 5.950040700040699626e+00
1.240641668273247156e+01 1.566262076130497283e+00 5.903747081378660333e+00
1.258590252340252391e+01 1.613455379902748232e+00 5.926821594584752440e+00
1.308119524237945264e+01 1.734398764004027260e+00 6.083483280851702091e+00
1.375117012617012691e+01 1.930886243386243484e+00 6.327494751836857390e+00
1.425785885654306639e+01 2.078802776171197131e+00 6.540845971767024203e+00
1.471538622196516855e+01 2.208431066983698621e+00 6.761152346678662717e+00
1.506324839877471433e+01 2.345471049418417664e+00 6.942659801212433202e+00
1.537826805261015828e+01 2.449158419553156385e+00 7.060272208298523644e+00
1.573593572606730540e+01 2.529950677976993578e+00 7.331139012060064353e+00
1.609046922862712492e+01 2.642194428378638715e+00 7.478501274553906342e+00
1.643905436668594433e+01 2.724209026840605841e+00 7.609602264207527611e+00
1.671171116894801045e+01 2.795646969989075359e+00 7.777405586616112920e+00
1.705628788852473221e+01 2.888227513227513032e+00 7.902922370027632759e+00
1.722464012595591498e+01 2.947344322344322531e+00 7.975703146755778405e+00
1.751146295225242611e+01 3.043927928796349658e+00 8.049904408457040361e+00
1.768381825289720055e+01 3.148966165413533691e+00 8.140305357410619891e+00
1.790412462780883729e+01 3.197023006233532527e+00 8.262240805003962407e+00
1.832663389242336649e+01 3.326382194803247483e+00 8.495762643788959068e+00
1.861348081742818650e+01 3.399630218709166041e+00 8.594104117130433096e+00
1.655283641796799543e+01 2.557769959085748557e+00 7.632174720990510863e+00
1.198095800398431976e+01 9.760820320030846320e-01 6.001326767774136428e+00
1.096459096459096472e+01 1.003711201079622084e+00 5.564691643639012142e+00
1.065266397832187373e+01 1.080819034766403286e+00 5.333637244821455070e+00
1.090862840862840777e+01 1.130731476126213053e+00 5.299825418246470576e+00
1.124148244542981345e+01 1.240600164942270212e+00 5.516779395068868830e+00
1.140894704710494167e+01 1.248318445686866784e+00 5.553962363172889383e+00
1.138579488250540805e+01 1.247088072745967446e+00 5.566225928068033291e+00
1.165987618619197619e+01 1.300567122935543996e+00 5.649026412184307233e+00
1.199130036630036678e+01 1.389866225392541121e+00 5.755562785168048201e+00
1.203697411263200756e+01 1.424154670865197092e+00 5.807990863911916435e+00
1.208442045284150623e+01 1.462649679754942866e+00 5.907617601696548704e+00
1.234054018593492330e+01 1.565943437653964043e+00 6.026519289677183977e+00
1.299278645331276927e+01 1.768004412741254860e+00 6.138654595891438248e+00
1.383691065270012643e+01 1.984803086776770975e+00 6.508994173467857358e+00
1.476069045476940289e+01 2.214208062892273343e+00 6.850384508279245388e+00
1.545668658826553532e+01 2.443892851787588416e+00 7.179364008311376999e+00
1.597056476661739843e+01 2.594959621275410910e+00 7.400058640190219528e+00
1.655555689437268541e+01 2.716616594906068549e+00 7.624955819034766158e+00
1.697879581432212959e+01 2.850600057836899737e+00 7.914861941177730564e+00
1.733614083285135976e+01 2.961743300559089853e+00 7.965431741747531547e+00
1.769582074845232711e+01 3.105530921320394988e+00 8.170807628044469695e+00
1.806427393269498438e+01 3.260998382708908849e+00 8.474079161579162189e+00
1.840219271469271334e+01 3.336119411777306532e+00 8.658944369470685132e+00
1.859062453141400439e+01 3.400894062078272384e+00 8.695448557290662350e+00
1.873064472077630072e+01 3.438828106591264699e+00 8.694331983805668074e+00
1.880667212904054963e+01 3.448094059936165134e+00 8.784674024805603665e+00
1.907420527815264677e+01 3.479632575027312047e+00 8.890246449456975952e+00
1.900635268727373983e+01 3.416617130432920035e+00 8.941005023241865857e+00
1.508798572285414430e+01 2.043752543752543893e+00 7.089511974380395820e+00
1.163663432084484661e+01 1.414966368913737282e+00 5.684510421352526599e+00
1.132736622539254157e+01 1.199811762311762342e+00 5.649958228905597402e+00
1.153089320523531036e+01 1.246183032367242927e+00 5.693862058993637731e+00
1.177077710301394475e+01 1.378561253561253475e+00 5.825436989910674157e+00
1.195547228113017546e+01 1.461426000899685107e+00 5.850899952873636956e+00
1.212224605316710502e+01 1.523577908446329454e+00 5.912057119293961271e+00
1.243175647451963250e+01 1.613452702268491690e+00 6.037768031189084006e+00
1.300451449135659665e+01 1.762649144228091602e+00 6.230621960885119215e+00
1.314393221301116021e+01 1.845907503802240557e+00 6.318203360966518467e+00
1.311499234196602615e+01 1.821445976051239146e+00 6.362970728102307127e+00
1.315203205663731900e+01 1.834743107769423620e+00 6.323438135938135751e+00
1.347248730801362449e+01 1.945950613713771649e+00 6.399370488186277406e+00
1.402341992802519144e+01 2.095591542959963860e+00 6.636440192361244605e+00
1.475399101385943545e+01 2.260043806096437624e+00 6.871772111903690750e+00
1.529259848338795713e+01 2.413806953280637657e+00 7.188726356489514302e+00
1.581885402609086810e+01 2.537126737784632713e+00 7.411016858385279349e+00
1.627996674378253417e+01 2.687225542488700381e+00 7.640990831780305470e+00
1.660047420902684223e+01 2.777439057044320148e+00 7.749290426922005537e+00
1.677207843326264225e+01 2.841362219651693444e+00 7.859280948096737163e+00
1.708422096908939025e+01 2.921419467472099019e+00 7.948171711329606204e+00
1.732090509393140820e+01 3.005436936357988920e+00 8.092324829166933853e+00
1.764305662660925833e+01 3.101408703382387611e+00 8.301148169569222190e+00
1.813382012724117942e+01 3.275983762825867895e+00 8.461618790566159731e+00
1.868462823725981536e+01 3.428967718441402468e+00 8.740365871944819176e+00
1.884803220658483980e+01 3.525034541481909756e+00 8.780839652550179508e+00
1.626991892123471217e+01 2.472253015016173006e+00 7.722697502302765749e+00
1.210014218237902384e+01 1.044233179101600184e+00 6.123795064584538039e+00
1.101672450356660882e+01 9.803916843390527713e-01 5.746934108776214245e+00
1.064984041299830686e+01 1.073482316903369593e+00 5.385798898956793757e+00
1.083010946168840860e+01 1.137339877471456484e+00 5.301794818242187013e+00
1.111921631000578436e+01 1.169305475226527946e+00 5.524470899470899532e+00
1.119334795321637444e+01 1.185656448814343511e+00 5.567144356618040746e+00
1.133194497997129524e+01 1.240649701176016917e+00 5.729147923226870276e+00
1.204965271083692180e+01 1.455871248634406534e+00 5.855548325943062515e+00
1.235964510635563229e+01 1.559300227063384892e+00 5.908238812844076371e+00
1.231164985112353527e+01 1.543286635391898587e+00 5.907938917807339152e+00
1.209927195124563504e+01 1.474233125548914947e+00 5.795531831716042248e+00
1.210905736563631230e+01 1.505944348049611303e+00 5.824659137159136968e+00
1.235516542424437247e+01 1.554781719255403427e+00 5.954881862776599810e+00
1.274607592699697989e+01 1.647326114431377553e+00 6.074058008268534259e+00
1.312123256860098941e+01 1.789509832272990097e+00 6.217992898913951905e+00
1.357454399888610475e+01 1.942263511342458671e+00 6.368044845018529188e+00
1.416558356360987858e+01 2.120312801233853683e+00 6.613986890302680166e+00
1.463642412655570624e+01 2.245439988861041680e+00 6.819144549407707423e+00
1.508249121735963882e+01 2.327311333890281109e+00 6.985439024912708739e+00
1.536330409356725113e+01 2.442151050703682102e+00 7.015808752650857905e+00
1.563776160486686884e+01 2.491621682411155891e+00 7.311870755949703593e+00
1.600336310862626732e+01 2.608563342115973516e+00 7.424280519675256151e+00
1.638900268834479235e+01 2.750970642418010925e+00 7.579551174945911463e+00
1.664870643489064506e+01 2.852491806439174660e+00 7.822724546408757362e+00
1.694026064091853456e+01 2.903151307756570709e+00 7.905905254589464803e+00
1.733538306235674753e+01 3.039251440567229956e+00 8.121847085662874832e+00
1.758878499667973472e+01 3.095363944048154625e+00 8.130952380952381375e+00
1.546366316432105847e+01 2.294735235524709260e+00 7.260628869181500633e+00
1.121666479232268721e+01 9.314338195917143404e-01 5.614056508793351163e+00
1.056136334425808165e+01 9.335839598997494049e-01 5.313635316924790963e+00
1.034193924983398638e+01 9.367261636998479579e-01 5.241110254268148694e+00
1.053508102521260348e+01 1.027738952081057366e+00 5.349048368785211061e+00
1.079938360859413571e+01 1.116499850052481646e+00 5.324685913501703283e+00
1.088200469121521685e+01 1.103761005076794532e+00 5.480411766595977063e+00
1.084000465908360589e+01 1.227936293725767403e+00 5.361903690851058890e+00
1.133904874365400595e+01 1.267233254075359250e+00 5.631595013173960496e+00
1.163478675320780553e+01 1.321897157423473246e+00 5.764602478418267673e+00
1.163374247584773968e+01 1.323044523702418429e+00 5.826854797249533924e+00
1.153440492256281757e+01 1.328939335518282805e+00 5.727349891823576122e+00
1.173149486965276367e+01 1.402204764046869334e+00 5.752242518689887341e+00
1.242279978793136763e+01 1.612677527151211265e+00 5.991232086626823161e+00
1.345071948032474296e+01 1.926627466101150210e+00 6.433237206263521912e+00
1.431481883126619969e+01 2.176572574598890419e+00 6.795095377332219577e+00
1.493300692971745569e+01 2.363251879699248104e+00 7.061104952552320846e+00
1.563985685367264367e+01 2.561047383415804291e+00 7.279148726517147949e+00
1.650141379088747584e+01 2.780814215024741465e+00 7.681617237538290510e+00
1.725282088768931033e+01 2.988030974873080226e+00 7.939328824197245282e+00
1.767773734550050335e+01 3.129537251247777707e+00 8.279844911423857923e+00
1.805015342844290060e+01 3.234588876036244454e+00 8.463643082064134404e+00
1.833473507486665355e+01 3.345480421138316007e+00 8.530160872266135286e+00
1.852830661054345285e+01 3.391657562710194362e+00 8.728916307863675783e+00
1.873168899813636656e+01 3.505938992781098218e+00 8.703994227020542596e+00
1.869941145599040411e+01 3.495386436175909939e+00 8.696515594541910588e+00
1.639357073238652163e+01 2.622572724546408551e+00 7.879035194824668409e+00
1.295729842769316420e+01 1.397277917014759119e+00 6.595373315768052969e+00
1.188469169719169649e+01 1.250546237388342696e+00 5.959714992609729478e+00
1.164890324100850449e+01 1.307676241886768231e+00 5.830290202000727895e+00
1.185853388813915110e+01 1.420320298609772269e+00 5.774983666431034557e+00
1.220905495576548283e+01 1.499531414005098151e+00 5.866258862969389476e+00
1.235441434783539982e+01 1.576534819955872635e+00 5.992542788595420333e+00
1.296418396418396490e+01 1.789847214189319358e+00 6.257026112289270081e+00
1.454604861512756209e+01 2.266010914037229984e+00 6.825589615063298865e+00
1.495023616734142990e+01 2.338843904633378212e+00 7.075226795621532894e+00
1.484815805539489730e+01 2.333262376025533769e+00 7.139838110232846979e+00
1.470506929717456046e+01 2.323543902491270963e+00 7.006129104813314967e+00
1.468492277702804039e+01 2.318144453012874084e+00 7.067046622967675162e+00
1.477386307649465458e+01 2.347041481909903027e+00 6.970298342008867998e+00
1.499876694942484434e+01 2.376103185313711563e+00 7.095501842212368793e+00
1.532346357346357379e+01 2.456272893772893706e+00 7.145919017629544179e+00
1.567892353747616951e+01 2.562446447314868259e+00 7.455410695542274091e+00
1.624841484052010543e+01 2.711966883019514718e+00 7.656588051324893840e+00
1.695863992245571339e+01 2.885737313368892387e+00 7.891039029196924126e+00
1.742496867167919916e+01 3.009465437097015972e+00 8.118151950388792670e+00
1.765102794379110307e+01 3.068172568172568226e+00 8.269779684253368401e+00
1.786878253325621912e+01 3.147950003213161096e+00 8.416543495490863336e+00
1.824699301672985996e+01 3.201331319752372284e+00 8.563579086605402679e+00
1.864923125120493452e+01 3.373908864040442879e+00 8.700833279780647800e+00
1.851951459846196713e+01 3.366324465008675659e+00 8.669238534370112603e+00
1.510352269562795868e+01 2.064419863761969065e+00 7.205300912537754954e+00
1.275938778570357535e+01 1.445060300323458113e+00 6.343469517811622715e+00
1.165009478825268374e+01 1.272378328299381023e+00 5.758303343829659582e+00
1.145274243300559114e+01 1.316829734592892542e+00 5.611236959921170886e+00
1.153041123106912558e+01 1.364119433198380582e+00 5.628230565730565793e+00
1.138942843219158974e+01 1.321831555384187062e+00 5.637066758777285358e+00
1.120884476147634068e+01 1.245207034680718916e+00 5.536164128269391860e+00
1.140710349591928541e+01 1.319086980271190868e+00 5.666918364286785526e+00
1.201548877535719662e+01 1.473326746353062155e+00 5.869244425165478063e+00
1.211327062313904435e+01 1.524177698519803892e+00 5.807219705246020602e+00
1.210598745796114173e+01 1.528495383758541548e+00 5.953946029603923940e+00
1.221891668273247156e+01 1.552034466508150690e+00 5.983575391470128402e+00
1.232090509393140998e+01 1.613691011717327539e+00 6.013738941370520230e+00
1.265176295439453291e+01 1.700615052588736908e+00 6.117107673028725934e+00
1.326746620825568179e+01 1.870730512177880556e+00 6.300920570657412512e+00
1.375649326307221010e+01 2.035091735749630537e+00 6.507513441723967951e+00
1.444591312683417961e+01 2.288482959535591110e+00 6.672063438510806854e+00
1.486726565344986462e+01 2.325597647966068937e+00 7.021173392883919284e+00
1.520177714585609330e+01 2.414536608615556190e+00 7.209536929931666727e+00
1.538145042092410542e+01 2.512366653814022133e+00 7.408083510057194232e+00
1.535094279502174253e+01 2.510308891887839344e+00 7.315260640918535451e+00
1.554527076237602579e+01 2.608073335047019103e+00 7.408952402373454760e+00
1.581844434804961175e+01 2.689692982456140413e+00 7.458906347064242048e+00
1.605418059036480116e+01 2.789453601953602035e+00 7.575482509693036270e+00
1.632721895550842817e+01 2.892665692007797329e+00 7.728030010924747728e+00
1.680011192511192419e+01 3.037841666131139817e+00 7.889081678555363020e+00
1.686877985562196258e+01 3.038367821262558000e+00 7.967466743782533278e+00
1.332344215238952145e+01 1.581986483302272761e+00 6.492343304843305241e+00
1.120650584795321691e+01 9.916712186449028188e-01 5.722358781569307773e+00
1.028539296960349603e+01 9.312637898164214389e-01 5.338716717006191104e+00
1.005220583510057253e+01 9.887392091339459732e-01 5.163021067626330840e+00
1.014215694149904756e+01 1.043682925261872674e+00 5.174841484052010721e+00
1.029327056958635822e+01 1.060995169547801042e+00 5.274561939035622871e+00
1.034660101107469465e+01 1.078110607715870861e+00 5.298664663796242458e+00
1.054153412377096544e+01 1.143798331298331306e+00 5.342830902041428409e+00
1.135133239080607481e+01 1.311117001906475510e+00 5.525288916736284861e+00
1.184601327035537643e+01 1.465165317139001333e+00 5.825691365165049262e+00
1.189145004605530964e+01 1.425568461752672267e+00 5.896288531156952395e+00
1.188418562431720282e+01 1.449736788552578037e+00 5.778554291712186597e+00
1.215293174174753155e+01 1.557061724824882809e+00 5.873355932566458826e+00
1.264353458432405830e+01 1.693066801619433237e+00 6.076881573592100239e+00
1.310036844247370524e+01 1.826145224171539905e+00 6.317642396589764786e+00
1.369788654328127997e+01 2.007659372790951746e+00 6.571178212625580883e+00
1.441708437761069383e+01 2.238389777863462271e+00 6.841075712786238938e+00
1.487216170768802392e+01 2.387319795214532192e+00 7.132699537304800330e+00
1.531998666538140164e+01 2.498376014823383340e+00 7.212957607694449713e+00
1.578044336268020409e+01 2.633394383394383365e+00 7.514428432191589735e+00
1.627546430178009018e+01 2.775649058543795178e+00 7.708029421845211004e+00
1.650040566158987332e+01 2.834492748966433329e+00 7.875369513527408216e+00
1.674801319538161692e+01 2.963928250112460638e+00 8.027803215303215723e+00
1.710177553927553973e+01 3.066100079257974009e+00 8.165255553413448553e+00
1.766959064327485507e+01 3.258336814257866809e+00 8.381017982991666671e+00
1.804448889317310289e+01 3.356476126212968314e+00 8.535504091425144324e+00
1.671439148083884874e+01 2.787398517661675346e+00 7.968497632971317302e+00
1.314860200715463812e+01 1.473581121607437483e+00 6.602523938050254060e+00
1.216251097830045147e+01 1.362870316817685223e+00 6.120480153374890264e+00
1.162245624745624717e+01 1.356982199087462204e+00 5.748310412784096712e+00
1.149089604352762173e+01 1.370152143178458903e+00 5.724032302979671805e+00
1.142810552021078330e+01 1.382972655998971678e+00 5.704606066448171475e+00
1.125398565859092237e+01 1.299706263522053096e+00 5.664064006169269305e+00
1.105916902298481297e+01 1.235151179230126628e+00 5.560771587087376844e+00
1.118962604159972507e+01 1.251507508086455500e+00 5.658066105434526705e+00
1.138938425122635678e+01 1.326704849731165536e+00 5.765637384058436510e+00
1.142864238587922721e+01 1.319040121671700705e+00 5.728080885975622927e+00
1.141501322751322789e+01 1.306801994301994396e+00 5.753786174838806389e+00
1.177936829252618800e+01 1.438504112846218153e+00 5.827212261422787698e+00
1.256752993595098822e+01 1.722986686802476353e+00 6.111850138165928037e+00
1.288252816871237982e+01 1.769110275689222966e+00 6.357082610372083664e+00
1.287153915772336887e+01 1.782293607951502601e+00 6.263164588822483836e+00
