1.895409886874321970e+01 4.145043648948809611e+00 1.113063433028565541e+01
1.894768453949067677e+01 4.144027325791621585e+00 1.111235730151350865e+01
1.891764037398625931e+01 4.146603646882587313e+00 1.106530812541970121e+01
1.869034170153416952e+01 4.010079291285706837e+00 1.069106746216230164e+01
1.811871997520533029e+01 3.623294075107185375e+00 1.016293971796063822e+01
1.776418074280696402e+01 3.540437264321504074e+00 9.657797406890852088e+00
1.777109225683144800e+01 3.566658918332558326e+00 9.350191125574667694e+00
1.831338008161578657e+01 3.790769151299137274e+00 9.598677617645540394e+00
1.884652745493052350e+01 3.995176662017666303e+00 1.002849837284983714e+01
1.945302959863629155e+01 4.211058164161372019e+00 1.040315486337104112e+01
2.005988558293300272e+01 4.442379513404618230e+00 1.086906606746216220e+01
2.059025388708094439e+01 4.684886874322020667e+00 1.107420192158685879e+01
2.105527661552766006e+01 4.793572756857275685e+00 1.127949403378273630e+01
2.123224727516917198e+01 4.821763779120822768e+00 1.150178986517898672e+01
2.150077870757787224e+01 4.914318921431892306e+00 1.168843044578748902e+01
2.183541505243039538e+01 5.081455653701120845e+00 1.189604964099385320e+01
2.228486879487576999e+01 5.260865747197685849e+00 1.226171548117154764e+01
2.212057311844620244e+01 5.160105119066067836e+00 1.204814169120305856e+01
1.726894855106152349e+01 2.908413399452451031e+00 9.287233328167777913e+00
1.427237331473733128e+01 1.882685056046283334e+00 7.530788005578800792e+00
1.332840022728446705e+01 1.793253783769822807e+00 7.045190867296864390e+00
1.301711090448886843e+01 1.835585515780773891e+00 6.778212975876853008e+00
1.319012474817914082e+01 1.932173665995144285e+00 6.878160028927114311e+00
1.338367813420114594e+01 2.022403016684746202e+00 6.919596828348571371e+00
1.351201508342373003e+01 2.092861201508342539e+00 7.076526421819308688e+00
1.390000645694509096e+01 2.257060023761558121e+00 7.169961000051655375e+00
1.483405780257244722e+01 2.600404204762642557e+00 7.573019009246345412e+00
1.525235936773593615e+01 2.739170411694818785e+00 7.825774833410816811e+00
1.539351464435146433e+01 2.809425848442584694e+00 7.897390102794565436e+00
1.566557802572446967e+01 2.870539542331731919e+00 8.064060643628286229e+00
1.636957100056821091e+01 3.073996590732992473e+00 8.412162301771786588e+00
1.768317965804018854e+01 3.505398006095356234e+00 9.214129087246242023e+00
1.906399994834443845e+01 3.980794462523890687e+00 1.017279430755720782e+01
2.010064311173097806e+01 4.347174440828554864e+00 1.079148070664806980e+01
2.121155534893331307e+01 4.875399039206570251e+00 1.150611601838937936e+01
2.253953329200888334e+01 5.349712020248979627e+00 1.256481868898186960e+01
2.333540472131824828e+01 5.712842863784286074e+00 1.330384317371765057e+01
2.412001652977943067e+01 6.064423523942352290e+00 1.384747404308073726e+01
2.455202748075830499e+01 6.123758975153675621e+00 1.436674673278578496e+01
2.473734826179038038e+01 6.176711090448886665e+00 1.443641975308641889e+01
2.495768247326824607e+01 6.231468567591301522e+00 1.474788857895552496e+01
2.528908776279766357e+01 6.486853659796476990e+00 1.472385195516297252e+01
2.478924531225786509e+01 6.113998656955421218e+00 1.444849682318301554e+01
1.926751769202954634e+01 3.753451882845188159e+00 1.045856707474559677e+01
1.826919649775298282e+01 3.598501988739087665e+00 9.906294230073868334e+00
1.802460870912753776e+01 3.645393615372694907e+00 9.608197737486440460e+00
1.829058835683661499e+01 3.797564440311999689e+00 9.743327392943850640e+00
1.903180949429205882e+01 4.074517020507257392e+00 1.029629113074022406e+01
1.965368433286843342e+01 4.293549511854950929e+00 1.084038690014980055e+01
1.994179838834650553e+01 4.462935843793584212e+00 1.099420295469807307e+01
2.068300273774471876e+01 4.815039516503951234e+00 1.147809545947621324e+01
2.112163593160803643e+01 4.919654940854383263e+00 1.187389715377860355e+01
2.095672167983883583e+01 4.785287204917609394e+00 1.163720362622036220e+01
2.042127821685004463e+01 4.572147321659176811e+00 1.113957849062451544e+01
2.028897282917506217e+01 4.521562322434010461e+00 1.103306730719561912e+01
2.066575494601993768e+01 4.664406735885117783e+00 1.145318198254042130e+01
2.123190247430135713e+01 4.973185598429671117e+00 1.195285913528591415e+01
2.175933674260033968e+01 5.217224546722454726e+00 1.242020894674311648e+01
2.215999276822149966e+01 5.347855002841055416e+00 1.272999896688878607e+01
2.229180613668061284e+01 5.389716669249445147e+00 1.282674854073041004e+01
2.259846712123560053e+01 5.481906348468412737e+00 1.273136396508084012e+01
2.303063562167467282e+01 5.483344955834495771e+00 1.296285965184152111e+01
2.336685133529624636e+01 5.629295159873960230e+00 1.336687587168758640e+01
2.358669481894725806e+01 5.671892918022624741e+00 1.363156800454568973e+01
2.208764269848649064e+01 4.800845859806807781e+00 1.245587194586497226e+01
1.654932202076553693e+01 2.880697608347538630e+00 9.211432666976600458e+00
1.503911359057802599e+01 2.481645487886770862e+00 8.486935017304613638e+00
1.435678366651169924e+01 2.259456841779017733e+00 8.159082338963790093e+00
1.420874528643008361e+01 2.322848545895965788e+00 7.915655509065550710e+00
1.424093832326049913e+01 2.365147993181465846e+00 7.755874528643008858e+00
1.430078903869001472e+01 2.438979286120150913e+00 7.703760524820497224e+00
1.440569760834753943e+01 2.515147993181466202e+00 7.689330543933054152e+00
1.493521617852161754e+01 2.694095769409576846e+00 7.898412882896844067e+00
1.520136887235910983e+01 2.809307040652926357e+00 7.956075985329820632e+00
1.529254351980990734e+01 2.833552869466398061e+00 7.949488609948860862e+00
1.532806317475076163e+01 2.847448215300377061e+00 8.011490779482411284e+00
1.563523554935688864e+01 2.917357559791311505e+00 8.153463505346350004e+00
1.644676894467689365e+01 3.111900149801126059e+00 8.492205175887184154e+00
1.758124903145823481e+01 3.550157549460199569e+00 9.137228162611705784e+00
1.879049150266026302e+01 3.975693475902680962e+00 9.959968231830156782e+00
1.984387623327651085e+01 4.350440363655147635e+00 1.055171883878299433e+01
2.063127356784957911e+01 4.636807169791827832e+00 1.105958339790278444e+01
2.120904747146030189e+01 4.821910997468877191e+00 1.147828916782891717e+01
2.162583682008368058e+01 4.921377653804432484e+00 1.183503925822614811e+01
2.223736117568056159e+01 5.187632367374347631e+00 1.214391497494705341e+01
2.272234232140089816e+01 5.378769564543623538e+00 1.256596544242987790e+01
2.315481429825920756e+01 5.501175164006405716e+00 1.282557079394596755e+01
2.359480086781341868e+01 5.721709540782065062e+00 1.315588227697711687e+01
2.435806730719561841e+01 6.036804587013792300e+00 1.363622217056666130e+01
2.452309778397644635e+01 6.055134562735678294e+00 1.387793791001601384e+01
2.072723022883413435e+01 3.891178521617852049e+00 1.121340074384007401e+01
1.728782994989410682e+01 2.925446820600237530e+00 9.190036933725915347e+00
1.663711710315615377e+01 2.837452864300841870e+00 8.724195464641768538e+00
1.636785861873030612e+01 2.911167932227904487e+00 8.399559636344852365e+00
1.638137687897102168e+01 2.989451934500749086e+00 8.396070303218142072e+00
1.642159073299240646e+01 2.981850818740637621e+00 8.425277648638875405e+00
1.636111111111111072e+01 3.005613668061366983e+00 8.349847616095873448e+00
1.646145203781187050e+01 3.019386331938633372e+00 8.327390361072369629e+00
1.718714034815847924e+01 3.228912908724624220e+00 8.694479311947931777e+00
1.743003512578129133e+01 3.378457048401260376e+00 8.843515935740482448e+00
1.745010460251046069e+01 3.380000258277803482e+00 8.969572291957229382e+00
1.763044707887804208e+01 3.476783408233896200e+00 9.104854331318765759e+00
1.816186399090862125e+01 3.589222067255540161e+00 9.295747455963635275e+00
1.906000180794462651e+01 3.948039671470633838e+00 9.892450539800609732e+00
2.001208998398677608e+01 4.319124179967973376e+00 1.038380856449196799e+01
2.064397437884188236e+01 4.591432925254403941e+00 1.098865773025466197e+01
2.112983108631644313e+01 4.797228679167312215e+00 1.132369957125884596e+01
2.187005268867193664e+01 5.013772663877266389e+00 1.187680277906916615e+01
2.260069864145875229e+01 5.330372178314995324e+00 1.237520533085386631e+01
2.331266465209979799e+01 5.635149026292680219e+00 1.280663903094167999e+01
2.386240250012913933e+01 5.820454310656542063e+00 1.338871067720440067e+01
2.461061392633916967e+01 6.101478640425641586e+00 1.390552197944108670e+01
2.556504209928198890e+01 6.409657007076812185e+00 1.496038147631592530e+01
2.695531664858722110e+01 7.006704891781600608e+00 1.626165736866573752e+01
2.732534609225683297e+01 7.139444186166640449e+00 1.646502660261377216e+01
2.284206570587323881e+01 4.797206725554006290e+00 1.270385479621881331e+01
1.907065576734335366e+01 3.407846479673537043e+00 1.039490417893486196e+01
1.833023658246810328e+01 3.374826953871584490e+00 9.765625807118135882e+00
1.816463014618523530e+01 3.517090242264580002e+00 9.512476109303166893e+00
1.856382690221602516e+01 3.728936153726948532e+00 9.685923859703496674e+00
1.911067720440105333e+01 4.094016994679477328e+00 1.004763546670799101e+01
1.874103130326979638e+01 3.898202386486905535e+00 9.891971434474921665e+00
1.911849914768324865e+01 4.050260860581641253e+00 1.014744821530037733e+01
1.940995015238390309e+01 4.160097370731959288e+00 1.055797561857533928e+01
1.948025982747042661e+01 4.132936876904798496e+00 1.066203445425900043e+01
1.939955059662172587e+01 4.171189111007800321e+00 1.038250426158375994e+01
1.949199597086626312e+01 4.260514489384782166e+00 1.040149284570484056e+01
1.978573402551784710e+01 4.365997727155328079e+00 1.063410945813316744e+01
2.021153468670902598e+01 4.574023709902371060e+00 1.096741696368614072e+01
2.078861511441706611e+01 4.807363500180794169e+00 1.137020119840900811e+01
2.123464409318663115e+01 4.904988635776641459e+00 1.172825042615837532e+01
2.117688413657730351e+01 4.841061005217211388e+00 1.157856681646779329e+01
2.083691822924737735e+01 4.654182809029392409e+00 1.123922206725553963e+01
2.083304147941525741e+01 4.664624980629164419e+00 1.122914923291492251e+01
2.114243504313239441e+01 4.811428792809546273e+00 1.139460328529366251e+01
2.158726819567126398e+01 5.005988170876594978e+00 1.180988170876594801e+01
2.186230564595278736e+01 5.098802882380288004e+00 1.206204091120409139e+01
1.923539697298414097e+01 3.667494447027222382e+00 1.023018234412934468e+01
1.656590862131308484e+01 2.704495325171754949e+00 8.643827160493827932e+00
1.559154527609897123e+01 2.612961671573944766e+00 8.185235549356887574e+00
1.518356707474559641e+01 2.621288547962187909e+00 7.807066480706647660e+00
1.510933157704426932e+01 2.614883258432770141e+00 7.740322330698899300e+00
1.482273232088434334e+01 2.541072627718373944e+00 7.631326514799318339e+00
1.436934759026809161e+01 2.357766413554418961e+00 7.453714034815847711e+00
1.467129887907433172e+01 2.474974172219639446e+00 7.378631385918693830e+00
1.503929438504055049e+01 2.585421509375484206e+00 7.510972932486182252e+00
1.518490495376827276e+01 2.639010279456583508e+00 7.645801694302392093e+00
1.539365540575442992e+01 2.750442946433183433e+00 7.789353788935378553e+00
1.580893253783769836e+01 2.847676791156568132e+00 7.958985484787437059e+00
1.639970039774781796e+01 3.042570638979285924e+00 8.266352859135285058e+00
1.707653158737538135e+01 3.278340823389637837e+00 8.703976186786507085e+00
1.793172684539490547e+01 3.588405909396146676e+00 9.203423472286791807e+00
1.850691022263546515e+01 3.802886254455291937e+00 9.390040807892969354e+00
1.862845446562322493e+01 3.789976238442068102e+00 9.384642801797612677e+00
1.852852420063019778e+01 3.729621881295521302e+00 9.530611085283331008e+00
1.855185185185185048e+01 3.744940337827367127e+00 9.490352032646313774e+00
1.864663722299705739e+01 3.782725089105842375e+00 9.474347848545896511e+00
1.899240146701792398e+01 3.876926752414897592e+00 9.597091791931401161e+00
1.965068056201250002e+01 4.116227594400537093e+00 9.965331370422026325e+00
2.033090293920140468e+01 4.354708404359729279e+00 1.048164677927578836e+01
2.109557570122423797e+01 4.700463608657472037e+00 1.104530450953045140e+01
2.205221473216591832e+01 5.124253577147579897e+00 1.170125264734748782e+01
2.201394571000568234e+01 5.027124334934655714e+00 1.164121338912133830e+01
1.758455369595537121e+01 3.032623069373418190e+00 8.923245002324499353e+00
1.540017433751743425e+01 2.305324396921328400e+00 7.913683558035022436e+00
1.453130585257502894e+01 2.215372694870602732e+00 7.425617283950617598e+00
1.430899452451056320e+01 2.268097525698641537e+00 7.155565886667699438e+00
1.450630843535306624e+01 2.398148148148148362e+00 7.276516090707164430e+00
1.470871429309365119e+01 2.485559688000413381e+00 7.342703652048142793e+00
1.465124748179141534e+01 2.436774885066377294e+00 7.225018079446252628e+00
1.509159434888165663e+01 2.570146960070251563e+00 7.381622242884446905e+00
1.600875045198615609e+01 2.839188491141071413e+00 7.934469755669197433e+00
1.646535074125729636e+01 2.966815176403740040e+00 8.253277545327755149e+00
1.672616354150524387e+01 3.062058990650343482e+00 8.408208068598584717e+00
1.714119530967508709e+01 3.216813885014721652e+00 8.634706079859496342e+00
1.780551423110697939e+01 3.476273309571775272e+00 9.060930316648587279e+00
1.885915336535978071e+01 3.899115398522650988e+00 9.652448473578180810e+00
2.002116457461645638e+01 4.332129758768531680e+00 1.040853479002014481e+01
2.112046205899065043e+01 4.781589958158996012e+00 1.111226561289322845e+01
2.273628674001756167e+01 5.416758355286946269e+00 1.206180071284673794e+01
2.588997107288599508e+01 6.305311483031148079e+00 1.394289219484477549e+01
2.688869518053618535e+01 6.635705614959450216e+00 1.441200991786765861e+01
2.738336820083681999e+01 6.787176507050983965e+00 1.502298930729893023e+01
2.747202205692442689e+01 6.805843535306575376e+00 1.524601993904643749e+01
2.752983108631644171e+01 6.895783614856139110e+00 1.534936592799214772e+01
2.775759465881502308e+01 7.054540523787385276e+00 1.554559119789245258e+01
2.791952063639650916e+01 7.158651015031768594e+00 1.598095330337310749e+01
2.804623947517950455e+01 7.300774833410816456e+00 1.599775427449764997e+01
2.564279146650136809e+01 5.876163541505243337e+00 1.392526215197066008e+01
1.989993413916008080e+01 3.517322692287824903e+00 1.126067462162301780e+01
1.942895939872927258e+01 3.599085696575236248e+00 1.086971434474921239e+01
1.920402655095821132e+01 3.637972002686089112e+00 1.067345937290149216e+01
1.908442455705356622e+01 3.667119944211994387e+00 1.053115734283795568e+01
1.878139366702825441e+01 3.769662689188491012e+00 1.027983883465054937e+01
1.847872824009504455e+01 3.687806704891781528e+00 1.004302004235755952e+01
1.845565886667699829e+01 3.665389482927837062e+00 1.000060566144945540e+01
1.851341624050829182e+01 3.776983573531690563e+00 9.716811302236685322e+00
1.845022728446717153e+01 3.863598326359832580e+00 9.546573944935172307e+00
1.828713905676946183e+01 3.848356061780050741e+00 9.458100883310088136e+00
1.803565912495480106e+01 3.725102019732424274e+00 9.334114623689240275e+00
1.802848804173769182e+01 3.762845446562322227e+00 9.292813420114676148e+00
1.841360220052688845e+01 3.895761661242832741e+00 9.458781445322589576e+00
1.922115295211529684e+01 4.071305336019422683e+00 9.906464693424247514e+00
1.980435198099075222e+01 4.174026292680407479e+00 1.019732553334366365e+01
2.022266387726638825e+01 4.310340151867348091e+00 1.039749212252698918e+01
2.063151764037398550e+01 4.486235084456842159e+00 1.072645410403429977e+01
2.092222222222222072e+01 4.614024484735781861e+00 1.081862957797406821e+01
2.125584870086264644e+01 4.680762177798439616e+00 1.123239836768428113e+01
2.151073273412882969e+01 4.786525646985897886e+00 1.144273335399555691e+01
2.182981171548117061e+01 4.934212769254609832e+00 1.151875096854176306e+01
2.216696368614081436e+01 5.031963169585205620e+00 1.170929929231881772e+01
2.247081719097060670e+01 5.164686967302030141e+00 1.198413012035745595e+01
2.084423394803450691e+01 4.252705459992768056e+00 1.080261506276150563e+01
1.588684462007335085e+01 2.278934862337930856e+00 8.195795237357302199e+00
1.514447285500284046e+01 2.196226561289322810e+00 7.749332351877679770e+00
1.448153701120925696e+01 2.143544346298879244e+00 7.459144325636654749e+00
1.422467586135647544e+01 2.202797148613047984e+00 7.186029753602975134e+00
1.434294255901647830e+01 2.264262100315098891e+00 7.190691667958055255e+00
1.439602252182447373e+01 2.337647864042564194e+00 7.167681698434836157e+00
1.459564801900924635e+01 2.370241231468567467e+00 7.191377395526628469e+00
1.536880133271346693e+01 2.630569760834753801e+00 7.559389689550080504e+00
1.605057208533498780e+01 2.835027635724985728e+00 7.756601580660158035e+00
1.618705124231623671e+01 2.875467482824526133e+00 8.009323828710160242e+00
1.608752518208585158e+01 2.874276822149904653e+00 8.013865643886564527e+00
1.624072136990546866e+01 2.897142156103104327e+00 8.053809597603182269e+00
1.671229014928456991e+01 3.081445322588976854e+00 8.268156929593470039e+00
1.735397102123043567e+01 3.261504984761609549e+00 8.733405651118342661e+00
1.784286507567539815e+01 3.435575184668629767e+00 8.966815176403740040e+00
1.835559946278216970e+01 3.571922619970039570e+00 9.174998708610981879e+00
1.875420347125368181e+01 3.724805000258277765e+00 9.370573118446200667e+00
1.895610827005527099e+01 3.788912133891213507e+00 9.536728395061729202e+00
1.910422025931091383e+01 3.867150937548426981e+00 9.612806704891781351e+00
1.936572007851645338e+01 3.947565731701017544e+00 9.715946071594606437e+00
1.969227232811612183e+01 4.069820238648690136e+00 9.868741928818637987e+00
2.009488997365566476e+01 4.239832894261066798e+00 1.019214189782530156e+01
2.074967844413450990e+01 4.486832997572189008e+00 1.069352884963066330e+01
2.159880675654734361e+01 4.872997055633039309e+00 1.132255669197789061e+01
2.243295366496203158e+01 5.204758768531432267e+00 1.200149930264993081e+01
2.312700036158892658e+01 5.479703238803657506e+00 1.240947750400330563e+01
2.190075158840849312e+01 4.560591972725863918e+00 1.164212381837904786e+01
1.561752931453070836e+01 2.691076501885428129e+00 7.602139831602872100e+00
1.423367167725605675e+01 2.165344284312206380e+00 7.085950978872875616e+00
1.434242858618730310e+01 2.241104912443824482e+00 7.057389327961154812e+00
1.451244382457771565e+01 2.360332403533240253e+00 7.109109458133167969e+00
1.493389379616715651e+01 2.519999741722196429e+00 7.295145668681233708e+00
1.557784493000671588e+01 2.733410816674414878e+00 7.631893434578232771e+00
1.613742574513146266e+01 2.914189782530089534e+00 7.826344335967767130e+00
1.783479389431272111e+01 3.499750761919520503e+00 8.921522289374451020e+00
1.914163696471925036e+01 4.032630817707525850e+00 9.674010796012190383e+00
1.948193475902681016e+01 4.082907174957384200e+00 9.999900563045612145e+00
1.948561392633916967e+01 4.096130998501989140e+00 9.890562529056252217e+00
1.959464460974223954e+01 4.106859858463763224e+00 1.004671083217108318e+01
1.974065809184358855e+01 4.128422180897773686e+00 1.027829820755204260e+01
1.988303114830311458e+01 4.188480809959192364e+00 1.019270236065912449e+01
2.011231339428689324e+01 4.299413709385815352e+00 1.040053850922051737e+01
2.057036003925822598e+01 4.452222480500025448e+00 1.058557260189059335e+01
2.133108631644196507e+01 4.805640787230744948e+00 1.105411694818947232e+01
2.253175267317526576e+01 5.290403688207035771e+00 1.193543829743271800e+01
2.355711297071129806e+01 5.764103259465881202e+00 1.275855932641148804e+01
2.477639470013946976e+01 6.225183377240560034e+00 1.372367245208946684e+01
2.637299059868794870e+01 6.966500077483341435e+00 1.489393176300428756e+01
2.799421586858825250e+01 7.475526886719355169e+00 1.642779069166795836e+01
2.847472235136112317e+01 7.793168552094632773e+00 1.679201405031251682e+01
2.913169068650240234e+01 7.922472751691719495e+00 1.741560901906090209e+01
2.797543519809907409e+01 7.151770494343716145e+00 1.647643989875509973e+01
2.296092127692546114e+01 4.928274962549718197e+00 1.272879539232398294e+01
2.218474223875200124e+01 4.716571103879332760e+00 1.233576372746526140e+01
2.197622294540007104e+01 4.853094168087194404e+00 1.207206467276202311e+01
2.233630740224185018e+01 5.121816726070561820e+00 1.231082700552714471e+01
2.276114985278165292e+01 5.355224959966940368e+00 1.252024252285758621e+01
2.309853039929748419e+01 5.473193346763778777e+00 1.273878557776744636e+01
2.363372462420579723e+01 5.814795443979543954e+00 1.313459502040394611e+01
2.428613823028048913e+01 6.095246397024639329e+00 1.365315098920398817e+01
2.434840900872978864e+01 6.077584069425073565e+00 1.357651738209618308e+01
2.420172529572808529e+01 5.998937186838163349e+00 1.354742238752001704e+01
2.408397773645332762e+01 5.922685830879694358e+00 1.344677281884394837e+01
2.425931608037605258e+01 6.063829484994059271e+00 1.359200630197840809e+01
2.475442171599772578e+01 6.314272431427243149e+00 1.398648173975928444e+01
2.550798465829846506e+01 6.659771940699416248e+00 1.462307712175215713e+01
2.617666589183325598e+01 6.922253215558654915e+00 1.508706157342837884e+01
2.687583682008368058e+01 7.174160597138281581e+00 1.556259879125987844e+01
2.740713105015754891e+01 7.398194638152797431e+00 1.583460276873805483e+01
2.781205769926132376e+01 7.349910894157756225e+00 1.639890748489074923e+01
2.800367658453432540e+01 7.468487525182085918e+00 1.619680768634743373e+01
2.809776977116586494e+01 7.398735730151351220e+00 1.643204581848235790e+01
2.825255307608864186e+01 7.395369078981352651e+00 1.668432124593212507e+01
2.845072963479518435e+01 7.475040033059558553e+00 1.675716591766103747e+01
2.608612402500128979e+01 6.150263443359677673e+00 1.478314608192571988e+01
2.076757322175732057e+01 4.039617232295056759e+00 1.129158918332558414e+01
1.985730022211891210e+01 4.046664342166434558e+00 1.058003770855932579e+01
1.950953303373108128e+01 4.032887804122113451e+00 1.028785706906348452e+01
1.946435378893538015e+01 4.159805516813885440e+00 1.023512707267937394e+01
1.943994911927268987e+01 4.207030321814142937e+00 1.029540265509582042e+01
1.920961439123921721e+01 4.145935998760266195e+00 1.009733199028875461e+01
1.920400201456686773e+01 4.134994059610517247e+00 1.003785965184152040e+01
1.968013585412469624e+01 4.360759853298207922e+00 1.035714267265871236e+01
1.997170954078206506e+01 4.450776124799834754e+00 1.060147218348055098e+01
2.003158350121390541e+01 4.481946381527971646e+00 1.054128958107340175e+01
2.022313394286895161e+01 4.542055374761092779e+00 1.075673071956196125e+01
2.065098145565369947e+01 4.739247895035900271e+00 1.098262436076243631e+01
2.200540058887339256e+01 5.137470943747094232e+00 1.187520662224288515e+01
2.275439459682834809e+01 5.442853453174234524e+00 1.234847745234774585e+01
2.298777700294436599e+01 5.424927682214990554e+00 1.259465494085438309e+01
2.312065835012139203e+01 5.461811043958881839e+00 1.274877059765483800e+01
2.312968903352446048e+01 5.488832067772095868e+00 1.268014618523684156e+01
2.324635957435818057e+01 5.620362622036262579e+00 1.273119350173046094e+01
2.319474662947466470e+01 5.653831551216488727e+00 1.263139624980629172e+01
2.333717779844000262e+01 5.663387829949893870e+00 1.295845214112299182e+01
2.355612376672348773e+01 5.744851231985123263e+00 1.322725605661449499e+01
2.396147786559222936e+01 5.923793842657161690e+00 1.360898548478743741e+01
2.436770881760421403e+01 6.112309520119841189e+00 1.393853892246500337e+01
2.481689782530089516e+01 6.419064776073144074e+00 1.398809210186476548e+01
2.533719716927527088e+01 6.543986001343044201e+00 1.447524019835735309e+01
2.542249212252698953e+01 6.520799111524355318e+00 1.459782142672658800e+01
2.071098326359832598e+01 4.389614649517020517e+00 1.083712097732320956e+01
1.672289891006766993e+01 2.697923446459011387e+00 9.087244950668939225e+00
1.582501549666821639e+01 2.692655870654475869e+00 8.476758871842553944e+00
1.528990133787902295e+01 2.638248359935947196e+00 8.063894054444961768e+00
1.535197195103052792e+01 2.761653494498682804e+00 7.970903714034816012e+00
1.567187871274342648e+01 2.919955834495583602e+00 7.984055219794410796e+00
1.603339661139521510e+01 3.095609277338705390e+00 8.257040652926287194e+00
1.637691254713569933e+01 3.228197479208636977e+00 8.328293041995971535e+00
1.757027739036107405e+01 3.570282555917144496e+00 9.154874993543055339e+00
1.817976522547652252e+01 3.738906968335141467e+00 9.468828451882846053e+00
1.819638281936050461e+01 3.795558913167002224e+00 9.508702670592489525e+00
1.827482824526060057e+01 3.872538612531639224e+00 9.623844206828865211e+00
1.859851490262926887e+01 3.998938478227181292e+00 9.868514644351463971e+00
1.922864817397592674e+01 4.279643834908827493e+00 1.011162895810734064e+01
1.996387468360969208e+01 4.591497494705304661e+00 1.060971770236065836e+01
2.088133684591146277e+01 5.077762281109561293e+00 1.129806937341804840e+01
2.171765587065447534e+01 5.425955627873340958e+00 1.185018337724056003e+01
2.242163851438607480e+01 5.647437884188232893e+00 1.233737021540368772e+01
2.267308745286430138e+01 5.676207448731855898e+00 1.245148638875975067e+01
2.280934061676739333e+01 5.745188284518828681e+00 1.241740534118497941e+01
2.341844361795547158e+01 5.991776434733199430e+00 1.291305336019422434e+01
2.415794462523890829e+01 6.219069941629216558e+00 1.353282452606022979e+01
2.499438374916059757e+01 6.556908931246448802e+00 1.408395190867296876e+01
2.633524588046903148e+01 7.052281884394854927e+00 1.537240430807376335e+01
2.840091559481378169e+01 7.859684126246190061e+00 1.683423084870086228e+01
2.941600676687845350e+01 8.296566196601064647e+00 1.744697556691977880e+01
2.954833539955576072e+01 8.166000309933364676e+00 1.769670437522599471e+01
2.525328141949480809e+01 5.807141381269693703e+00 1.421336071078051511e+01
2.239944986827832096e+01 4.774661656077276994e+00 1.255250012913890245e+01
2.173937445115966582e+01 4.866050674105067309e+00 1.198288909551113157e+01
2.147880701482514709e+01 4.901512216540110600e+00 1.181604938271604865e+01
2.162919314014153471e+01 5.074301358541246643e+00 1.184754894364378330e+01
2.191823957849062410e+01 5.248028048969471726e+00 1.213809081047574701e+01
2.216338137300480327e+01 5.427611188594451797e+00 1.226216746732785801e+01
2.308224081822408280e+01 5.823607882638565769e+00 1.295805439330543862e+01
2.371600030993336361e+01 6.112575546257554393e+00 1.336511183428896032e+01
2.370205976548375304e+01 6.080195258019525539e+00 1.343617180639495778e+01
2.360143215042099385e+01 6.036098197220931105e+00 1.329260938064982689e+01
2.362425874270365256e+01 6.042276202283176190e+00 1.327110000516555566e+01
2.386184720285138638e+01 6.077329665788521851e+00 1.351807169791828045e+01
2.443596001859600264e+01 6.355514231106978329e+00 1.397358980319231314e+01
2.482236556640322434e+01 6.570407820651893438e+00 1.411369259775814911e+01
2.499632599824371226e+01 6.562066738984452030e+00 1.434883645849475720e+01
2.514202696420269589e+01 6.615512164884549406e+00 1.458834133994524507e+01
2.529013637068030462e+01 6.680589131670024550e+00 1.448735213595743510e+01
2.527790820806859884e+01 6.672653546154243109e+00 1.445027377447182104e+01
2.534895914045146981e+01 6.563070148251458846e+00 1.414941112660777911e+01
2.625550002582777864e+01 6.767737228162611807e+00 1.496985639754119468e+01
2.673853504829794758e+01 6.982895552456222177e+00 1.543257012242367843e+01
2.610151350792912694e+01 6.703911617335606365e+00 1.502669301100263510e+01
2.094865308125419645e+01 4.133762074487318472e+00 1.237676532878764313e+01
1.883008161578593942e+01 3.761461077534996811e+00 1.076339041272792940e+01
1.763780928766981759e+01 3.347063381373004631e+00 1.009811198925564391e+01
1.718888888888888999e+01 3.436831706183170798e+00 9.587393460406012480e+00
1.726271759904953740e+01 3.563354253835425478e+00 9.428550028410558781e+00
1.746967172891161724e+01 3.691448421922619794e+00 9.572572188646107705e+00
1.770382638566041678e+01 3.838772663877266567e+00 9.648685365979646988e+00
1.857789916834547128e+01 4.261880778965855932e+00 1.008830130688568616e+01
1.894739914251769264e+01 4.436103362777003234e+00 1.035098403843173642e+01
1.899823854537941159e+01 4.389101968076863258e+00 1.033409396146495141e+01
1.884060514489384630e+01 4.303298207552042953e+00 1.026866444547755641e+01
1.888038896637223019e+01 4.362093858153830439e+00 1.030391290872462484e+01
1.947433364326669647e+01 4.602944366961103206e+00 1.059558086678030975e+01
2.053027403274962381e+01 5.044917092825042637e+00 1.123382922671625650e+01
2.132226483805981587e+01 5.317183222273877519e+00 1.180249496358282890e+01
2.189975076191952041e+01 5.552853969729841133e+00 1.218950488145048894e+01
2.232159718993749564e+01 5.666702825559171153e+00 1.246720775866521969e+01
2.273908388863060992e+01 5.862212665943489220e+00 1.271083475386125272e+01
2.335541995970866225e+01 6.021158117671367549e+00 1.301285706906348416e+01
2.370245751330130801e+01 6.126837646572653284e+00 1.334143292525440394e+01
2.403289167828916817e+01 6.256041117826334208e+00 1.359150782581744998e+01
2.457423678909034592e+01 6.459844258484426227e+00 1.395218244744046743e+01
2.494195206363965056e+01 6.548225631489230203e+00 1.428219045405237786e+01
2.539037398625962183e+01 6.735660416343819179e+00 1.448966113952166879e+01
2.560153417015341759e+01 6.801148044837026951e+00 1.468367684281212959e+01
2.211718709644093295e+01 4.725718012294023218e+00 1.220642853453174226e+01
1.673416498786094309e+01 2.979800092980009474e+00 9.070573118446199956e+00
1.606316958520584848e+01 2.918568882690221411e+00 8.681787540678753246e+00
1.585705356681646805e+01 2.935735316906864956e+00 8.480784131411747140e+00
1.583996719871894143e+01 2.999015961568262778e+00 8.311689653391187704e+00
1.601969368252492387e+01 3.090035642336897759e+00 8.423872617387262451e+00
1.607510589389947953e+01 3.149686192468619250e+00 8.344811198925564000e+00
1.596113952166950689e+01 3.114614649517020606e+00 8.348804173769305947e+00
1.660960276873805341e+01 3.376720130172012890e+00 8.803064466139780109e+00
1.714218193088485975e+01 3.605514231106978773e+00 9.068103982643732408e+00
1.726860375019370863e+01 3.653138075313807409e+00 9.154484994059609804e+00
1.730701482514592726e+01 3.707375122681956903e+00 9.233888630611085446e+00
1.755135466707990943e+01 3.789104550854899500e+00 9.393971796063846469e+00
1.814497133116379857e+01 4.070095304509530720e+00 9.563532465519912762e+00
1.891849398212717759e+01 4.362412831241282873e+00 1.016492716565938359e+01
1.974051216488454941e+01 4.698074538974120529e+00 1.077750271191693798e+01
2.029813523425796618e+01 4.932948499405960696e+00 1.120829717444082796e+01
2.086502531122475190e+01 5.193425538509220729e+00 1.157851257812903611e+01
2.156766878454465797e+01 5.464245312257864917e+00 1.195949041789348577e+01
2.224189007696678644e+01 5.739294385040549784e+00 1.239024226457978273e+01
2.291945219277855372e+01 5.965722661294488027e+00 1.277808125419701391e+01
2.333203419598119766e+01 6.130985588098559091e+00 1.319335580350224646e+01
2.377109742238751977e+01 6.292490572860168108e+00 1.338684591146236968e+01
2.438571465468257671e+01 6.465244847357817903e+00 1.421766620176662066e+01
2.529759543364843211e+01 6.928641717030838088e+00 1.470806343302856511e+01
2.610750942713983136e+01 7.131937341804845509e+00 1.543210134821013568e+01
2.598393770339377085e+01 6.970420734542073227e+00 1.527015341701534190e+01
2.137053566816467765e+01 4.427875923343147946e+00 1.200174466656335603e+01
1.937266775143344333e+01 4.085110284622139432e+00 1.074660493827160579e+01
1.892055633038896545e+01 4.110847667751433399e+00 1.031340461800712838e+01
1.949094478020558796e+01 4.493031664858722074e+00 1.064986311276408948e+01
2.143314479053670141e+01 5.306276150627614818e+00 1.189016348984968197e+01
2.196415104085954795e+01 5.272357818069115076e+00 1.230068056201250037e+01
2.206968335141278104e+01 5.374261325481688445e+00 1.237615062761506302e+01
2.247882638566041535e+01 5.532049692649414041e+00 1.292169920966992080e+01
2.272587814453225974e+01 5.719598119737590025e+00 1.309105713105015667e+01
2.270977581486647168e+01 5.755645952786817787e+00 1.291353763107598596e+01
2.256995583449558396e+01 5.752540162198460649e+00 1.267724443411333191e+01
2.247165917661036261e+01 5.730200423575597668e+00 1.261596544242987683e+01
2.269131024329769275e+01 5.738381373004804331e+00 1.301246190402396863e+01
2.312953794100934957e+01 5.863843690273258247e+00 1.355640787230745303e+01
2.389631437574254846e+01 6.158886047833049382e+00 1.419763934087504431e+01
2.444244150007748217e+01 6.361840745906296668e+00 1.451304432047109927e+01
2.476678547445632361e+01 6.514702463970245994e+00 1.468255849992251605e+01
2.504501265561237844e+01 6.700223410300118587e+00 1.453979027842347271e+01
2.527856165091171903e+01 6.731116018389379896e+00 1.462391135905780182e+01
2.547678469962291459e+01 6.712468360969058523e+00 1.494077560824422690e+01
2.587855648535564868e+01 6.915146701792448169e+00 1.508000413244485749e+01
2.640309158530915923e+01 7.125136887235910876e+00 1.573925951753706265e+01
2.685364688258691146e+01 7.274353014101968107e+00 1.617901492845704681e+01
2.636783666511700019e+01 6.920542125109768072e+00 1.553631902474301363e+01
2.144505139728291709e+01 4.396034144325636994e+00 1.208696859341908159e+01
2.010561883361743796e+01 4.058268763882431962e+00 1.114032491347693643e+01
1.943903352445890675e+01 4.109941112660777662e+00 1.065631618368717426e+01
1.923016039051604054e+01 4.201873805465158540e+00 1.050827263804948686e+01
1.926978537114520407e+01 4.313365876336587412e+00 1.049308719458649719e+01
1.912625393873650381e+01 4.299079239630145821e+00 1.025082907174957469e+01
1.895996564905211912e+01 4.249700397747817604e+00 1.022302288341339960e+01
1.936638772663877361e+01 4.417020507257606532e+00 1.048107856810785599e+01
1.947316235342734814e+01 4.427671883878299575e+00 1.051682550751588430e+01
1.926492329149233029e+01 4.318617955472906722e+00 1.039271269177126911e+01
1.856112144222325711e+01 4.093351929335192985e+00 9.931289064517795140e+00
1.802217185805051969e+01 3.862716307660519544e+00 9.603324035332404307e+00
1.809202050725760458e+01 3.876393408750451908e+00 9.604135027635724242e+00
1.850961309985019909e+01 4.058404359729324895e+00 9.890842760473164574e+00
1.898193217624877249e+01 4.233840849217417990e+00 1.014886486905315444e+01
1.935984296709540686e+01 4.385005682111679626e+00 1.040714138126969424e+01
1.988097396559739494e+01 4.634498166227594140e+00 1.082339867761764474e+01
2.059642285242006210e+01 5.001965494085438557e+00 1.132972648380598102e+01
2.138531432408698763e+01 5.400967250374502981e+00 1.190251562580711742e+01
2.224156206415620574e+01 5.732568831034661194e+00 1.243993620538250866e+01
2.345085231675189874e+01 6.204155689860013645e+00 1.321880649826953835e+01
2.470709747404308132e+01 6.668124644868020034e+00 1.414061031044992056e+01
2.514597603181982421e+01 6.785196807686347142e+00 1.436420915336536019e+01
2.532036520481429775e+01 6.793753551319799300e+00 1.461831060488661649e+01
2.571637868691564677e+01 6.956065654217676197e+00 1.513636938891471750e+01
2.573361873030631841e+01 7.023206260653959809e+00 1.500955111317733426e+01
2.095588356836613286e+01 4.274923808047936369e+00 1.166803037346970484e+01
1.697152616354150467e+01 3.103745028152280483e+00 9.274961258329458502e+00
1.610947621261428964e+01 2.909855880985587895e+00 8.708722041427758853e+00
1.571649620331628761e+01 2.955098403843173571e+00 8.365979647709075095e+00
1.588498372849837281e+01 3.115696833514127739e+00 8.439107133632935742e+00
1.633803269796993618e+01 3.299761093031664760e+00 8.742378222015599221e+00
1.628517872824009416e+01 3.365942197427552962e+00 8.696625600495893949e+00
1.591698305697608262e+01 3.177258639392530615e+00 8.377996022521823960e+00
1.593987034454259089e+01 3.194601993904643944e+00 8.385921276925461854e+00
1.540009298000929761e+01 2.989306007541711718e+00 8.166315408853762392e+00
1.442977555658866606e+01 2.660743065240973149e+00 7.683600650860064718e+00
1.389794281729428249e+01 2.494993284777106357e+00 7.423017717857327114e+00
1.399489126504468217e+01 2.552715791104912313e+00 7.423380598171393174e+00
1.448863577664135605e+01 2.743862027997313824e+00 7.636997003977477938e+00
1.568868614081305779e+01 3.137460612634950241e+00 8.215570277390360943e+00
1.623715067927062350e+01 3.340394648483909101e+00 8.486831706183171065e+00
1.681607650188542635e+01 3.554566351567746363e+00 8.820100470065602494e+00
1.744187974585464218e+01 3.823173975928508828e+00 9.164838059817139282e+00
1.836110465416602011e+01 4.241206932176249111e+00 9.759602768738053769e+00
1.911932563665478568e+01 4.530709230848700919e+00 1.026729944728550059e+01
1.968965726535461513e+01 4.746212356010124367e+00 1.066111369388914731e+01
2.015412340513456257e+01 4.910584224391755903e+00 1.089291285706906365e+01
2.069509530450952894e+01 5.125426158375948837e+00 1.135217599049537718e+01
2.120395681595123705e+01 5.315433390154449711e+00 1.164822046593315719e+01
2.135896223978511443e+01 5.333027274136060925e+00 1.174030166847461132e+01
2.156666795805568526e+01 5.392118652822976088e+00 1.187518337724056039e+01
2.207727542744976645e+01 5.596407355751846779e+00 1.218547962188129574e+01
2.252229970556330230e+01 5.810287204917609749e+00 1.250425641820342015e+01
2.126924557053566645e+01 5.061031044991993078e+00 1.158085257502970222e+01
1.542975489436437897e+01 2.503473836458494972e+00 8.430341184978562552e+00
1.426960715946071545e+01 2.207645022986724381e+00 7.715921535203264625e+00
1.368169326928043716e+01 2.259848132651479879e+00 7.317841830673072145e+00
1.435614830311483026e+01 2.601358541246965306e+00 7.547300996952321483e+00
1.566305594297226023e+01 3.052070096595898452e+00 8.328176816984347752e+00
1.630187897102123173e+01 3.324731391084250198e+00 8.664615940906038816e+00
1.657386099488610043e+01 3.494137093858153964e+00 8.755417376930626716e+00
1.690208559326411475e+01 3.587579420424608756e+00 8.971907123301823717e+00
1.700974998708610997e+01 3.655388966372230097e+00 9.081358799524767988e+00
1.666016839712795061e+01 3.495595072059507036e+00 8.832217573221758045e+00
1.624706079859496910e+01 3.331210289787695622e+00 8.588863061108527930e+00
1.631655044165504265e+01 3.383871842553850762e+00 8.548310863164418905e+00
1.716176197117619751e+01 3.750467482824526133e+00 9.135918694147424191e+00
1.824182809029392160e+01 4.167221963944419016e+00 9.837718890438555519e+00
1.950282426778242595e+01 4.625171754739398011e+00 1.056297329407510688e+01
2.019724934139160055e+01 4.920843018750968412e+00 1.108971021230435383e+01
2.080200036158892374e+01 5.138903094168087549e+00 1.147513559584689347e+01
2.126648587220414299e+01 5.305760886409421673e+00 1.178432512009917943e+01
2.161011157601115684e+01 5.432514592695903310e+00 1.196646520997985519e+01
2.198891342528023074e+01 5.552407149129603425e+00 1.223660829588305177e+01
2.267495996694044180e+01 5.855747972519242062e+00 1.271794514179451419e+01
2.349112299189007658e+01 6.223926855726018559e+00 1.344360504158272640e+01
2.432567281367839129e+01 6.619728550028410652e+00 1.410787618162095214e+01
2.521674802417480166e+01 6.871931659693165884e+00 1.498974766258587721e+01
2.579022289374451304e+01 7.015348158479260299e+00 1.553799395629939539e+01
2.394765742032129907e+01 5.851938374916059615e+00 1.403942610672038782e+01
1.956846298879074197e+01 4.207561082700552291e+00 1.077945270933416033e+01
1.901398574306524125e+01 4.153717908982901719e+00 1.048567333023400039e+01
1.869619040239681951e+01 4.213567333023400252e+00 1.022097086626375351e+01
1.888756650653443003e+01 4.375741257296348330e+00 1.040149155431582173e+01
1.907164238855312632e+01 4.501281057905883287e+00 1.053121416395475052e+01
1.909770907588201894e+01 4.484811973758975334e+00 1.053215558654889250e+01
1.953011519190040701e+01 4.687207500387416736e+00 1.089154656748799077e+01
2.011312567797923379e+01 4.969587788625445590e+00 1.120904101451521306e+01
2.040473810630714269e+01 5.056416912030580413e+00 1.143548091327031280e+01
2.059099643576631067e+01 5.095343251200992185e+00 1.157113874683609644e+01
2.065720853349863262e+01 5.143878816054548331e+00 1.157495609277338744e+01
2.091987576837646401e+01 5.221766361898858122e+00 1.176846557156877893e+01
2.143463763624153984e+01 5.404410093496564649e+00 1.209621881295521462e+01
2.214592050209204999e+01 5.734263133426312997e+00 1.263327392943850391e+01
2.280375277648638743e+01 6.011693527558241712e+00 1.313241644713053446e+01
2.360008523167519101e+01 6.355268867193553106e+00 1.366715610310449946e+01
2.416422206725554034e+01 6.589176868639909479e+00 1.407318172426261604e+01
2.450533860220052773e+01 6.679769099643576347e+00 1.431267369182292448e+01
2.478855571052223894e+01 6.785770184410352179e+00 1.444544914510047029e+01
2.554190557363500247e+01 6.978602975360297833e+00 1.467927062348261735e+01
2.667426132548168738e+01 7.229464331835322000e+00 1.579273335399555833e+01
2.743726819567126540e+01 7.470431065654217662e+00 1.629597861459786046e+01
2.708142595175370460e+01 7.159375484270881884e+00 1.623143886564388794e+01
2.286633736246707116e+01 4.882165917661036580e+00 1.320367012758923586e+01
1.998203936153726801e+01 4.232580453535823573e+00 1.178284389689550160e+01
1.918052197944108528e+01 4.144502556950255823e+00 1.130839661139521723e+01
1.889612712433493513e+01 4.232097474043080787e+00 1.102878118704478538e+01
1.878480293403584866e+01 4.300648277287050014e+00 1.089091636964719179e+01
1.874077044268815584e+01 4.343132393202128405e+00 1.077173536856242642e+01
1.860726406322640614e+01 4.395592489281471060e+00 1.071776822149904440e+01
1.884714344749212245e+01 4.448589803192313674e+00 1.096976470892091449e+01
1.921167932227904274e+01 4.538474353014102292e+00 1.114082597241593042e+01
1.932108967405341104e+01 4.618829743271863464e+00 1.120423059042305880e+01
1.913784286378428590e+01 4.641789348623379219e+00 1.095858644558086681e+01
1.908951004700655929e+01 4.687974585464124821e+00 1.081712640115708446e+01
1.916994033782736651e+01 4.730343767756599149e+00 1.078463247068546949e+01
1.953773567849578896e+01 4.851783408233896644e+00 1.106234051345627378e+01
2.011141846169740077e+01 5.120286430084198592e+00 1.133935637171341426e+01
2.060174079239630274e+01 5.289539748953974829e+00 1.157854486285448559e+01
2.120049460199390623e+01 5.520270933415981851e+00 1.196554961516607207e+01
2.181000180794462651e+01 5.722777519499974375e+00 1.227001394700139514e+01
2.216976212614287789e+01 5.772483082803863574e+00 1.249432047109871391e+01
2.248441939149749302e+01 5.832226612944883648e+00 1.283722687122268624e+01
2.276408130585257439e+01 5.956030786714189951e+00 1.297537837698228280e+01
2.302096570070768067e+01 6.056285190350741310e+00 1.303279094994576148e+01
2.321370163748127524e+01 6.144598119737589847e+00 1.331202024897980252e+01
2.358612144222325568e+01 6.339714086471408550e+00 1.350345575701224199e+01
2.393385376310759938e+01 6.530050622449506292e+00 1.376072885996177497e+01
2.284869311431375749e+01 5.872787850612118277e+00 1.299228395061728314e+01
1.724791957229195560e+01 3.341234051345627343e+00 9.459331577044268968e+00
1.602340900872978935e+01 3.074801126091223580e+00 8.832270520171496386e+00
1.526781212872565696e+01 2.899520894674311844e+00 8.403627511751640355e+00
1.506437315977064983e+01 2.975040033059558997e+00 8.248645332920089501e+00
1.531539335709489080e+01 3.122148613048194576e+00 8.273136525646986428e+00
1.542503357611446901e+01 3.167108321710832008e+00 8.357651479931814009e+00
1.541753189730874496e+01 3.199987086109819856e+00 8.358038896637223658e+00
1.602783330750555280e+01 3.428688207035487157e+00 8.747985433131876931e+00
1.682179993801332785e+01 3.740645177953406897e+00 9.241671832222738914e+00
1.705728085128363958e+01 3.825516555607211266e+00 9.339848390929283539e+00
1.711699597086626312e+01 3.811365514747662608e+00 9.382590784647966586e+00
1.728792809545947762e+01 3.879514696007025254e+00 9.510232966578852754e+00
1.771320057854228125e+01 4.061022005268867474e+00 9.683883465055012962e+00
1.840806214163954735e+01 4.296885169688517081e+00 1.014385557105222446e+01
1.911763391704116799e+01 4.584103001188077897e+00 1.051377653804432022e+01
1.958825481688103665e+01 4.754337775711555025e+00 1.083410816674414967e+01
2.006954259000981367e+01 4.971829639960741787e+00 1.109830828038638373e+01
2.054321633348829934e+01 5.151301720130171624e+00 1.145791750606952775e+01
2.099292577095924273e+01 5.343412624619039875e+00 1.170243555968800031e+01
2.139724288444650924e+01 5.491463918590836712e+00 1.200754946019939062e+01
2.180146572653546144e+01 5.637977168242160886e+00 1.213877008109922961e+01
2.214275014205279035e+01 5.762527764863887292e+00 1.244850198873908731e+01
2.267680794462523863e+01 5.966755772508910205e+00 1.283353091585309080e+01
2.318440389482927699e+01 6.215402396818017650e+00 1.315810734025517803e+01
2.380591068753551198e+01 6.426952580195258058e+00 1.355107830983005357e+01
2.413839945245105767e+01 6.543703187148096845e+00 1.387037424453742496e+01
2.185867167725605498e+01 5.036311276408905080e+00 1.222467844413451132e+01
1.638297820135337446e+01 3.123350896223978435e+00 8.963031406580919125e+00
1.555439330543932996e+01 2.912275944005372263e+00 8.535329820755205077e+00
1.494313755875820071e+01 2.878361485613926352e+00 8.136991838421405276e+00
1.556176455395423375e+01 3.192586135647502488e+00 8.328898703445425156e+00
1.591754351980990734e+01 3.274622914406736029e+00 8.629042047626427347e+00
1.603768531432408651e+01 3.363323260498992884e+00 8.724342682989824738e+00
1.626230822873082360e+01 3.472561857533963625e+00 8.927084301875096273e+00
1.721613461439124038e+01 3.916392892194844766e+00 9.335601012448989877e+00
1.805790846634640090e+01 4.235969058319128067e+00 9.824877318043286678e+00
1.823851696885169815e+01 4.291354150524304245e+00 9.983113797200267925e+00
1.829007696678547390e+01 4.284558861511441386e+00 1.006382044527093278e+01
1.850278423472286704e+01 4.382377705459992612e+00 1.016292292990340407e+01
1.903275608244227612e+01 4.622743943385505538e+00 1.048862544552921072e+01
1.971585825714138096e+01 4.892462162301772111e+00 1.098639263391704191e+01
2.044159176610362039e+01 5.163396869673020362e+00 1.143974120564078767e+01
2.097310940647760802e+01 5.407075520429774684e+00 1.176262591042925720e+01
2.147186967302030070e+01 5.594977788108890238e+00 1.214893072989307221e+01
2.186296812851903582e+01 5.738018492690738270e+00 1.245428741153985186e+01
2.216872772353944043e+01 5.819381166382560977e+00 1.265007748334108229e+01
2.241029107908466500e+01 5.900099436954388210e+00 1.277762022831757882e+01
2.270887442533188860e+01 6.069595536959553783e+00 1.298552094632987242e+01
2.312069967456996622e+01 6.213976703342114938e+00 1.336802520791363236e+01
2.346493491399349196e+01 6.385763727465261219e+00 1.353990004649000412e+01
2.392146934242471090e+01 6.547644506431117506e+00 1.391725295728085143e+01
2.466306756547342260e+01 6.928161320316132077e+00 1.450305671780567174e+01
2.549530709230848657e+01 7.182812903559067763e+00 1.540418926597448213e+01
2.546432408698796479e+01 7.029379100160132232e+00 1.540503512578129097e+01
2.050198099075365477e+01 4.555038999948344269e+00 1.184586238958623916e+01
1.838146211064621127e+01 3.999854073040963076e+00 1.050707552042977433e+01
1.774806679064001358e+01 3.877076553540988790e+00 1.004379487576837704e+01
1.757572059507205964e+01 3.960799886357766475e+00 9.899474404669662775e+00
1.774540782065189148e+01 4.142069580040291576e+00 9.995828813471769436e+00
1.787712304354563742e+01 4.197320367787592765e+00 9.982439692132858866e+00
1.786717805671780468e+01 4.201425693475902889e+00 1.001104912443824624e+01
1.838148535564853603e+01 4.429608967405341602e+00 1.033735342734645357e+01
1.890944521927785615e+01 4.653912908724624486e+00 1.069570484012603906e+01
1.903380339893589479e+01 4.652821685004390417e+00 1.079700914303424852e+01
1.899338550544966253e+01 4.609981145720336571e+00 1.075543029082080615e+01
1.890114029650291982e+01 4.581352342579678272e+00 1.060612376672348844e+01
1.921982927837181521e+01 4.696929076915130175e+00 1.072482824526060163e+01
1.976406710057337790e+01 4.939233689756702184e+00 1.113523813213492453e+01
2.027470298052585207e+01 5.170901131256779415e+00 1.143691306369130700e+01
2.080917790175112358e+01 5.409895914045146803e+00 1.170424092153520412e+01
2.144090732992406600e+01 5.653664962033162489e+00 1.230664032233069882e+01
2.205757916214680492e+01 5.888412366341236215e+00 1.268702799731391018e+01
2.255505449661655959e+01 6.133595485303993122e+00 1.288035668164677894e+01
2.292879410093496517e+01 6.217305904230590485e+00 1.310620770700965920e+01
2.307649026292680361e+01 6.214796735368562253e+00 1.321032594658815107e+01
2.328964435146443535e+01 6.294273981094065107e+00 1.343123224340100208e+01
2.355613280644661245e+01 6.465419184875251801e+00 1.356697660003099415e+01
2.390995660932899369e+01 6.598322485665581993e+00 1.380542899943178803e+01
2.363788677101089775e+01 6.397887287566506487e+00 1.360525466191435484e+01
1.844737202334831494e+01 4.059053928405393030e+00 1.010977323208843437e+01
1.616900924634536807e+01 3.245939872927320557e+00 9.017440208688466186e+00
1.540562012500645750e+01 3.023390929283537254e+00 8.545223152022314750e+00
1.526457203367942483e+01 3.072812387003460710e+00 8.395907588201870553e+00
1.544471692752724756e+01 3.197636758097009313e+00 8.462042202593108797e+00
1.573888372333281715e+01 3.312715016271501778e+00 8.676704633503796060e+00
1.595437910016013205e+01 3.435185185185185119e+00 8.773194638152796543e+00
1.676110077999896575e+01 3.691076501885428129e+00 9.074810165814350071e+00
1.761759904953768441e+01 4.024701689136835903e+00 9.653488041737693592e+00
1.777101606487938312e+01 4.097805930058370905e+00 9.610527403274963021e+00
1.769955447078877953e+01 4.101920295469807520e+00 9.509899788212200278e+00
1.780557492639082540e+01 4.077478175525595105e+00 9.756409163696471154e+00
1.839930652409731948e+01 4.256317475076191847e+00 1.007913373624670683e+01
1.908905806085024892e+01 4.539858722041428152e+00 1.048755359264424847e+01
1.954651195826230747e+01 4.667590009814556851e+00 1.097748979802675784e+01
1.993089002531122489e+01 4.784954026550957806e+00 1.130981584792602845e+01
2.030071542951598573e+01 4.935797303579730233e+00 1.157190454052378747e+01
2.095987396043183892e+01 5.317744976496720177e+00 1.181642259414226004e+01
2.156687328890955158e+01 5.637033162869983016e+00 1.216417170308383611e+01
2.214457100056820948e+01 5.856260653959398432e+00 1.250482462937135253e+01
2.253159254093703012e+01 6.027948241128157747e+00 1.277060411178263344e+01
2.297962446407355586e+01 6.165253887080944573e+00 1.300230125523012603e+01
2.329423653081254031e+01 6.304803967147063481e+00 1.328114313755875742e+01
2.374648354770391023e+01 6.417025672813678305e+00 1.378515290045973529e+01
2.425310966475541008e+01 6.586831706183170709e+00 1.424920708714293127e+01
2.410617025672813796e+01 6.592956764295676564e+00 1.377357688930213264e+01
1.916818663154088398e+01 4.181906348468412915e+00 1.032493801332713446e+01
1.611962136473991336e+01 3.082275685727568604e+00 8.833024691358025038e+00
1.546729815589648283e+01 3.039989152332248423e+00 8.459429722609639768e+00
1.511469858980319181e+01 2.987352135957435983e+00 8.184574358179657949e+00
1.523616534944986789e+01 3.091170773283744122e+00 8.223096492587426809e+00
1.532216927527248274e+01 3.155117774678444231e+00 8.349133477968903705e+00
1.523569399245828748e+01 3.104082080685985900e+00 8.203347280334728708e+00
1.560288496306627337e+01 3.271422852420062810e+00 8.434596311792963874e+00
1.620022470168913742e+01 3.472845963117929813e+00 8.756239991735110806e+00
1.645310837336639409e+01 3.561052998605299891e+00 9.004660622966062178e+00
1.642645152125626495e+01 3.611388759749987187e+00 8.933024691358024683e+00
1.660829330027377537e+01 3.654676119634278741e+00 9.061215713621571410e+00
1.706327935327237810e+01 3.850251820858515472e+00 9.351987447698745015e+00
1.780508548995299378e+01 4.123913941835838592e+00 9.711644454775557378e+00
1.861904282245983921e+01 4.455147476625858971e+00 1.013188826902216100e+01
1.925090138953458307e+01 4.635923859703496852e+00 1.062070742290407566e+01
1.982250374502815404e+01 4.862203626220362729e+00 1.093096750865230682e+01
2.033040704581848246e+01 5.073288909551113335e+00 1.130652668009711270e+01
2.105221602355493715e+01 5.406090190609019075e+00 1.170696704375225927e+01
2.175939227232811746e+01 5.697019474146391538e+00 1.218107598532982117e+01
2.244023064207862106e+01 5.975767085076708618e+00 1.258115476005992051e+01
2.306467405341184929e+01 6.177609897205433853e+00 1.300190867296864461e+01
2.346178521617852297e+01 6.346630766051965189e+00 1.320810604886615991e+01
2.379001885427966201e+01 6.447609638927630726e+00 1.352774936721938204e+01
2.419980370886926124e+01 6.513864352497546584e+00 1.417947337155844778e+01
2.475114287928095536e+01 6.812470943747094054e+00 1.429739526835063756e+01
2.469188620279973279e+01 6.642041169481895047e+00 1.454534454259001031e+01
2.015487499354305356e+01 4.324194173252750240e+00 1.140568598584637705e+01
1.717641665375277782e+01 3.482744459941112591e+00 9.461464951702049930e+00
1.640675654734232225e+01 3.323837749883774784e+00 9.053630094529676597e+00
1.623471641097163953e+01 3.429709695748747400e+00 8.855551681388501351e+00
1.649332739294385064e+01 3.592353685624257498e+00 8.969587788625444702e+00
1.669391239216901823e+01 3.713216075210496570e+00 9.127382612738260903e+00
1.670386383594193802e+01 3.724777881088899179e+00 9.147581228369233486e+00
1.720698124903145754e+01 3.832707009659589659e+00 9.396949739139419222e+00
1.831031690686502245e+01 4.336280283072472486e+00 1.007257218864610770e+01
1.854198305697608262e+01 4.416764812232036874e+00 1.013704091120409068e+01
1.854490676171289820e+01 4.419093186631540604e+00 1.016942894777622897e+01
1.860114158789193795e+01 4.403016684746113185e+00 1.018262048659538266e+01
1.883877137248824951e+01 4.490549615166072428e+00 1.037748463247068464e+01
1.915564078723074459e+01 4.637117103156154663e+00 1.061312826075726967e+01
1.948038638359419394e+01 4.759925615992561809e+00 1.080223668577922425e+01
1.966610362105480547e+01 4.806047574771423747e+00 1.088475515264218174e+01
1.983765948654372480e+01 4.864441603388605095e+00 1.105870008781445257e+01
2.022838343922723325e+01 5.006951547084043774e+00 1.128980448370267098e+01
2.102597758148664653e+01 5.312778294333384999e+00 1.165143860736608339e+01
2.133218399710728974e+01 5.292735936773593330e+00 1.186752285758561953e+01
2.169724030166847584e+01 5.384855880985588428e+00 1.206413425280231344e+01
2.216047962188129716e+01 5.566638256108269900e+00 1.262235136112402500e+01
2.279945890800144781e+01 5.904912443824577473e+00 1.325092721731494372e+01
2.304709179193140045e+01 6.126714964615940673e+00 1.323705769926132625e+01
2.207853582313136087e+01 5.719936463660313386e+00 1.253073635001807951e+01
1.753002350328012682e+01 3.405321814143292602e+00 1.003405909396146534e+01
1.632981817242626121e+01 2.997180897773645381e+00 9.365773025466191726e+00
1.575169301100263475e+01 3.058733663928921764e+00 8.824595795237357265e+00
1.563851567746267968e+01 3.117996797355235383e+00 8.674814039981404434e+00
1.576455911978924540e+01 3.222634175318972893e+00 8.628807014825145671e+00
1.584352497546360894e+01 3.301774368510770330e+00 8.629084663464022142e+00
1.590043132393202185e+01 3.302604731649362080e+00 8.696032852936617985e+00
1.635868071697918325e+01 3.540362363758458475e+00 8.872749108941578200e+00
1.651492716565938323e+01 3.580332145255436860e+00 9.000911720646728398e+00
1.639204762642698654e+01 3.556711348726690591e+00 8.930458701379203390e+00
1.636832093599876004e+01 3.554020094013120357e+00 8.913967663618988624e+00
1.661091352859135384e+01 3.666250839402861672e+00 9.080510356939925032e+00
1.707536546309210124e+01 3.857855519396663269e+00 9.268902061056872199e+00
1.768984580815124730e+01 4.102997313910842436e+00 9.652865592231004044e+00
1.842353039929748348e+01 4.381898600134304544e+00 1.017456351051190744e+01
1.905782452606023014e+01 4.639714086471408372e+00 1.050861485613926405e+01
1.969889457100056873e+01 4.803898703445425689e+00 1.081423368975670307e+01
2.008720362622036149e+01 4.975785164522960713e+00 1.110150575959502106e+01
2.041851851851851762e+01 5.122545069476728941e+00 1.120414535874786921e+01
2.055223152022315247e+01 5.192286533395320092e+00 1.130516039051603983e+01
2.076182137507102610e+01 5.244627821685003966e+00 1.149301100263443409e+01
2.104005759595020564e+01 5.349820496926493973e+00 1.171064362828658467e+01
2.139497520533085506e+01 5.520823647915698018e+00 1.193336303528074716e+01
2.198997494705304945e+01 5.773295366496203229e+00 1.229062451572911741e+01
2.247891678289167672e+01 5.925554005888733933e+00 1.266956325223410218e+01
2.021165736866573681e+01 4.682929128570690658e+00 1.106057131050157594e+01
1.517241463918590760e+01 2.594436696110336449e+00 8.313692597758148395e+00
1.433080737641407154e+01 2.419736298362518578e+00 7.930303734697040419e+00
1.380829200888475583e+01 2.433211942765638902e+00 7.660189059352239482e+00
1.368312283692339548e+01 2.491729944728549917e+00 7.515505707939460045e+00
1.384204762642698405e+01 2.604911152435559707e+00 7.549449868278320430e+00
1.394261067203884430e+01 2.652359367735936946e+00 7.635882535254920001e+00
1.396078697246758615e+01 2.703910325946587978e+00 7.592641665375277960e+00
1.476047574771424209e+01 2.980524562219122764e+00 7.880028668836200012e+00
1.530426804070458147e+01 3.147075003874167276e+00 8.225442946433183522e+00
1.544098093909809322e+01 3.182083268763882256e+00 8.343082029030425062e+00
1.546743633452141076e+01 3.230116483289426021e+00 8.372014308590319587e+00
1.569624334934655785e+01 3.303694663980577317e+00 8.444214577199234739e+00
1.615705227542744993e+01 3.471774110232966670e+00 8.760724985794720254e+00
1.667276847977684895e+01 3.690284880417376900e+00 9.076716256004958794e+00
1.735710522237718934e+01 3.930746681130223852e+00 9.448925564337001148e+00
1.791682421612686582e+01 4.158902835890283534e+00 9.717777261222170893e+00
1.848434578232346581e+01 4.344115140244847240e+00 1.001140296502918581e+01
1.907323467121235439e+01 4.584199855364429865e+00 1.036792577095924450e+01
1.969777493672193813e+01 4.758508962239784701e+00 1.078098817087659533e+01
2.022092308487008694e+01 5.029291285706906756e+00 1.109249057286016793e+01
2.072857714757993719e+01 5.269359212769254341e+00 1.144002918539180769e+01
2.125675525595330484e+01 5.465293920140503303e+00 1.182707526215197014e+01
2.169692261997003868e+01 5.599857947208016995e+00 1.208095330337310891e+01
2.194560798594968887e+01 5.683979027842346987e+00 1.226194793119479343e+01
2.230927346453845672e+01 5.861056872772353543e+00 1.246455911978924469e+01
2.293568495273516206e+01 6.079993801332713055e+00 1.285330466449713249e+01
2.306639160080582585e+01 6.103550028410558603e+00 1.295454956351051123e+01
1.796988739087762710e+01 4.109137868691564499e+00 9.696098713776537537e+00
1.438981094064776123e+01 2.673868743220207733e+00 7.692667493155638248e+00
1.435176145462058983e+01 2.672830466449713338e+00 7.739601735626839840e+00
1.462422000103311071e+01 2.791905573635002025e+00 8.032284725450693941e+00
1.513005320522754360e+01 3.089987860943230746e+00 8.293561134356114195e+00
1.554762513559584747e+01 3.317849579007180250e+00 8.453747610930316014e+00
1.574546335037966749e+01 3.369750503641717021e+00 8.635726277183739086e+00
1.607120589906503483e+01 3.558768531432408899e+00 8.816303786352600369e+00
1.676266206932176317e+01 3.809919159047471471e+00 9.207211116276667440e+00
1.685861614752828075e+01 3.793218916266336116e+00 9.273157187871273521e+00
1.687921638514385947e+01 3.823080995919210689e+00 9.187079652874631464e+00
1.701617852161785294e+01 3.860735316906865222e+00 9.199261325481687734e+00
1.738282969161630120e+01 3.964503590061470018e+00 9.490362363758459097e+00
1.820616509117206405e+01 4.295994111266077553e+00 9.921234309623431002e+00
1.908065111834288885e+01 4.667813420114675260e+00 1.051531716514282699e+01
1.971445451727878506e+01 4.955263701637480978e+00 1.087320496926494151e+01
2.021799163179916192e+01 5.141323157187871473e+00 1.122876181620951463e+01
2.096654785887700712e+01 5.468619246861925021e+00 1.161223849372384898e+01
2.164553437677566095e+01 5.648908776279766286e+00 1.204672762022831733e+01
2.204911023296658001e+01 5.793882690221602516e+00 1.214481119892556471e+01
2.253030115191900506e+01 5.948011260912236864e+00 1.250529469497391410e+01
2.358953070923084994e+01 6.349597086626375564e+00 1.327357172374606087e+01
2.433334753861253219e+01 6.606649362053825136e+00 1.383924660364688286e+01
2.461817759181775855e+01 6.571621726328839230e+00 1.421298879074332433e+01
2.330201456686812378e+01 5.685443462988790664e+00 1.320135466707991156e+01
1.782591172064672591e+01 3.586114985278165079e+00 9.728720491760938671e+00
1.665419830569760862e+01 3.381206415620641614e+00 9.209777106255488732e+00
1.604793765173820930e+01 3.273192055374761100e+00 8.844512888062400435e+00
1.586372746526163624e+01 3.295795237357301399e+00 8.633112505811251225e+00
1.581413167002427755e+01 3.302923704736814958e+00 8.587835115450177526e+00
1.577845446562322351e+01 3.325720595072059638e+00 8.557967870241231623e+00
1.577359109458133091e+01 3.336198925564337170e+00 8.603779895655767618e+00
1.636712510976806811e+01 3.508871842553850762e+00 8.776743375174337558e+00
1.662943850405495994e+01 3.628559068133684562e+00 8.931751381786249055e+00
1.651317604215093837e+01 3.550344800867813344e+00 9.006397541195310552e+00
1.633473707319592805e+01 3.496632057440983488e+00 8.911928560359521967e+00
1.650493439743788571e+01 3.510781806911514202e+00 9.000176920295469785e+00
1.727629526318508013e+01 3.875420992819877064e+00 9.323274704271915070e+00
1.813170618317061766e+01 4.238985743065240896e+00 9.826464435146442966e+00
1.798410429257709708e+01 4.134003564233689865e+00 9.816788057234361986e+00
1.778018105274032834e+01 4.022653546154243642e+00 9.631406580918435267e+00
1.783937186838162958e+01 4.099314272431427320e+00 9.617534480086781912e+00
1.798366909447802087e+01 4.119753086419753352e+00 9.805534893331266488e+00
1.814776589699881271e+01 4.201646520997985412e+00 9.833929955059662831e+00
1.855334986311276424e+01 4.388009452967612134e+00 1.004432434526576756e+01
1.935197969936463736e+01 4.685938064982695828e+00 1.048408233896378938e+01
2.036531199958675487e+01 5.165660674621623372e+00 1.121192597758148679e+01
2.169044759543364975e+01 5.641815176403739862e+00 1.209479699364636573e+01
2.220013301306885722e+01 5.801096389276305665e+00 1.243379565060178749e+01
1.996465209979854194e+01 4.572253215558655270e+00 1.089835606178005101e+01
1.543927501420527904e+01 2.725408078929696831e+00 8.617157394493517586e+00
1.467323725399039169e+01 2.620039774781755426e+00 8.211439123921689287e+00
1.427759956609328995e+01 2.672013017201301910e+00 7.868665736866574001e+00
1.427691771269177146e+01 2.761249289736039891e+00 7.853397644506431519e+00
1.463552482049692571e+01 2.861231210289787885e+00 7.990760111576011404e+00
1.469308977736453414e+01 2.941308951908673031e+00 7.949613874683609360e+00
1.466900537217831513e+01 2.949647450798078552e+00 8.069341133323002069e+00
1.527920605403171628e+01 3.222362983625187471e+00 8.210346608812438163e+00
1.552912986207965318e+01 3.258900253112247736e+00 8.404084663464022498e+00
1.544674828245260656e+01 3.257991115243556113e+00 8.414666305077741271e+00
1.513793326101554904e+01 3.134926907381579753e+00 8.196567487990082057e+00
1.545348416757063958e+01 3.162637532930419937e+00 8.399761093031665737e+00
1.586158117671367407e+01 3.340568986001342999e+00 8.594268815537992268e+00
1.645216178521617678e+01 3.587551009866212226e+00 8.980862906141846125e+00
1.711204736814918093e+01 3.887498062916472819e+00 9.400215661966010217e+00
1.776774755927475624e+01 4.159331577044269146e+00 9.662230745389742026e+00
1.826932434526576898e+01 4.355949429206053658e+00 1.006130481946381572e+01
1.880969833152538939e+01 4.594614907794824177e+00 1.027139315047264922e+01
1.927454543106565410e+01 4.762532930419959953e+00 1.057163593160803750e+01
1.978572498579472239e+01 4.895318714809649308e+00 1.085452244434113389e+01
2.013574177385195441e+01 5.014393821994937994e+00 1.103199545431065687e+01
2.045275453277545452e+01 5.148941061005217534e+00 1.114636603130326975e+01
2.097707009659589872e+01 5.378564233689756335e+00 1.169622526990030487e+01
2.178234283795650583e+01 5.689253060591973110e+00 1.219057802572447002e+01
2.248929567642956684e+01 5.933325584999225022e+00 1.271214809649258726e+01
2.034160597138281901e+01 4.758554160855416271e+00 1.120377731287773138e+01
1.614778139366702803e+01 3.023997882122010594e+00 8.670487886771011787e+00
1.540442171599772792e+01 2.875188542796632163e+00 8.419580040291338108e+00
1.499880804793636102e+01 2.897738777829433232e+00 8.229141484580814847e+00
1.505251691719613660e+01 3.010916111369388748e+00 8.257021282091017156e+00
1.514040110542899953e+01 3.104240921535203146e+00 8.277661552766154784e+00
1.517892194844774956e+01 3.088000413244485820e+00 8.252413606074693320e+00
1.544508239061934951e+01 3.191757063897928681e+00 8.374811457203367837e+00
1.653295624774007067e+01 3.581680355390257642e+00 8.865368820703547925e+00
1.719747662585877279e+01 3.845179244795702278e+00 9.322594142259413630e+00
1.765514747662586004e+01 3.970245105635621830e+00 9.569683351412779260e+00
1.801647295831396178e+01 4.162755049331060775e+00 9.850016788057233796e+00
1.871757063897928575e+01 4.439596570070768244e+00 1.028395449145100393e+01
1.943322356526680039e+01 4.762769254610258685e+00 1.070467353685624268e+01
2.011669636861408250e+01 5.041453587478692100e+00 1.118402810062503150e+01
2.067232036778759152e+01 5.240964151040859775e+00 1.144017123818379034e+01
2.116849139934913993e+01 5.433888630611085624e+00 1.171538948292783644e+01
2.168092618420373086e+01 5.611492070871428872e+00 1.207184126246190381e+01
2.211160700449403294e+01 5.766020972157653190e+00 1.241483418565008456e+01
2.255766439382199451e+01 5.935750813575081608e+00 1.268855054496616575e+01
2.307274006921845100e+01 6.122994472855002535e+00 1.301853788935378908e+01
2.367346324706854688e+01 6.386643163386538369e+00 1.349350302185030159e+01
2.410397747817552627e+01 6.475541091998553433e+00 1.405352549201921519e+01
2.394332481016581582e+01 6.381004958933829130e+00 1.360806214163954664e+01
1.934361924686192324e+01 4.170449145100469934e+00 1.036422465003357551e+01
1.708149181259362592e+01 3.513719716927527159e+00 9.446730203006353577e+00
1.631577044268815513e+01 3.324958675551423326e+00 9.046493878816054490e+00
1.605662095149542878e+01 3.364423523942352556e+00 8.822519241696369363e+00
1.611632315718787112e+01 3.445766826798904781e+00 8.906768169843482852e+00
1.629500490727826900e+01 3.581561547600599305e+00 8.999892814711504485e+00
1.632837698228214407e+01 3.569692391135905751e+00 9.029732940751072690e+00
1.693158479260292282e+01 3.851770494343716322e+00 9.269604576682679564e+00
1.729867632625652263e+01 3.968810372436592626e+00 9.443256366547858605e+00
1.720343122062089947e+01 3.900262151970659730e+00 9.491899116689911153e+00
1.702283304922774931e+01 3.794201663309055395e+00 9.316462627201818947e+00
1.692225063278061725e+01 3.777852678340823278e+00 9.253534531742342750e+00
1.717183738829485051e+01 3.891383852471718363e+00 9.423087452864301383e+00
1.776229273206260828e+01 4.128987809287670174e+00 9.735409886874322183e+00
