2.880037750627572279e+00 2.880037750627572279e+00 2.880037750627572279e+00
2.830601120962512596e+00 2.830601120962512596e+00 2.830601120962512596e+00
2.810282551891062575e+00 2.810282551891062575e+00 2.810282551891062575e+00
1.500461610565039683e+00 1.500461610565039683e+00 1.500461610565039683e+00
1.135978017321631395e+00 1.135978017321631395e+00 1.135978017321631395e+00
1.051199609653374667e+00 1.051199609653374667e+00 1.051199609653374667e+00
9.723457392510224118e-01 9.723457392510224118e-01 9.723457392510224118e-01
9.602886510570817213e-01 9.602873670221303559e-01 9.604928126143593703e-01
9.410255587157082546e-01 9.438825364826430864e-01 9.417150854846269015e-01
7.777528104314999080e-01 8.278378777470323246e-01 7.549098286455356854e-01
6.300399976887370856e-01 7.336076888012891262e-01 6.143657830366142658e-01
5.529234265756713951e-01 6.867301407944323977e-01 5.508985034572640993e-01
5.126599426036376750e-01 6.604125604298949348e-01 5.121912698463652047e-01
5.008827740291090791e-01 6.518467632688962343e-01 4.973966191359728839e-01
4.951457058661136723e-01 6.471741600806374395e-01 5.006619200174629025e-01
4.907260575632868549e-01 6.426851738904333367e-01 4.930642852098434115e-01
4.722038533888892609e-01 6.484504908223601705e-01 4.938475465302165635e-01
4.964297408175450399e-01 6.542325002086556429e-01 5.041442228057447794e-01
4.883493088681873928e-01 6.445983859680660677e-01 4.985175816485724609e-01
4.779922829499418935e-01 6.411173672147355562e-01 4.886305125225508528e-01
4.733992899286718625e-01 6.498513729543717865e-01 4.967918386738486847e-01
4.768623321926822589e-01 6.498500889194204211e-01 4.775274622975237415e-01
4.711535127986183902e-01 6.446150784224347063e-01 4.738576904063328543e-01
4.742326286121508194e-01 6.469982472922912731e-01 4.713345617267701848e-01
4.699965973073786940e-01 6.432976585622660615e-01 4.800711355363093125e-01
4.678830757773226323e-01 6.376209400419879936e-01 4.800595792217464131e-01
4.940940812408913807e-01 6.491117688223473348e-01 4.952253160331024362e-01
4.768687523674394191e-01 6.428482463292650717e-01 4.990543082582707957e-01
4.765028024062815115e-01 6.470316322010285504e-01 4.968367798971488059e-01
4.890645163361346803e-01 6.481487426087738646e-01 4.961998985612388613e-01
4.909969889380388919e-01 6.435236487137180328e-01 4.886433528720651731e-01
4.919690033962724196e-01 6.412059656263843221e-01 4.950237225457276846e-01
4.828382308566439018e-01 6.318183860964695642e-01 4.925943284176195203e-01
4.952997900602854608e-01 6.456256139292111396e-01 4.976495740214048613e-01
4.875506391283970786e-01 6.326491567100456237e-01 4.905578489846493806e-01
4.715541317034649960e-01 6.339819849896314308e-01 4.882144851982870848e-01
4.787241828722577641e-01 6.424989888224758028e-01 4.923619180914104443e-01
4.832285774818790292e-01 6.412509068496844433e-01 4.877047233225688672e-01
4.919163579632637728e-01 6.502738204533927702e-01 4.919561630467581548e-01
4.911009957691048200e-01 6.508888731951283368e-01 4.824042270430601298e-01
4.714141718937589487e-01 6.443390109078769301e-01 4.897925641535962882e-01
4.871654286429676350e-01 6.425927233739302524e-01 4.971924575786952905e-01
4.817930264061787704e-01 6.443184663486539732e-01 4.996051592524348717e-01
4.911497890972592040e-01 6.453880674631963243e-01 4.978794162777110954e-01
4.851430735944632366e-01 6.480473038476107783e-01 4.982376620291604219e-01
4.946141153962210768e-01 6.523398326902458688e-01 4.992148126271996889e-01
4.816261018624927170e-01 6.509325303834770926e-01 4.889913263439030766e-01
4.817172683440443248e-01 6.530717326125616840e-01 5.052318004096071347e-01
4.827226677110150743e-01 6.533837531057595793e-01 5.031542318581911921e-01
4.884969728876020212e-01 6.550286018785431708e-01 4.888924556526428877e-01
4.709056940529920965e-01 6.452262790593159547e-01 4.799915253693205486e-01
4.600735752027170222e-01 6.368351106517119442e-01 4.890131549380773990e-01
4.745600575247658215e-01 6.498295443601974641e-01 4.987037667165300503e-01
4.722975879403437105e-01 6.477288631796557228e-01 4.915106029186114278e-01
4.851238130701917561e-01 6.527443036999467374e-01 4.946372280253468756e-01
4.886549091866280725e-01 6.560661021192997211e-01 4.923311012525761199e-01
4.885188014817763436e-01 6.469147850204483019e-01 4.894073536681668446e-01
4.902214318273743210e-01 6.495842936844741233e-01 4.898387894118477748e-01
4.889772019594373353e-01 6.534376825737197025e-01 4.999736772834956766e-01
4.940414358078826784e-01 6.584723836182820866e-01 4.967147965767628182e-01
4.238753458869150559e-01 6.014753561591946740e-01 4.112276016153159630e-01
4.482964066281884263e-01 6.220186313471453010e-01 4.453469783447505659e-01
4.566567581969581124e-01 6.297356814052478269e-01 4.686008513151728172e-01
4.771011626936484951e-01 6.421497313156864228e-01 4.859982408721165159e-01
4.773091763557804068e-01 6.517594488921988338e-01 4.913655069690996968e-01
4.739321644335158790e-01 6.401594771409677698e-01 4.994241103242830215e-01
4.770395290159797907e-01 6.431076213894542093e-01 5.025096463125726665e-01
4.851417895595118157e-01 6.480434517427564600e-01 4.934970049884757626e-01
4.853010098934892880e-01 6.437727514942956919e-01 4.831951925731418629e-01
4.705988096995999959e-01 6.388831463992450388e-01 4.884147946507104154e-01
4.768636162276337354e-01 6.453495464146533633e-01 4.968675967359831303e-01
4.909918527982331526e-01 6.528547307057698257e-01 4.959751924447383664e-01
5.008750698194004425e-01 6.549887967950487333e-01 5.009354194621177259e-01
4.924479484331563683e-01 6.519828709737478523e-01 4.930642852098434115e-01
4.889592254701172758e-01 6.548026117270911994e-01 5.027690213727618040e-01
4.924171315943219884e-01 6.502352994048498092e-01 4.933172400952753889e-01
4.842853382469070600e-01 6.480999492806194251e-01 4.932761509768295860e-01
4.798412932800030783e-01 6.550080573193202138e-01 4.943033789379747134e-01
4.840169749420579204e-01 6.523398326902458688e-01 4.912229790894908077e-01
4.983583613145949887e-01 6.630897733036292818e-01 4.915850769457944525e-01
4.968033949884115841e-01 6.606539590007639573e-01 5.039041082698271223e-01
5.018432321727797074e-01 6.621498597191816105e-01 5.080078839746018371e-01
4.969022656796717730e-01 6.607091725036755570e-01 5.038989721300213276e-01
4.969407867282147340e-01 6.615617717114259388e-01 5.080823580017848062e-01
5.059277473532829417e-01 6.585494257153680087e-01 5.074172278969433236e-01
4.845960747051534789e-01 6.509569270475542568e-01 5.022348628329663667e-01
4.765105066159900926e-01 6.456654190127055770e-01 5.103987570541670404e-01
4.996963257339864795e-01 6.557964547794991050e-01 5.174699375316995642e-01
4.988180458272074014e-01 6.577597442202376410e-01 5.046565527513658944e-01
4.873516137109252244e-01 6.487637953505094313e-01 4.982055611553746766e-01
4.870395932177273846e-01 6.535018843212911932e-01 4.960625068214356559e-01
4.873439095012166433e-01 6.555434998940671276e-01 4.875442189536399185e-01
4.668430074666632401e-01 6.481898317272196675e-01 4.866864836060837418e-01
4.860252056060965775e-01 6.569893232493788648e-01 4.907440340526069145e-01
4.819496786702534008e-01 6.546921847212681111e-01 4.891582508875891855e-01
4.879191571594578836e-01 6.557502295212476184e-01 5.045332853960284858e-01
4.875647635128628199e-01 6.640078582939027418e-01 4.952432925224224403e-01
4.949197157146617565e-01 6.579086922746036903e-01 4.986511212835213480e-01
4.849979776449515056e-01 6.474977368883980677e-01 4.835213374508053885e-01
4.877560847206260930e-01 6.513934989310409263e-01 4.961215724292015183e-01
4.819034534120018587e-01 6.455614121816395379e-01 4.986254405844927073e-01
5.019600793533599559e-01 6.517055194242387106e-01 5.100456474425233422e-01
4.970640540835521426e-01 6.601788660687344379e-01 4.975468512252903541e-01
5.013745594155072371e-01 6.633658408181870580e-01 5.022849401960721716e-01
4.955026675826115778e-01 6.579407931483894911e-01 4.925609435088822985e-01
4.975943605184933172e-01 6.560827945736682487e-01 4.969626153223890563e-01
4.930231960913976086e-01 6.578624670163522037e-01 4.979962634582913439e-01
4.890979012448719021e-01 6.590707439056491257e-01 4.977407405029564691e-01
4.877856175245089965e-01 6.588242091949743084e-01 5.027112397999473625e-01
4.844676712100103311e-01 6.534967481814855095e-01 4.961562413728901610e-01
4.842160003595297746e-01 6.537214542979860044e-01 4.881669759050841217e-01
4.874081112487881895e-01 6.596215948998132017e-01 4.878703638313034996e-01
5.081863648328507344e-01 6.575016531949999798e-01 4.982196855398404178e-01
5.031272671242110750e-01 6.622808312842275447e-01 5.031914688717826767e-01
4.967995428835572658e-01 6.658555845890125058e-01 5.058917943746428225e-01
4.865696364255034934e-01 6.611804133308508691e-01 5.053139786464987404e-01
4.996924736291321612e-01 6.579356570085838074e-01 5.158482013880417716e-01
4.933454888642068714e-01 6.519250894009335218e-01 5.096257680134053114e-01
4.931053743282892143e-01 6.553637350008667539e-01 5.005373686271740175e-01
4.880501287245038733e-01 6.575003691600485034e-01 5.048722706232063873e-01
4.035631969902220839e-01 5.986209464621626841e-01 4.313818142129828836e-01
4.370020351953980420e-01 6.168015973394795903e-01 4.595997663056388127e-01
4.611585847366765356e-01 6.314794008692916627e-01 4.752624246431987887e-01
4.686496446433272012e-01 6.468891043214196612e-01 4.918187713069549494e-01
4.773682419635462693e-01 6.501056118747552404e-01 4.989669938815734507e-01
4.906772642351324709e-01 6.565643076804550393e-01 4.998953511514583337e-01
4.886690335710938138e-01 6.553534627212552754e-01 4.998118888796153070e-01
4.853382469070808281e-01 6.569726307950102262e-01 4.964900904602623233e-01
4.886112519982793723e-01 6.570958981503476348e-01 5.064143965998754160e-01
4.940029147593397729e-01 6.608401440687216022e-01 4.874671768565540519e-01
4.928074782195571157e-01 6.596421394590360476e-01 5.043753490970024345e-01
5.011742499630840175e-01 6.566798708260839224e-01 4.960560866466784957e-01
5.020589500446202003e-01 6.588152209503143064e-01 4.978807003126625164e-01
4.975584075398532535e-01 6.630050269968348342e-01 4.934790284991557585e-01
5.049672892096123133e-01 6.663910271637594196e-01 5.023684024679151428e-01
5.035330221688634200e-01 6.673977105656816455e-01 5.076920113765496234e-01
4.986793700524528306e-01 6.576018079212115897e-01 4.959097066622153438e-01
4.836895460294429183e-01 6.519571902747193226e-01 4.941043535205028037e-01
5.000365949961157463e-01 6.582566657464415938e-01 5.096540167823367939e-01
5.144216385570015149e-01 6.596973529619476473e-01 5.087025468833261677e-01
5.072913924717030731e-01 6.602353636065974030e-01 5.194165345180695725e-01
4.957838712369750933e-01 6.566850069658896061e-01 5.172336751006362254e-01
4.808415565071681441e-01 6.505511720029019118e-01 5.111768822347344532e-01
4.887422235633254175e-01 6.590347909270090065e-01 4.978447473340224527e-01
4.879371336487779431e-01 6.548603932999056410e-01 4.993522043670028943e-01
4.894304662972925879e-01 6.617941820376350703e-01 5.024082075514095802e-01
4.873528977458766454e-01 6.565707278552121995e-01 5.012037827669668655e-01
4.865632162507463332e-01 6.568866004532643021e-01 5.024249000057781078e-01
4.826623180682978465e-01 6.549438555717486121e-01 4.950840721884449680e-01
4.853690637459151525e-01 6.501569732728125217e-01 4.759044421189144725e-01
4.788089291790522672e-01 6.539333200649721789e-01 4.843148710507900190e-01
4.760084489499804006e-01 6.529497492921757518e-01 4.949068753651474362e-01
4.800030816838834480e-01 6.539204797154578586e-01 5.029166853921763769e-01
4.936177042739103293e-01 6.607040363638698732e-01 5.077600652289755434e-01
4.807837749343537026e-01 6.493698598475849959e-01 4.968663127010317093e-01
4.996757811747635780e-01 6.586675569308996225e-01 5.029500703009135432e-01
4.930386045108147708e-01 6.611637208764822304e-01 5.069511232095738062e-01
4.927163117380055080e-01 6.581398185658613453e-01 5.083404490270224674e-01
4.953755481224199064e-01 6.587099300842969019e-01 5.156633003550357142e-01
4.925481031593679782e-01 6.546626519173851522e-01 5.062898452095866419e-01
4.980835778349886889e-01 6.667749536142373312e-01 5.107133456172676667e-01
4.898850146700993169e-01 6.602777367599945713e-01 5.167072207705494247e-01
4.805860335518332693e-01 6.589179437464287581e-01 5.128653881958666894e-01
4.732349334548886510e-01 6.455562760418338542e-01 4.989580056369134486e-01
4.713499701461874025e-01 6.522114291951026654e-01 5.013309022271585924e-01
4.660250772026014454e-01 6.517350522281216696e-01 4.948580820369930522e-01
4.707760065228975277e-01 6.501287245038810392e-01 4.952522807670824978e-01
4.602726006201888764e-01 6.421600035952979013e-01 4.977368883981022063e-01
4.389910053351652186e-01 6.271791678169479356e-01 4.850262264138829882e-01
4.490218863757471368e-01 6.348654010362162481e-01 4.937306993496363150e-01
4.629921866473205583e-01 6.459414865272632422e-01 5.017032723630737712e-01
4.630165833113977225e-01 6.489127434048754806e-01 5.049929699086409540e-01
4.573141840920910139e-01 6.403597865933911004e-01 4.940491400175912595e-01
4.714501248723990123e-01 6.509184059990112958e-01 5.008519571902747547e-01
4.647359061113643386e-01 6.440834879525421108e-01 4.896898413574817255e-01
4.468788320418081716e-01 6.383515559293524433e-01 4.896256396099101793e-01
4.546870485814623608e-01 6.417349880263740758e-01 5.091493910464243156e-01
4.495997021038912744e-01 6.364332077119139175e-01 5.052125398853356542e-01
4.561315879018226771e-01 6.443595554670997760e-01 5.042970229649651470e-01
4.605512362046494945e-01 6.405755044652315933e-01 4.978242027747995513e-01
3.877438863885874776e-01 5.660655243035714879e-01 4.111248788192014558e-01
4.244582977548648772e-01 6.075026162212134873e-01 4.503316020262071451e-01
4.366681861080258797e-01 6.237739071257519807e-01 4.703188900801879568e-01
4.456936677816369929e-01 6.317015389158893157e-01 4.854563781226124974e-01
4.577944131639263281e-01 6.335608215255619236e-01 4.908878459671672245e-01
4.518634557232648064e-01 6.368530871410319483e-01 5.017263849921994590e-01
4.634570072997387102e-01 6.413754582399733284e-01 4.987384356602186930e-01
4.690913526666196098e-01 6.378032730050912091e-01 5.070371535513196193e-01
4.578367863173235519e-01 6.309606507489133875e-01 4.925416829846108180e-01
4.727200354393646387e-01 6.409876796846409874e-01 4.971744810893752309e-01
4.757991512528971234e-01 6.540681437348724314e-01 5.061216366309491121e-01
4.713538222510416653e-01 6.508798849504683348e-01 5.039708780873015659e-01
4.694059412297202916e-01 6.516631462708415423e-01 4.993920094504972207e-01
4.676121444025706508e-01 6.423320642787896384e-01 5.053178307513530587e-01
4.521921686708312293e-01 6.369391174827778723e-01 5.026226413882985966e-01
4.560006163367766874e-01 6.404599413196027102e-01 4.975160343864559742e-01
4.520817416650081411e-01 6.331293857818809379e-01 4.927355722622769885e-01
4.594341257969041803e-01 6.408939451331865378e-01 4.858287482585276207e-01
4.594867712299128826e-01 6.321804839527731534e-01 4.771114349732599735e-01
4.757041326664911973e-01 6.444211891447685359e-01 4.848272009964111340e-01
4.741915394937050166e-01 6.426376645972303736e-01 4.870498654973388630e-01
4.778073819169357805e-01 6.465783678631732423e-01 5.025815522698527937e-01
4.644662587715637780e-01 6.408169030361006158e-01 4.988565668757503624e-01
4.616721987172490715e-01 6.448230920845665626e-01 4.793777566625363473e-01
4.577225072066461453e-01 6.443236024884597679e-01 4.960791992758042945e-01
4.611534485968707964e-01 6.410390410826982688e-01 4.953562875981484259e-01
4.701879185151419671e-01 6.444032126554485318e-01 5.059598482270687425e-01
4.740361712645818071e-01 6.466798066243363285e-01 5.041275303513761408e-01
4.651493653657252647e-01 6.493570194980707866e-01 5.020281332057858759e-01
4.645381647288439053e-01 6.424193786554870389e-01 5.089876026425439459e-01
4.779062526081959694e-01 6.487008776378893060e-01 5.098941313182544510e-01
4.793289633343819633e-01 6.517003832844330269e-01 5.115967616638524840e-01
4.752239035946558277e-01 6.537176021931316861e-01 5.071861016056856686e-01
4.816530665964727786e-01 6.522833351523827927e-01 5.049390404406808308e-01
4.794894677033108565e-01 6.596138906901045651e-01 5.077048517260639438e-01
4.785521221887659715e-01 6.585956509736194953e-01 5.017045563980251366e-01
4.817301086935586452e-01 6.620278763987955672e-01 5.009521119164863645e-01
4.762793803247324376e-01 6.628637831521774215e-01 5.029629106504278635e-01
4.631128859327550695e-01 6.478726750942160884e-01 5.105708177376587775e-01
4.660969831598816282e-01 6.474990209233495442e-01 5.041686194698219436e-01
4.722564988218979076e-01 6.471407751719001622e-01 4.953999447864970707e-01
4.821718167168510538e-01 6.444481538787485420e-01 4.885457662157564052e-01
4.695677296336006057e-01 6.419352974787974064e-01 5.011344448795895801e-01
4.805924537265904295e-01 6.450413780263098973e-01 5.117996391861786565e-01
4.823464454702456883e-01 6.509826077465828975e-01 5.067520977921019520e-01
4.871166353148132511e-01 6.612985445463825940e-01 5.118997939123902663e-01
4.844432745459331668e-01 6.546446754280651481e-01 4.963424264408476949e-01
4.826700222780064276e-01 6.450182653971840985e-01 5.119562914502532314e-01
4.885200855167277645e-01 6.497691947174801808e-01 5.000109142970872167e-01
4.899723290467966619e-01 6.507258007562966018e-01 4.991506108796281427e-01
4.928896564564487215e-01 6.669572865773406578e-01 5.105631135279502519e-01
4.913500985496825346e-01 6.649837248569906434e-01 5.148094171123337448e-01
4.935971597146874279e-01 6.605486681347466638e-01 5.110690232988142068e-01
4.933814418428469351e-01 6.593301189658382633e-01 5.067020204289960361e-01
5.012423038155098265e-01 6.662048420958018857e-01 5.121617370424822457e-01
4.943483201612747790e-01 6.620535570978242079e-01 4.976996513845106662e-01
4.840773245847752038e-01 6.607618179366842037e-01 4.988334542466246191e-01
4.908737215827014833e-01 6.660802907055130007e-01 5.018701969067598245e-01
4.900814720176683292e-01 6.618262829114208712e-01 5.013283341572557505e-01
4.880822295982896741e-01 6.579035561347980066e-01 5.047772520368004612e-01
4.152851520618391357e-01 5.926373435884925156e-01 4.183963687491573658e-01
4.412714514089073337e-01 6.218529908384106131e-01 4.648270725929160019e-01
4.722500786471407475e-01 6.458657284651287966e-01 4.804691863712530209e-01
4.661406403482302729e-01 6.478880835136332506e-01 4.984431076213894363e-01
4.738204533927413697e-01 6.566400657425894849e-01 4.974710931631559085e-01
4.774170352917006532e-01 6.574605640765541770e-01 5.051175212989297281e-01
4.736804935830353225e-01 6.592736214279752982e-01 5.007710629883345144e-01
4.776057884295610290e-01 6.576262045852888649e-01 4.969664674272433746e-01
4.723232686393723512e-01 6.504908223601846284e-01 4.899415122079622820e-01
4.879165890895550417e-01 6.605011588415437007e-01 5.116725197259869296e-01
4.861382006818225632e-01 6.672166616375297954e-01 5.176381461103370940e-01
4.893996494584582635e-01 6.689770735559421588e-01 5.194537715316610571e-01
4.845999268100077417e-01 6.600979718667941976e-01 5.211204488986189709e-01
4.876559299944144277e-01 6.612664436725967931e-01 5.309510204867776695e-01
5.015196553650190792e-01 6.723194165345180995e-01 5.288028300130329651e-01
4.891877836914720890e-01 6.647795632997129944e-01 5.218151118073434125e-01
4.955193600369802165e-01 6.705487323364941465e-01 5.353205914264986820e-01
4.894060696332154237e-01 6.630037429618834688e-01 5.202087840831027821e-01
4.846744008371907664e-01 6.641170012647744647e-01 5.112308117026945764e-01
4.976007806932504773e-01 6.715297350393877318e-01 5.165788172754062213e-01
4.784660918470201030e-01 6.554138123639725588e-01 5.214658543005540325e-01
4.877445284060631936e-01 6.568686239639442981e-01 5.067649381416161614e-01
4.917070602661804402e-01 6.641092970550658281e-01 5.126278417298518741e-01
4.892481333341893723e-01 6.703368665695079720e-01 5.088887319512837015e-01
4.821307275984052509e-01 6.602571922007717253e-01 5.211076085491047616e-01
4.837563158469173619e-01 6.610828266745421011e-01 5.051226574387355228e-01
4.888475144293427666e-01 6.733325201111973746e-01 5.176407141802399359e-01
4.928203185690714361e-01 6.640194146084656968e-01 5.154206177492151042e-01
4.878613755866434420e-01 6.576274886202402303e-01 4.988706912602161037e-01
4.835149172760482283e-01 6.550337380183488545e-01 5.038142258232268800e-01
4.747770594315577353e-01 6.553072374630037888e-01 4.992507656058398080e-01
4.799928094042719695e-01 6.478444263252846058e-01 4.901045846467940725e-01
4.824029430081086534e-01 6.548308604960226820e-01 5.070551300406397344e-01
4.779524778664475115e-01 6.549913648649515752e-01 5.122606077337424901e-01
4.835675627090569306e-01 6.573360126862652919e-01 5.135985721531339809e-01
4.868559762196726926e-01 6.652212713230054586e-01 5.133058121842076771e-01
4.831476832799388998e-01 6.714681013617190830e-01 5.137975975706058351e-01
4.709275226471664744e-01 6.589834295289517252e-01 5.081902169377050527e-01
4.819650870896705630e-01 6.625119575754851997e-01 5.105502731784359316e-01
4.708196637112462279e-01 6.587818360415770291e-01 5.139760784288548434e-01
4.703253102549451170e-01 6.535339851950769940e-01 5.043188515591394694e-01
4.694714270122432587e-01 6.628393864881002573e-01 5.196964541374816671e-01
4.776712742120840516e-01 6.557348211018303452e-01 5.156902650890157203e-01
4.737588197150726654e-01 6.558208514435762693e-01 5.086807182891518453e-01
4.753112179713531726e-01 6.594341257969041914e-01 5.096694252017539561e-01
4.776378893033468298e-01 6.637728798977907685e-01 5.103602360056240794e-01
4.890747886157461033e-01 6.696101027869978406e-01 5.109175071745453156e-01
4.779794426004275731e-01 6.660661663210472039e-01 5.101432340988322212e-01
4.721563440956862978e-01 6.643044703676833640e-01 4.991287822854538203e-01
4.631539750512008724e-01 6.516990992494815504e-01 5.006182628291142578e-01
4.703471388491194949e-01 6.548193041814598381e-01 4.987872289883730770e-01
4.595304284182615273e-01 6.515308906708440206e-01 5.084637163823598760e-01
4.785367137693488093e-01 6.537946442902176081e-01 5.109598803279424839e-01
4.804152569032928977e-01 6.521215467485025341e-01 4.979770029340198634e-01
4.710893110510467885e-01 6.525606867018920454e-01 5.064439294037583750e-01
4.656848079404721230e-01 6.484402185427486920e-01 5.120923991551049603e-01
4.597487143600048620e-01 6.452429715136845934e-01 5.028640399591677301e-01
4.617633651988007348e-01 6.452224269544617474e-01 4.957954275515379372e-01
4.753664314742647168e-01 6.527391675601409426e-01 5.086730140794432087e-01
4.857594103711502798e-01 6.488793584961383143e-01 5.079257057377102313e-01
4.080688756347947699e-01 5.906689180079481849e-01 4.190679190287559530e-01
4.346252865002985244e-01 6.178057126714988634e-01 4.600389062590283795e-01
4.547422620843739605e-01 6.346291386051527983e-01 4.842211364993355138e-01
4.750120378276696531e-01 6.434928318748835974e-01 4.770870383091827538e-01
4.680833852297459630e-01 6.454330086864964455e-01 4.923837466855847667e-01
4.840169749420579204e-01 6.500876353854352363e-01 4.944895640059322472e-01
4.701070243132017823e-01 6.539898176028351440e-01 5.007402461495001900e-01
4.720009758665630883e-01 6.548745176843713267e-01 5.072824042270430711e-01
4.746345315519488461e-01 6.504651416611559878e-01 4.961061640097843561e-01
4.773554016140319489e-01 6.540193504067181030e-01 5.072079301998599909e-01
4.874710289614083147e-01 6.600389062590283906e-01 5.120359016172419953e-01
4.821230233886966143e-01 6.565039580377377559e-01 5.075661759513093729e-01
4.801879827168895609e-01 6.534800557271168708e-01 4.913860515283225983e-01
4.825480389576204399e-01 6.583825011716818443e-01 4.933018316758582267e-01
4.660135208880385460e-01 6.522833351523827927e-01 4.993586245417600544e-01
4.728831078781964292e-01 6.487393986864322670e-01 5.023658343980123009e-01
4.679780943637285584e-01 6.528264819368383431e-01 5.016223781611335308e-01
4.693507277268087474e-01 6.528868315795556265e-01 5.021488324912204426e-01
4.705358919869798706e-01 6.593712080842840662e-01 5.049390404406808308e-01
4.772770754819946060e-01 6.672641709307327584e-01 5.194229546928267327e-01
4.893662645497210417e-01 6.623694296958763106e-01 5.003473314543621653e-01
4.823361731906342653e-01 6.513254450786150063e-01 5.015645965883190893e-01
4.776006522897553452e-01 6.518968406320020392e-01 4.876880308682002285e-01
4.766568866004532445e-01 6.495277961466111583e-01 4.959495117457097257e-01
4.638884430434196404e-01 6.513832266514294478e-01 4.878754999711092388e-01
4.677623764918881211e-01 6.563152048998773802e-01 5.084085028794483874e-01
4.731142341694540843e-01 6.509363824883312999e-01 4.954037968913513890e-01
4.829306813731469861e-01 6.550363060882516963e-01 5.106029186114445784e-01
4.816504985265698813e-01 6.542119556494327970e-01 5.080900622114934428e-01
4.897334985458304257e-01 6.619983435949126083e-01 5.047926604562176234e-01
4.927728092758684730e-01 6.664372524220109062e-01 5.211653901219190921e-01
4.943881252447691610e-01 6.629870505075148301e-01 5.226291899665509444e-01
4.837563158469173619e-01 6.613909950628855672e-01 5.222812164947130409e-01
4.860996796332796022e-01 6.564628689192919531e-01 5.151869233880546073e-01
4.846679806624336062e-01 6.586996578046854234e-01 5.084007986697397508e-01
4.745908743636002014e-01 6.487175700922579447e-01 4.980078197728542433e-01
4.760444019286205197e-01 6.534286943290595895e-01 4.944459068175835470e-01
4.586791132454625664e-01 6.510943187873573512e-01 4.844740913847674912e-01
4.846050629498134810e-01 6.655307237463004011e-01 4.959649201651268879e-01
5.010766633067752496e-01 6.700646511598046251e-01 5.076239575241238144e-01
4.852124114818405221e-01 6.656668314511521301e-01 5.130002118657669419e-01
4.976842429650935040e-01 6.684801520297382060e-01 5.160433747006593075e-01
4.950725158738820686e-01 6.646023664764154626e-01 5.077793257532470239e-01
4.815131067867667314e-01 6.624220751288849574e-01 5.055900461610565166e-01
4.817724818469558690e-01 6.497024249000057372e-01 4.951701025301908921e-01
4.659043779171668787e-01 6.509980161660000597e-01 5.032030251863455206e-01
4.740836805577847701e-01 6.555242393697956471e-01 5.107801154347421102e-01
4.909173787710501280e-01 6.617646492337521114e-01 5.212899415122079771e-01
4.785213053499316471e-01 6.595753696415616041e-01 5.196707734384530264e-01
4.808120237032851851e-01 6.660944150899787974e-01 5.216982646267631640e-01
4.804024165537785773e-01 6.655101791870774441e-01 5.083455851668282621e-01
4.839296605653605754e-01 6.645535731482611341e-01 5.130451530890670631e-01
4.771448198819971953e-01 6.631693834706180457e-01 5.012782567941499456e-01
4.889425330157486926e-01 6.589153756765259162e-01 5.045743745144742887e-01
4.827123954314036514e-01 6.588858428726429572e-01 5.078884687241186358e-01
4.908133719399841999e-01 6.675672031792705408e-01 5.178114908287803075e-01
4.994279624291373398e-01 6.714424206626904423e-01 5.105515572133872970e-01
4.889913263439030766e-01 6.625851475677168034e-01 5.124134078929628577e-01
4.788821191712838155e-01 6.630294236609119984e-01 5.054462342464961511e-01
4.997695157262180832e-01 6.679832305035342532e-01 5.169152344326812809e-01
4.143850435608857352e-01 6.017167547300638075e-01 4.332398127877040706e-01
4.503559986902843648e-01 6.296663435178705415e-01 4.611495964920165336e-01
4.606770716298897450e-01 6.449322350554381744e-01 4.903960605807690110e-01
4.765117906509415135e-01 6.503444423757214210e-01 4.982748990427519620e-01
4.760418338587176224e-01 6.488164407835180780e-01 4.914720818700685223e-01
4.865208430973491094e-01 6.590951405697262899e-01 4.974980578971359702e-01
4.797180259246656697e-01 6.519533381698650043e-01 4.954962474078544177e-01
4.695407648996205441e-01 6.458117989971686734e-01 4.951996353340737955e-01
4.739976502160389016e-01 6.602982813192175282e-01 5.149609332366027470e-01
4.746884610199089694e-01 6.621768244531616165e-01 5.283624060246919774e-01
4.818431037692845753e-01 6.613550420842455591e-01 5.179232018695548723e-01
4.726417093073273512e-01 6.571665200726763967e-01 5.169794361802527716e-01
4.699606443287386304e-01 6.569636425503502242e-01 5.152960663589263302e-01
4.833171758935277951e-01 6.698823181967012985e-01 5.189054886073999340e-01
4.868765207788955940e-01 6.659916922938642347e-01 5.150944728715515231e-01
4.841402422973953290e-01 6.573848060144197314e-01 5.087153872328404880e-01
4.812036543634717889e-01 6.581025815522698608e-01 5.038617351164298430e-01
4.830500966236300764e-01 6.605435319949408690e-01 5.153679723162064574e-01
4.894599991011755469e-01 6.707349174044517914e-01 5.175354233142226423e-01
4.835983795478913105e-01 6.630358438356691586e-01 5.074429085959719643e-01
4.792339447479760373e-01 6.652880411404797911e-01 5.076213894542209726e-01
4.844291501614673701e-01 6.612985445463825940e-01 5.107171977221219850e-01
4.881900885342099206e-01 6.631668154007152038e-01 5.190287559627373426e-01
4.839835900333206986e-01 6.655576884802804072e-01 5.188502751044883343e-01
4.828523552411096431e-01 6.709634756258064936e-01 5.196129918656385849e-01
4.745831701538915648e-01 6.661367882433759657e-01 5.260485750422126960e-01
4.828716157653811236e-01 6.671550279598610356e-01 5.149930341103884368e-01
4.892917905225380171e-01 6.580319596299410989e-01 5.056568159785309602e-01
4.721345155015119754e-01 6.570817737658819491e-01 5.042353892872963872e-01
4.923439416020903847e-01 6.667582611598688036e-01 5.082377262309080157e-01
4.789925461771069592e-01 6.620818058667556905e-01 5.064940067668641799e-01
4.894933840099127687e-01 6.649670324026220047e-01 5.174134399938365991e-01
4.755795812762023123e-01 6.677071629889765880e-01 5.303629324790221089e-01
4.882902432604215304e-01 6.643840805346721279e-01 5.195808909918527840e-01
4.972052979282096108e-01 6.623963944298564277e-01 5.152870781142662171e-01
4.834763962275053228e-01 6.588383335794399942e-01 5.194062622384580941e-01
4.876841787633459657e-01 6.642466887948690335e-01 5.214504458811368703e-01
4.851687542934918773e-01 6.618969048337495220e-01 5.142097727900153403e-01
4.911433689225020438e-01 6.618545316803523537e-01 4.958711856136723828e-01
4.856271547711528691e-01 6.596382873541817293e-01 5.046655409960258964e-01
4.693211949229257884e-01 6.512047457931804395e-01 5.138091538851687901e-01
4.781810360878023247e-01 6.605961774279496268e-01 5.130207564249898988e-01
4.906053582778523436e-01 6.626827342240255714e-01 5.072040780950057837e-01
4.853960284798952141e-01 6.596280150745703619e-01 5.088900159862351780e-01
4.856887884488215734e-01 6.634120660764386557e-01 5.296875300945691478e-01
5.016223781611335308e-01 6.674991493268447318e-01 5.219152665335550223e-01
4.936742018117732944e-01 6.618737922046238342e-01 5.070461417959797323e-01
4.859096424604677500e-01 6.553059534280523124e-01 5.124301003473314964e-01
4.762511315558009550e-01 6.558889052960021893e-01 5.092726584017617242e-01
4.687241186705102258e-01 6.534800557271168708e-01 5.020833467086973645e-01
4.666028929307455830e-01 6.573347286513139265e-01 5.161037243433765909e-01
4.608748130124101783e-01 6.453354220301876776e-01 4.999890857029128388e-01
4.625196617851937697e-01 6.529343408727585896e-01 5.073504580794688801e-01
4.643905007094293325e-01 6.578200938629549244e-01 5.004449181106709332e-01
4.695484691093291807e-01 6.612536033230824728e-01 5.248518544674786179e-01
4.766440462509389242e-01 6.560609659794939263e-01 5.095089208328250630e-01
4.647962557540816220e-01 6.516836908300643882e-01 5.099467767512632088e-01
4.784493993926514643e-01 6.616799029269576637e-01 5.161383932870652336e-01
4.903562554972746290e-01 6.723014400451979844e-01 5.131915330735302705e-01
4.848747102896140970e-01 6.636021032492503968e-01 4.985638069068240030e-01
3.925025199185921965e-01 5.965536501903582201e-01 4.435069562593493830e-01
4.216064561277357847e-01 6.260029918014368144e-01 4.613152370007511660e-01
4.413613338555075205e-01 6.429727977195539568e-01 4.977869657612080112e-01
4.643686721152549546e-01 6.549515597814572487e-01 5.096796974813654346e-01
4.799504362508747457e-01 6.596703882279675302e-01 5.086023921571145578e-01
4.974569687786901673e-01 6.782234092411995041e-01 5.149442407822341083e-01
4.852945897187321278e-01 6.653047335948484298e-01 5.074544649105349192e-01
4.921218035554927872e-01 6.710944471908525388e-01 4.976765387553849229e-01
4.979924113534370256e-01 6.651134123870852122e-01 4.990337636990478942e-01
4.903344269031003066e-01 6.631308624220750847e-01 5.077677694386840690e-01
4.981233829184830153e-01 6.681540071520746249e-01 5.137346798579857099e-01
5.013565829261872331e-01 6.727007749150931692e-01 5.183405132287700612e-01
4.962499759243446662e-01 6.703959321772738900e-01 5.303102870460133511e-01
4.837922688255574255e-01 6.589590328648745610e-01 5.080322806386790013e-01
4.834738281576024255e-01 6.614346522512343229e-01 5.207069896442581003e-01
4.905796775788237030e-01 6.749375638004866396e-01 5.196040036209785828e-01
5.059649843668744262e-01 6.798489974897116150e-01 5.371644656167541276e-01
4.876405215749972655e-01 6.675222619559704196e-01 5.336975712478894129e-01
4.952009193690252165e-01 6.619700948259811257e-01 5.145372017026303979e-01
4.865940330895807131e-01 6.585365853658536883e-01 5.128320032871295231e-01
4.927561168214998899e-01 6.697025533035009248e-01 5.191866922617633939e-01
5.026573103319872393e-01 6.714090357539532761e-01 5.304091577372735955e-01
4.954859751282429947e-01 6.785302935945916047e-01 5.365815137488042508e-01
4.904628303982434545e-01 6.771512400567543111e-01 5.243369564519546611e-01
4.815541959052125343e-01 6.653689353424200315e-01 5.147259548404907736e-01
4.940619803671055799e-01 6.638165370861395242e-01 5.086011081221630814e-01
4.899363760681565982e-01 6.603586309619348116e-01 5.066468069260845475e-01
4.762485634858981132e-01 6.543480633542845259e-01 5.093201676949646872e-01
4.863539185536630560e-01 6.658144954705667029e-01 5.186422614423564781e-01
4.801019523751436369e-01 6.541503219717640372e-01 5.060843996173576276e-01
4.845729620760277356e-01 6.649708845074763230e-01 5.048247613300034242e-01
4.816723271207442036e-01 6.619867872803497644e-01 5.063360704678381286e-01
4.824722808954859943e-01 6.640027221540970581e-01 5.124262482424771781e-01
4.834301709692537807e-01 6.621331672648129718e-01 5.232968881412951578e-01
4.791466303712786923e-01 6.664988860996796660e-01 5.188271624753625355e-01
4.945755943476781713e-01 6.678599631481968446e-01 5.207082736792095767e-01
4.863218176798772552e-01 6.780230997887762845e-01 5.164915028987089318e-01
4.899582046623309206e-01 6.723155644296637812e-01 5.217676025141404494e-01
4.775865279052896040e-01 6.614308001463800046e-01 5.155836901880469503e-01
4.858698373769734236e-01 6.639179758473026105e-01 5.085227819901257940e-01
4.847719874934995898e-01 6.676622217656764668e-01 5.239671543859424352e-01
4.831014580216873577e-01 6.692197561617627688e-01 5.217059688364716896e-01
4.809455633382340722e-01 6.625145256453880416e-01 5.206774568403751413e-01
4.760225733344461418e-01 6.531539108494532897e-01 5.079180015280015947e-01
4.799645606353404870e-01 6.631321464570265611e-01 4.970743263631636211e-01
4.887268151439081998e-01 6.662420791093933703e-01 5.186551017918707984e-01
4.961292766389100994e-01 6.699555081889329022e-01 5.043971776911767568e-01
4.914258566118169802e-01 6.673733139016043703e-01 5.085394744444944326e-01
4.933596132486726127e-01 6.681116339986774566e-01 5.148479381608767058e-01
5.065196874658928206e-01 6.652790528958197891e-01 5.158404971783332460e-01
5.032685109688685987e-01 6.690322870588537585e-01 5.262193516907530677e-01
4.860200694662908938e-01 6.705371760219313026e-01 5.265493486732708561e-01
4.835649946391540888e-01 6.772372703985002351e-01 5.134162391900307654e-01
4.948028685340815080e-01 6.762280189266751673e-01 5.113258302891005025e-01
4.885277897264363456e-01 6.720433490199603233e-01 5.199802258617479689e-01
4.921834372331614915e-01 6.762074743674523214e-01 5.345617267702026387e-01
5.019164221650113111e-01 6.816517825615213688e-01 5.453129514185376392e-01
4.986151683048812844e-01 6.769342381499624528e-01 5.218061235626834105e-01
4.983750537689635718e-01 6.784018900994485124e-01 5.286988231819670370e-01
5.054770510853305865e-01 6.841838994857439848e-01 5.281877772712972874e-01
4.188586213316726758e-01 5.992835084971013249e-01 4.291771262013752142e-01
4.593968887833126957e-01 6.252338548655294037e-01 4.615142624182230202e-01
4.712177145461899364e-01 6.525876514358720515e-01 4.907093651089182718e-01
4.786355844606089982e-01 6.639642011055540971e-01 5.137680647667229872e-01
4.782465218703252918e-01 6.629241327948947049e-01 4.994613473378745616e-01
4.807028807324135178e-01 6.667993502783146065e-01 5.135356544405138557e-01
4.735585102626493348e-01 6.648257885579645921e-01 5.171758935278217839e-01
4.896320597846673395e-01 6.689590970666221548e-01 5.220911793219011887e-01
4.853485191866922510e-01 6.711727733228898263e-01 5.215518846422999566e-01
4.865336834468634297e-01 6.609942282628933352e-01 5.095718385454451882e-01
4.885175174468249226e-01 6.647115094472871855e-01 5.154077773997007839e-01
4.896346278545701813e-01 6.693841126355459803e-01 5.100584877920376625e-01
4.855398403944555241e-01 6.653894799016428774e-01 5.186551017918707984e-01
4.786086197266289366e-01 6.623578733813134667e-01 5.160459427705622604e-01
4.869317342818071381e-01 6.702469841229078407e-01 5.225675562888821846e-01
4.832260094119761873e-01 6.652405318472768281e-01 5.174725056016025171e-01
4.863153975051200950e-01 6.627161191327628487e-01 5.192200771705005602e-01
4.862871487361886125e-01 6.629986068220776740e-01 5.285717037217753100e-01
4.782978832683825732e-01 6.616593583677348178e-01 5.229617550189715747e-01
4.743558959674882280e-01 6.569392458862730599e-01 5.186717942462394371e-01
4.874170994934481915e-01 6.640553675871057049e-01 5.086909905687633238e-01
4.928177504991685942e-01 6.741080772218619455e-01 5.229450625646030471e-01
4.902317041069857995e-01 6.680577045307173334e-01 5.156350515861041206e-01
4.933043997457610685e-01 6.628740554317889000e-01 5.193882857491380900e-01
4.823169126663627848e-01 6.682246290744033868e-01 5.220886112519982358e-01
4.983416688602263500e-01 6.779704543557675267e-01 5.253911491470797390e-01
4.947746197651500255e-01 6.794984559479708697e-01 5.095654183706880280e-01
4.833595490469250744e-01 6.722885996956836641e-01 5.112423680172574203e-01
4.770831862043284910e-01 6.640797642511828691e-01 5.085073735707086318e-01
4.811356005110459244e-01 6.619290057075353229e-01 5.053114105765958985e-01
4.911600613768706824e-01 6.623694296958763106e-01 5.077857459280041841e-01
4.882979474701301115e-01 6.704318851559138981e-01 5.215827014811342810e-01
4.901238451710655530e-01 6.679845145384857297e-01 5.193754453996237697e-01
4.976585622660648633e-01 6.701044562432989515e-01 5.292073010227338337e-01
4.940876610661342205e-01 6.674516400336417687e-01 5.227884103005283611e-01
4.826507617537349470e-01 6.679870826083885715e-01 5.172413793103448620e-01
4.729729903247966161e-01 6.606899119794040764e-01 5.171835977375304205e-01
4.795177164722423946e-01 6.639937339094370561e-01 5.145423378424360816e-01
4.825570272022804419e-01 6.593981728182640722e-01 5.121270680987936030e-01
4.930912499438234731e-01 6.675954519482020233e-01 5.250059386616503510e-01
4.890760726506975797e-01 6.592749054629266636e-01 5.233623739238182360e-01
4.982261057145975780e-01 6.666452660841427624e-01 5.306595445528027311e-01
4.885085292021648651e-01 6.629665059482918732e-01 5.159329476948362192e-01
4.904358656642633929e-01 6.663512220802649821e-01 5.177819580248974596e-01
4.901289813108712923e-01 6.669200495637491732e-01 5.198569585064105603e-01
4.859417433342535508e-01 6.634544392298358240e-01 5.167008005957922645e-01
4.882979474701301115e-01 6.636650209618706331e-01 5.139298531706033568e-01
5.004539063553310463e-01 6.683722930938179596e-01 5.100520676172805024e-01
4.971346760058809044e-01 6.786060516567260503e-01 5.241700319082684967e-01
4.889296926662343723e-01 6.767942783402564055e-01 5.205349289607663632e-01
4.854063007595066925e-01 6.716067771364736538e-01 5.122567556288881718e-01
4.907671466817326578e-01 6.726429933422787277e-01 5.222760803549072461e-01
4.808505447518281462e-01 6.584839399328449305e-01 5.106208951007646935e-01
4.902663730506744422e-01 6.635301972919702695e-01 5.135061216366308967e-01
4.963937878389049763e-01 6.688923272491477112e-01 5.160253982113393034e-01
4.797334343440828319e-01 6.595419847328244378e-01 5.109585962929911185e-01
4.847925320527224913e-01 6.672526146161698035e-01 5.236975070461418191e-01
4.913436783749253745e-01 6.699131350355356229e-01 5.312463485256068152e-01
4.803844400644585733e-01 6.637356428841992839e-01 5.199224442889335274e-01
4.828728998003325446e-01 6.685918630705127708e-01 5.174879140210196793e-01
4.094350888231177432e-01 6.125565777900474629e-01 4.503084893970814018e-01
4.471831483252974304e-01 6.388536135953620798e-01 4.819804955090877807e-01
4.645343126239896425e-01 6.521279669232596943e-01 4.974454124641272679e-01
4.675620670394647904e-01 6.624028146046135879e-01 5.071963738852971471e-01
4.795973266392311030e-01 6.676891864996564729e-01 5.194396471471953713e-01
4.902920537497030828e-01 6.757811747635770194e-01 5.114696422036607570e-01
4.836587291906085939e-01 6.671819926938411527e-01 5.127665175046064450e-01
4.913873355632740192e-01 6.644765310511752121e-01 5.093933576871962909e-01
5.023183251048093378e-01 6.670176362200579412e-01 5.220526582733582277e-01
4.946076952214639166e-01 6.717351806316167462e-01 5.271618333451036920e-01
4.934084065768269967e-01 6.865362515167663382e-01 5.395078294031163679e-01
5.009071706931862433e-01 6.868058988565668432e-01 5.149943181453399133e-01
5.036190525106093441e-01 6.810649785887171737e-01 5.144126503123415128e-01
5.076329457687838165e-01 6.869060535827785641e-01 5.210767917102703262e-01
4.913552346894882739e-01 6.826841466624721244e-01 5.208007241957126610e-01
4.871590084682105304e-01 6.721306633966576127e-01 5.341662440051617722e-01
4.967867025340430009e-01 6.812126426081317465e-01 5.233187167354695912e-01
4.937499598739077955e-01 6.835470181498339848e-01 5.284766851353693839e-01
5.093766652328276523e-01 6.857144691478501697e-01 5.282340025295488850e-01
5.064041243202640485e-01 6.816723271207442147e-01 5.292637985605967987e-01
5.012333155708498245e-01 6.785315776295430812e-01 5.313683318459928584e-01
4.980630332757657874e-01 6.703497069190222923e-01 5.281941974460544476e-01
5.016223781611335308e-01 6.805950217964933380e-01 5.348005572711689304e-01
5.221502449296669957e-01 6.915593962467658784e-01 5.331017790304252157e-01
5.131260472910073034e-01 6.846577083828221388e-01 5.237771172131305830e-01
5.074955540289807221e-01 6.796949132955398820e-01 5.145924152055418865e-01
5.097605916833056749e-01 6.790362033654555596e-01 5.209869092636701948e-01
4.977535808524707894e-01 6.744432103441855286e-01 5.251664430305792441e-01
5.150662241026200405e-01 6.775043496683980093e-01 5.381981137526563597e-01
5.173941794695651186e-01 6.868315795555954839e-01 5.316456833955020000e-01
5.091789238503071635e-01 6.821063309343280423e-01 5.156453238657155991e-01
5.012012146970640236e-01 6.772167258392773892e-01 5.154475824831952213e-01
4.956734442311519495e-01 6.666478341540457153e-01 5.230477853607174987e-01
4.969420707631661549e-01 6.786163239363375288e-01 5.224006317451961312e-01
4.765965369577360167e-01 6.681283264530460952e-01 5.255079963276599875e-01
4.866068734390950334e-01 6.754653021655249168e-01 5.121527487978222437e-01
4.887280991788596762e-01 6.667646813346259638e-01 5.175700922579112850e-01
4.978794162777110954e-01 6.739334484684673665e-01 5.120192091628734676e-01
4.912615001380337687e-01 6.679691061190685675e-01 5.237283238849761435e-01
5.100225348133976544e-01 6.783479606314883892e-01 5.250226311160189896e-01
5.099724574502918495e-01 6.852226837614520116e-01 5.274481731392728356e-01
4.964169004680307196e-01 6.746692004956374999e-01 5.215685770966685952e-01
5.006259670388227834e-01 6.812691401459948226e-01 5.146707413375791740e-01
5.056658042231909622e-01 6.828741838352839766e-01 5.090633607046783915e-01
4.989926745806020913e-01 6.786689693693462866e-01 5.059123389338657795e-01
5.147362271201022521e-01 6.810290256100770545e-01 5.198171534229161228e-01
5.040260915902130545e-01 6.741132133616677402e-01 5.259009110227980122e-01
5.200739604132024185e-01 6.789000956606038306e-01 5.312219518615296510e-01
5.161217008326967060e-01 6.842956105265185496e-01 5.411847790496857602e-01
5.116815079706469316e-01 6.803202383168870382e-01 5.230144004519803325e-01
5.143702771589442335e-01 6.812819804955091429e-01 5.270308617800576467e-01
5.195282455588441373e-01 6.743430556179739188e-01 5.241803041878799752e-01
5.012333155708498245e-01 6.752059271053357792e-01 5.184380998850788291e-01
4.996565206504920975e-01 6.862075385691998042e-01 5.180336288753779606e-01
5.049942539435923194e-01 6.777329078897527115e-01 5.118882375978274224e-01
5.027882818970332846e-01 6.732541939791600871e-01 5.115338439512323587e-01
4.849080951983513188e-01 6.635751385152703907e-01 5.158854384016332562e-01
4.869317342818071381e-01 6.690746602122509268e-01 5.190159156132230223e-01
4.847604311789366904e-01 6.670343286744264688e-01 5.100982928755321000e-01
4.961613775126959003e-01 6.781540713538222187e-01 5.257121578849376364e-01
4.255407392189215487e-01 6.134926392696409270e-01 4.540655756649695785e-01
4.616323936337546896e-01 6.427943168613049485e-01 4.934302351710013745e-01
4.664552289113309547e-01 6.549862287251458914e-01 5.086524695202203628e-01
4.679999229579029363e-01 6.563922469969633022e-01 5.006285351087256252e-01
4.821910772411224788e-01 6.573578412804396143e-01 5.160934520637652234e-01
4.755834333810566306e-01 6.559993323018252775e-01 5.217573302345289710e-01
4.785546902586688134e-01 6.566798708260839224e-01 5.211037564442504433e-01
4.900789039477654319e-01 6.609043458162930929e-01 5.133122323589648373e-01
4.856297228410557110e-01 6.712793482238587073e-01 5.103897688095070384e-01
4.941415905340943437e-01 6.680731129501344956e-01 5.189876668442915397e-01
4.900647795632996906e-01 6.663319615559935016e-01 5.084406037532341882e-01
4.873824305497595488e-01 6.703741035830995676e-01 5.083224725377024633e-01
5.021411282815118060e-01 6.746935971597146642e-01 5.133096642890619954e-01
4.879743706623694277e-01 6.557502295212476184e-01 5.111062603124056913e-01
5.061691459241520752e-01 6.663281094511392944e-01 5.186525337219679566e-01
5.044344147047682414e-01 6.749298595907781140e-01 5.233033083160523180e-01
4.986241565495412864e-01 6.777881213926643111e-01 5.301228179431044518e-01
5.034392876174089704e-01 6.771705005810257916e-01 5.147426472948594123e-01
4.799504362508747457e-01 6.707939830122175984e-01 5.130695497531442273e-01
4.816928716799671051e-01 6.751134765888326950e-01 5.161499496016281885e-01
4.686676211326472052e-01 6.606693674201812305e-01 5.106350194852303792e-01
4.887152588293453559e-01 6.663691985695850972e-01 5.170218093336500509e-01
4.820151644527764234e-01 6.645702656026296617e-01 5.171553489685989380e-01
4.853472351517408301e-01 6.735867590315808284e-01 5.227948304752855213e-01
4.826340692993663084e-01 6.719573186782143992e-01 5.172118465064619031e-01
4.867057441303552223e-01 6.695086640258347543e-01 5.294191667897200082e-01
4.861150880526968199e-01 6.679703901540200439e-01 5.254977240480486200e-01
4.834725441226510045e-01 6.649169550395161998e-01 5.164799465841459769e-01
4.917712620137520418e-01 6.712665078743443869e-01 5.192252133103063549e-01
4.925172863205336538e-01 6.693430235171001774e-01 5.185575151355620305e-01
4.877830494546061546e-01 6.656706835560064484e-01 5.202126361879569894e-01
5.014361930931759970e-01 6.683132274860521527e-01 5.211769464364820470e-01
4.898477776565078323e-01 6.578406384221778813e-01 5.207403745529953776e-01
4.771140030431628154e-01 6.575067893348056636e-01 5.181517600909096855e-01
4.906015061729980253e-01 6.712819162937615491e-01 5.213014978267708210e-01
5.010021892795921694e-01 6.774478521305350442e-01 5.349610616400978236e-01
4.987795247786644959e-01 6.764886780218157813e-01 5.193394924209836505e-01
5.013976720446330360e-01 6.782439538004224611e-01 5.292085850576853101e-01
4.930617171399405696e-01 6.726969228102388509e-01 5.257725075276549198e-01
5.005399366970768593e-01 6.720703137539403293e-01 5.221335524752983570e-01
4.832478380061505097e-01 6.670998144569495469e-01 5.191751359472004390e-01
4.913796313535654381e-01 6.720536212995718017e-01 5.146861497569963362e-01
4.925532392991737174e-01 6.713795029500703171e-01 5.168099435666638763e-01
4.946552045146668797e-01 6.787344551518692537e-01 5.280221367625627105e-01
5.106979371978505045e-01 6.893071989419552459e-01 5.405183649098928012e-01
5.054950275746505906e-01 6.826648861382006439e-01 5.364441220090010454e-01
4.989811182660391919e-01 6.755590367169794774e-01 5.154000731899922583e-01
4.916775274622975367e-01 6.649862929268934852e-01 5.076496382231524551e-01
4.851109727206774358e-01 6.633465802939155775e-01 5.147696120288394184e-01
4.781733318780937436e-01 6.708299359908577175e-01 5.195796069569014186e-01
4.716607066044337659e-01 6.685623302666298118e-01 5.161653580210453507e-01
4.842660777226356350e-01 6.680345919015915346e-01 5.135484947900281760e-01
4.769881676179225649e-01 6.661997059559960910e-01 5.216623116481230449e-01
4.857131851128987932e-01 6.724593763442240357e-01 5.186794984559479627e-01
4.977047875243164055e-01 6.749285755558266375e-01 5.292008808479766735e-01
4.895781303167072163e-01 6.736124397306094691e-01 5.276985599548019712e-01
4.812434594469661708e-01 6.701057402782504280e-01 5.255824703548430676e-01
4.942571536797231713e-01 6.775082017732522166e-01 5.348467825294204170e-01
4.947219743321413232e-01 6.830976059168331060e-01 5.398288381409741543e-01
4.889438170507001136e-01 6.727405799985876067e-01 5.300034026926212505e-01
4.422062288535493768e-01 6.256267695606674284e-01 4.522294056844227139e-01
4.731822880218799487e-01 6.565810001348236780e-01 4.903690958467889494e-01
4.760341296490090413e-01 6.553521786863037990e-01 5.030823259009110648e-01
4.915324315127858057e-01 6.727046270199474876e-01 5.291058622615707474e-01
5.008404008757117998e-01 6.821872251362681716e-01 5.313221065877413718e-01
5.074275001765548021e-01 6.801956869265981531e-01 5.189594180753600572e-01
5.106196110658132170e-01 6.767493371169562844e-01 5.291289748906965462e-01
5.003948407475651283e-01 6.757940151130913398e-01 5.243228320674888643e-01
4.930912499438234731e-01 6.773772302082062824e-01 5.203179270539743939e-01
4.844047534973902058e-01 6.689282802277878304e-01 5.205452012403777307e-01
4.924261198389819905e-01 6.750377185266982494e-01 5.285601474072124661e-01
4.954641465340686723e-01 6.726712421112103213e-01 5.217945672481204555e-01
5.014105123941473563e-01 6.756014098703766457e-01 5.280170006227569157e-01
5.100019902541746974e-01 6.757721865189170174e-01 5.135780275939111350e-01
5.064606218581270136e-01 6.773541175790804836e-01 5.228628843277114413e-01
4.972271265223839332e-01 6.695150842005919145e-01 5.220950314267553960e-01
5.033725177999345268e-01 6.774555563402435698e-01 5.174750736715053590e-01
4.902689411205772840e-01 6.784083102742056726e-01 5.219948767005437862e-01
4.975173184214074507e-01 6.803125341071784016e-01 5.206466400015408169e-01
4.886433528720651731e-01 6.670651455132609042e-01 5.081722404483850486e-01
4.912075706700736455e-01 6.634210543210986577e-01 5.131106388715900302e-01
4.939117482777881096e-01 6.682246290744033868e-01 5.263361988713333162e-01
4.915118869535628487e-01 6.697757432957325285e-01 5.327589416983929960e-01
4.884995409575048630e-01 6.610571459755134605e-01 5.213669836092938992e-01
4.949543846583503992e-01 6.657785424919265838e-01 5.230567736053775008e-01
4.984931849844952967e-01 6.783685051907113461e-01 5.239825628053595974e-01
5.103538158308669193e-01 6.811920980489089006e-01 5.336744586187636141e-01
4.830757773226587171e-01 6.698463652180612904e-01 5.304926200091166777e-01
4.986999146116757320e-01 6.721640483053948900e-01 5.367176214536559797e-01
4.948811946661187955e-01 6.712639398044414341e-01 5.166186223589006588e-01
4.947759038001014464e-01 6.700209939714558693e-01 5.243998741645747863e-01
4.868251593808383682e-01 6.659390468608555880e-01 5.166160542889977059e-01
4.866017372992892942e-01 6.656758196958121321e-01 5.149314004327197880e-01
4.834751121925539019e-01 6.664167078627880603e-01 5.204912717724176074e-01
4.898619020409735736e-01 6.742133680878793500e-01 5.303655005489249508e-01
4.792930103557418997e-01 6.737241507713840338e-01 5.248788192014586240e-01
4.729575819053794539e-01 6.645317445540868118e-01 5.261140608247356631e-01
4.757144049461026203e-01 6.627957292997515015e-01 5.203962531860116814e-01
4.869304502468557172e-01 6.735713506121636662e-01 5.303577963392163142e-01
4.966454586893855327e-01 6.833685372915850875e-01 5.305606738615424867e-01
4.911780378661907420e-01 6.824247716022829868e-01 5.346849941255400473e-01
5.054860393299905885e-01 6.841235498430267015e-01 5.331980816517825073e-01
4.959572159554183068e-01 6.732400695946944014e-01 5.301228179431044518e-01
5.010869355863866170e-01 6.779383534819817259e-01 5.318318684634595339e-01
4.985959077806098039e-01 6.820203005925821182e-01 5.379913841254758688e-01
4.722616349617036469e-01 6.764219082043413378e-01 5.261564339781328314e-01
4.752547204334902076e-01 6.746820408451518203e-01 5.193767294345752461e-01
4.915568281768629699e-01 6.725133058121841589e-01 5.228397716985856425e-01
4.923798945807305039e-01 6.682759904724606681e-01 5.328295636207217578e-01
5.023748226426723029e-01 6.768456397383136869e-01 5.214761265801655110e-01
4.948298332680615697e-01 6.838218016294403956e-01 5.325778927702412568e-01
4.885804351594450479e-01 6.745780340140858922e-01 5.206697526306666157e-01
4.813282057537606184e-01 6.699195552102927831e-01 5.225649882189793427e-01
4.875853080720857213e-01 6.694816992918547482e-01 5.155015119511553445e-01
5.128820806502353280e-01 6.774902252839322125e-01 5.206016987782406957e-01
5.098864271085459254e-01 6.729203448917879804e-01 5.171579170385017798e-01
5.053101265416444221e-01 6.761432726198807197e-01 5.187591086229367265e-01
5.046103274931144078e-01 6.751725421965986129e-01 5.062693006503636850e-01
4.879088848798464051e-01 6.640874684608915057e-01 5.102459568949466728e-01
5.025751320950956336e-01 6.729768424296509455e-01 5.133148004288676791e-01
4.232256242014907910e-01 6.193748033821480092e-01 4.525157454785919131e-01
4.564089394513318743e-01 6.321201343100558701e-01 4.725235780917956818e-01
4.768751725421965793e-01 6.514602687485153698e-01 4.869843797148158404e-01
4.836728535750743352e-01 6.648039599637902697e-01 5.058956464794971408e-01
4.910252377069703744e-01 6.669547185074378159e-01 5.066930321843360341e-01
4.913796313535654381e-01 6.615348069774459328e-01 5.264389216674477678e-01
4.811959501537632078e-01 6.584762357231364049e-01 5.097837043124313627e-01
4.853459511167894092e-01 6.598809699600023393e-01 5.073080849260717118e-01
4.902843495399945017e-01 6.681026457540174546e-01 4.932620265923638447e-01
4.906284709069780869e-01 6.656848079404721341e-01 5.081940690425593710e-01
4.980797257301343706e-01 6.726224487830558818e-01 5.249751218228160266e-01
4.917173325457919186e-01 6.712780641889072308e-01 5.179026573103320263e-01
4.982838872874119640e-01 6.800544430819407404e-01 5.154167656443607859e-01
4.883685693924588733e-01 6.667903620336546044e-01 5.046681090659287383e-01
4.834738281576024255e-01 6.620856579716100088e-01 5.219422312675351394e-01
4.865439557264748527e-01 6.688383977811875880e-01 5.182596190268299319e-01
4.904538421535833970e-01 6.700620830899016722e-01 5.253629003781482565e-01
4.946333759204925573e-01 6.687883204180817831e-01 5.162732169569655971e-01
5.043933255863224385e-01 6.715451434588048940e-01 5.168446125103525191e-01
5.152729537298005313e-01 6.771961812800544322e-01 5.188939322928369791e-01
4.932132332642094608e-01 6.662754640181305366e-01 5.127793578541207653e-01
4.988398744213817237e-01 6.713705147054103151e-01 5.210421227665816835e-01
5.092251491085587611e-01 6.760405498237661570e-01 5.219704800364666220e-01
5.055874780911536748e-01 6.657323172336750972e-01 5.145872790657362028e-01
5.056337033494051614e-01 6.676776301850936290e-01 5.191815561219575992e-01
4.884828485031362799e-01 6.527609961543152650e-01 5.081581160639192518e-01
4.953639918078570070e-01 6.705012230432911835e-01 5.309022271586232300e-01
5.172644919394705498e-01 6.723784821422839064e-01 5.208764822578471065e-01
5.011716818931811757e-01 6.655628246200862019e-01 5.249353167393215891e-01
4.871936774118991731e-01 6.681321785579003025e-01 5.239093728131279937e-01
4.904448539089233949e-01 6.655808011094062060e-01 5.246746576441810861e-01
4.848734262546626761e-01 6.695138001656405491e-01 5.321644335158802752e-01
4.916081895749202513e-01 6.696499078704922781e-01 5.304130098421279138e-01
4.935535025263387832e-01 6.706090819792114299e-01 5.272401594771409794e-01
4.807722186197908032e-01 6.627495040415000149e-01 5.198762190306820408e-01
4.937666523282763786e-01 6.625568987987853209e-01 5.184702007588646300e-01
4.956824324758120071e-01 6.653779235870800335e-01 5.220038649452037882e-01
4.815862967789983351e-01 6.644136133385550869e-01 5.100674760366976646e-01
4.753484549849447127e-01 6.669829672763692985e-01 5.161704941608510344e-01
4.761894978781322507e-01 6.656835239055206577e-01 5.221939021180156404e-01
4.791569026508901707e-01 6.666786509928800397e-01 5.200007704209708148e-01
4.939168844175938489e-01 6.764013636451183809e-01 5.305914907003768111e-01
5.041262463164247754e-01 6.781181183751822106e-01 5.213425869452166239e-01
4.920974068914155675e-01 6.809866524566798862e-01 5.316970447935592814e-01
4.855912017925128055e-01 6.744688910432141693e-01 5.341405633061332425e-01
4.881541355555698014e-01 6.725518268607271199e-01 5.193549008404009237e-01
4.970563498738435615e-01 6.754794265499907135e-01 5.179630069530493097e-01
4.934944369185729207e-01 6.681758357462490583e-01 5.160497948754164677e-01
4.896371959244730787e-01 6.693905328103031405e-01 5.217098209413260079e-01
4.801173607945608546e-01 6.623142161929648219e-01 5.086383451357545660e-01
4.773990588023805937e-01 6.641709307327345879e-01 5.104924916056214901e-01
4.987230272408014753e-01 6.715194627597763644e-01 5.093304399745760547e-01
4.896975455671903621e-01 6.602597602706745672e-01 5.069164542658851635e-01
4.808197279129937662e-01 6.644636907016608918e-01 5.104924916056214901e-01
5.003986928524194466e-01 6.746242592723373788e-01 5.256839091160061539e-01
5.024621370193697034e-01 6.802162314858209990e-01 5.297530158770922259e-01
4.921847212681129125e-01 6.740220468801160214e-01 5.326318222382012690e-01
4.984058706077979517e-01 6.783877657149827156e-01 5.184137032210016649e-01
5.026765708562587198e-01 6.768071186897707259e-01 5.195885952015614206e-01
5.073658664988861533e-01 6.785213053499316027e-01 5.164504137802631289e-01
4.189895928967186656e-01 6.117309433162770871e-01 4.145327075803003081e-01
4.440822039175906233e-01 6.308797565469732582e-01 4.624824247716022851e-01
4.662125463055104557e-01 6.494597422941852383e-01 4.967147965767628182e-01
4.748130124101977989e-01 6.555717486629986102e-01 5.139503977298262027e-01
4.761856457732779324e-01 6.620291604337470437e-01 5.158995627860990529e-01
4.870062083089901628e-01 6.692698335248685737e-01 5.187205875743937655e-01
4.864656295944375652e-01 6.717531571209368613e-01 5.138720715977889153e-01
4.939091802078852678e-01 6.763166173383239332e-01 5.259368640014381313e-01
4.999723932485442002e-01 6.774041949421862885e-01 5.194922925802040181e-01
4.813654427673521030e-01 6.740798284529304629e-01 5.222503996558786055e-01
4.854345495284381751e-01 6.748836343325265164e-01 5.332443069100341049e-01
4.923400894972361219e-01 6.791877194897245618e-01 5.260614153917270164e-01
4.940619803671055799e-01 6.823669900294686563e-01 5.226368941762594700e-01
5.013321862621100689e-01 6.843007466663242333e-01 5.222375593063642851e-01
4.938128775865279207e-01 6.710816068413382185e-01 5.132326221919760734e-01
4.853138502430036083e-01 6.618956207987981566e-01 5.164773785142431350e-01
5.030771897611052701e-01 6.779653182159618430e-01 5.216597435782202030e-01
5.187231556442966074e-01 6.844445585808845989e-01 5.254373744053313366e-01
5.010599708524066109e-01 6.741543024801135431e-01 5.130079160754755785e-01
4.902792134001887625e-01 6.762870845344409743e-01 5.200816646229110551e-01
5.023375856290808184e-01 6.803356467363042004e-01 5.277178204790734517e-01
4.948978871204874341e-01 6.804833107557187732e-01 5.339543782381755976e-01
4.914297087166712430e-01 6.781925924023651797e-01 5.161409613569681865e-01
4.834019222003222982e-01 6.707105207403745162e-01 5.174943341957768395e-01
4.805937377615418504e-01 6.696396355908807996e-01 5.189671222850685828e-01
4.731617434626570473e-01 6.664860457501653457e-01 5.157596029763930057e-01
4.867327088643352839e-01 6.705204835675626640e-01 5.323968438420894067e-01
4.892031921108892512e-01 6.673219525035472000e-01 5.239954031548739177e-01
4.897322145108790048e-01 6.716594225694823006e-01 5.306274436790169302e-01
4.875698996526685591e-01 6.722898837306351405e-01 5.353359998459158442e-01
4.943290596370032985e-01 6.741953915985593460e-01 5.301844516207731006e-01
4.930578650350862513e-01 6.771717846159772680e-01 5.277717499470335749e-01
4.956285030078518838e-01 6.803407828761098841e-01 5.183572056831386998e-01
5.129090453842153341e-01 6.861754376954141144e-01 5.170205252986986855e-01
4.988809635398275266e-01 6.791774472101130833e-01 5.150482476133000365e-01
4.921384960098613703e-01 6.687010060413844936e-01 5.192444738345777244e-01
4.884032383361475160e-01 6.705281877772713006e-01 5.224006317451961312e-01
5.017982909494796973e-01 6.638858749735168097e-01 5.245411180092321990e-01
4.972219903825781939e-01 6.706039458394057462e-01 5.183905905918758661e-01
4.921359279399585285e-01 6.705795491753285820e-01 5.217997033879262503e-01
4.892609736837036927e-01 6.642941980880719965e-01 5.055592293222221922e-01
4.701018881733960986e-01 6.557271168921218196e-01 5.161075764482309092e-01
4.738243054975956325e-01 6.691221695054538898e-01 5.167842628676352357e-01
4.862768764565771340e-01 6.715579838083192143e-01 5.173004449181106690e-01
4.890118709031259780e-01 6.728201901655762596e-01 5.292329817217624743e-01
4.929564262739231650e-01 6.779255131324675165e-01 5.291187026110850677e-01
4.929281775049916825e-01 6.746653483907831816e-01 5.291032941916679055e-01
4.940825249263284813e-01 6.740117746005046540e-01 5.362001553682290700e-01
4.938668070544880440e-01 6.747886157461205903e-01 5.235716716209015686e-01
4.781027099557649818e-01 6.640078582939027418e-01 5.199083199044678416e-01
4.820113123479221051e-01 6.676635058006279433e-01 5.279797636091654311e-01
4.782131369615880701e-01 6.646370354201041053e-01 5.283816665489634579e-01
4.783299841421683740e-01 6.636508965774048363e-01 5.230580576403289772e-01
4.831849202935303844e-01 6.690130265345822780e-01 5.170988514307359729e-01
4.664102876880308890e-01 6.675171258161647359e-01 5.138823438774003938e-01
4.963770953845363931e-01 6.773220167052946827e-01 5.211525497724047717e-01
4.948670702816530542e-01 6.765785604684159127e-01 5.101303937493179008e-01
4.950173023709705244e-01 6.804640502314472927e-01 5.192162250656462419e-01
4.802444802547525260e-01 6.743160908839939127e-01 5.207429426228982194e-01
4.818353995595759942e-01 6.728908120879050214e-01 5.187205875743937655e-01
4.182974980578971214e-01 6.059476498950301382e-01 4.458207872418287199e-01
4.451684974865015576e-01 6.413459254360903694e-01 4.853279746274693496e-01
4.644251696531179752e-01 6.465449829544359650e-01 4.943585924408862575e-01
4.721858768995692013e-01 6.583118792493531934e-01 5.049685732445636788e-01
4.765387553849215752e-01 6.725056016024756333e-01 5.157647391161986894e-01
4.753625793694104540e-01 6.682323332841120234e-01 5.084765567318741963e-01
4.698925904763127659e-01 6.678008975404310377e-01 5.193805815394294534e-01
4.678355664841197248e-01 6.662754640181305366e-01 5.154771152870780693e-01
4.750030495830096511e-01 6.715708241578335347e-01 5.195654825724356218e-01
4.823939547634486513e-01 6.692839579093342595e-01 5.143818334735071884e-01
4.860175013963879964e-01 6.736650851636181159e-01 5.170102530190872070e-01
4.934494956952727995e-01 6.784057422043028307e-01 5.268575170616144332e-01
4.952458605923253376e-01 6.745022759519514466e-01 5.157711592909558496e-01
4.958570612292066415e-01 6.733248159014888490e-01 5.096450285376767919e-01
5.092598180522474038e-01 6.807722186197908698e-01 5.163502590540514081e-01
4.978691439980996170e-01 6.790400554703098779e-01 5.201189016365025397e-01
4.956798644059091097e-01 6.684480511559525162e-01 5.111884385492972971e-01
4.877702091050918343e-01 6.687664918239074607e-01 5.196746255433072337e-01
4.818328314896731523e-01 6.631886439948895262e-01 5.157608870113444821e-01
4.962833608330818880e-01 6.762883685693924507e-01 5.203500279277601948e-01
5.091814919202101164e-01 6.804358014625158102e-01 5.205477693102805725e-01
5.052600491785386172e-01 6.878408310274205517e-01 5.272452956169466631e-01
4.961177203243472555e-01 6.788474502275951838e-01 5.285691356518724682e-01
4.939900744098254526e-01 6.823130605615085331e-01 5.262154995858987494e-01
5.043817692717595946e-01 6.823387412605370628e-01 5.290788975275907413e-01
5.007787671980431510e-01 6.773220167052946827e-01 5.184124191860502995e-01
4.959777605146412083e-01 6.754974030393107176e-01 5.160408066307564656e-01
4.922437868758787749e-01 6.784121623790599909e-01 5.262655769490045543e-01
4.995114247009803665e-01 6.786753895441033357e-01 5.234240076014868848e-01
4.905321682856207399e-01 6.769997239324854199e-01 5.259047631276523305e-01
4.988912358194390051e-01 6.760469699985233172e-01 5.252511893373738028e-01
5.082364421959565393e-01 6.864386648604574592e-01 5.320463023003486613e-01
5.039439133533214488e-01 6.781309587246965309e-01 5.277255246887819773e-01
4.980758736252801078e-01 6.748951906470893602e-01 5.229373583548944104e-01
4.985317060330382022e-01 6.819111576217105064e-01 5.200534158539795726e-01
5.001418858621331509e-01 6.823066403867513730e-01 5.180207885258636402e-01
4.971975937185010297e-01 6.806438151246476664e-01 5.266931605878312217e-01
5.013180618776442721e-01 6.808942019401768020e-01 5.245218574849607185e-01
4.955411886311545389e-01 6.792236724683645699e-01 5.154244698540694225e-01
5.022374309028692085e-01 6.824671447556802661e-01 5.250804126888334311e-01
4.915683844914258693e-01 6.728163380607220523e-01 5.230221046616888581e-01
4.949903376369904628e-01 6.737806483092469989e-01 5.161114285530852275e-01
5.046437124018515741e-01 6.765387553849215863e-01 5.343460088983622569e-01
5.136576377608998989e-01 6.788050770741979045e-01 5.229091095859629279e-01
