4.486623478584251501e+01 2.129318157818619284e+01 2.315238605738107580e+01
5.422679252732923771e+01 2.769696336665029079e+01 3.246999752074084000e+01
6.121169659377338945e+01 3.231693540611642135e+01 3.845505998429802474e+01
6.337735242668968283e+01 3.348321679284871522e+01 4.020515984334755188e+01
6.709948027382040436e+01 3.524914832856611469e+01 4.309934138939519954e+01
7.123214703843311213e+01 3.774246925029957822e+01 4.642797637357844565e+01
7.428743796113072051e+01 3.985194920273453079e+01 4.892408416625728051e+01
7.572405845542154168e+01 4.097344208404688715e+01 5.025414357665272291e+01
7.726381957421018853e+01 4.198604842819560190e+01 5.157841919681185772e+01
8.056533421790851435e+01 4.430883993627385564e+01 5.441357256653826369e+01
8.464821837681984107e+01 4.714301193258251743e+01 5.808632987002254566e+01
8.935317276304250811e+01 5.047670414633138591e+01 6.258270510130528663e+01
9.277230644561468864e+01 5.301909259114720641e+01 6.563659111047854822e+01
9.346699715803440256e+01 5.332273526562507016e+01 6.647812512912808813e+01
9.477845753350443658e+01 5.432558182243913336e+01 6.779732171142342168e+01
9.716773680368399368e+01 5.601171909075466004e+01 6.982452928510103618e+01
9.867630287364501385e+01 5.704281428053276670e+01 7.108537604392880382e+01
1.003467083243421882e+02 5.798343028460976711e+01 7.229024778817944252e+01
1.011034046196862306e+02 5.823069621270207108e+01 7.256247159182211703e+01
1.039278673320875868e+02 5.993299802118389152e+01 7.494379083316881918e+01
1.044983437171440812e+02 6.000006198147901415e+01 7.523273815809409371e+01
1.030198868723227434e+02 5.851111304962650195e+01 7.359357940745705662e+01
1.013786528899438508e+02 5.675494015343859644e+01 7.190483891702287167e+01
9.730830965028671642e+01 5.346148998884333281e+01 6.750026514299356961e+01
9.395491995206765523e+01 5.090563205039323691e+01 6.408558150105368156e+01
9.373864705909359429e+01 5.054171123976731650e+01 6.375880137002024384e+01
9.358627707098486326e+01 5.019411336642072996e+01 6.326101663399248309e+01
9.388469264073239628e+01 5.028983113490383516e+01 6.292584949060406529e+01
9.388200677664170257e+01 5.005879287626201091e+01 6.261091011767298653e+01
9.430974785016091744e+01 5.022481256341623634e+01 6.270721785801190862e+01
9.532375107319782614e+01 5.090863011748933786e+01 6.349663578305563760e+01
9.636255951369790296e+01 5.173068243904006636e+01 6.457059805240419337e+01
9.793656539964280228e+01 5.287714811736996268e+01 6.610964408857383035e+01
9.801040370603332974e+01 5.271900926049208636e+01 6.629515350746302715e+01
9.544232393816544402e+01 5.075546240478956150e+01 6.433830868613037524e+01
9.449276308842232197e+01 5.058900540386672873e+01 6.335310848595315747e+01
9.447501916834629299e+01 5.061614755264982080e+01 6.394130813059268093e+01
9.391120234886849971e+01 5.022746399335191114e+01 6.375509281152579888e+01
9.356405441514735344e+01 4.995653261832723757e+01 6.353447318038446667e+01
9.385230043111562281e+01 5.024754254913754181e+01 6.365096622238954893e+01
9.376718034773905686e+01 5.033864728865463434e+01 6.319975138540083748e+01
9.342404743649194643e+01 4.968622564931338559e+01 6.271988044461380696e+01
9.279884025765930744e+01 4.932506416230883417e+01 6.161656994495126582e+01
9.119204502150986968e+01 4.785698347619681670e+01 5.966757151973995121e+01
8.910183097880234016e+01 4.636504451188437770e+01 5.799573819941507935e+01
8.755910163585191697e+01 4.572888382834344156e+01 5.646245184957324881e+01
8.628466371604218921e+01 4.530367366521737438e+01 5.630780920723393024e+01
8.559928973816268183e+01 4.565450605352445024e+01 5.645841616660621298e+01
8.512818573324089755e+01 4.597869099707538965e+01 5.727900962778974048e+01
8.338588635810603478e+01 4.501580412934386999e+01 5.656402342440784992e+01
8.196690303801071309e+01 4.395602414063827013e+01 5.573929556901293125e+01
8.022894580982246282e+01 4.266730637674638871e+01 5.419662132071053406e+01
7.869341435307404709e+01 4.152168203960386705e+01 5.296836993301408825e+01
7.593784061118329021e+01 3.925409422103054879e+01 5.021988847924998112e+01
7.041864701318139907e+01 3.482136134284021978e+01 4.409930810304535953e+01
6.428965666851846095e+01 2.988703416327298967e+01 3.772086411364189473e+01
5.982386355810419332e+01 2.692250363854238060e+01 3.371670331991166591e+01
5.793245510933991937e+01 2.626486178130179638e+01 3.234684376535189188e+01
5.442452148002589496e+01 2.555373105547571910e+01 3.028103320829908895e+01
5.163602294692089600e+01 2.407046031578415679e+01 2.801215066549743682e+01
4.780225612583617334e+01 2.278460058675799971e+01 2.581220530102338273e+01
4.669909713645566995e+01 2.200226232398407689e+01 2.476741794340861347e+01
4.687274513674950782e+01 2.221568177331307226e+01 2.485142236016289630e+01
4.678739434453438406e+01 2.216705730302515676e+01 2.476098908666847365e+01
4.666146519625172573e+01 2.203111470246594550e+01 2.480605650874397838e+01
4.562026128636820488e+01 2.122659395703535523e+01 2.371919061370846649e+01
4.455561460375469807e+01 2.040332381420248353e+01 2.276465747198207623e+01
4.438896591936898517e+01 2.033911100194208643e+01 2.260884521617762388e+01
4.462067449622831106e+01 2.064358239175049547e+01 2.301664202711575058e+01
4.509489593998356582e+01 2.117591491549858418e+01 2.362128283296680209e+01
4.539968412401805153e+01 2.142299145573833741e+01 2.395357931563264842e+01
4.584352086939354365e+01 2.186939354566198546e+01 2.427850344571110952e+01
4.586628873268536211e+01 2.193492977727988702e+01 2.438639598360015981e+01
4.555221136143466509e+01 2.168882887143204741e+01 2.425302102319943742e+01
4.603261488381916422e+01 2.213147763845973870e+01 2.465064254133246280e+01
4.660007942811755299e+01 2.257957159319948559e+01 2.511173538958803064e+01
4.660370190122447553e+01 2.265738819229868639e+01 2.518856258063331310e+01
4.504019154572625894e+01 2.134356219037955782e+01 2.392232228532600047e+01
4.146415978366168531e+01 1.801767046054534660e+01 2.030322602120225639e+01
4.045097150229331362e+01 1.742628909998301268e+01 1.944562273021528398e+01
4.000610173226755961e+01 1.751185338395919189e+01 1.922565160899328163e+01
3.992545808904213089e+01 1.771645768960593514e+01 1.922683843953591776e+01
3.973681516204713660e+01 1.768370047794607203e+01 1.932795548352440562e+01
3.946390037969394626e+01 1.759554444990289568e+01 1.930836359712956707e+01
3.993284880651219027e+01 1.804508808256851182e+01 1.967663573714343528e+01
4.090213583585467916e+01 1.881176683944960359e+01 2.059927940791618184e+01
4.143186169406860131e+01 1.918370047794607203e+01 2.102423705390552300e+01
4.144698173153296494e+01 1.918829514202941056e+01 2.099070392595279344e+01
4.174637867469824215e+01 1.942619383215415496e+01 2.115626793445573384e+01
4.277504625654822945e+01 2.019782766394101259e+01 2.212860123871133666e+01
4.458566529083087460e+01 2.162076746844683584e+01 2.357151055751192459e+01
4.628734728452253933e+01 2.292019425454645543e+01 2.511072761665143815e+01
4.768929717594016893e+01 2.390854747551731663e+01 2.634147662839119164e+01
4.824210539606165327e+01 2.430340737441863652e+01 2.684179227481210361e+01
4.851727905898341220e+01 2.444782192491517847e+01 2.715944046793720901e+01
4.845792605379992324e+01 2.439135450192142685e+01 2.731003250584232944e+01
4.723325581822439290e+01 2.331718103642215212e+01 2.606936760526521013e+01
4.431817274008640339e+01 2.093159081204920113e+01 2.310813931599994575e+01
4.043672035334034121e+01 1.803856969702534840e+01 1.949314989876358339e+01
3.454189259298369308e+01 1.330322716900742464e+01 1.471343322299099654e+01
2.690970446312561037e+01 9.078228661154140511e+00 9.880759112425220536e+00
2.559058593158162864e+01 8.479260308438204774e+00 9.111917890609577242e+00
2.334693329415491547e+01 7.118728966470315278e+00 8.072094790341907355e+00
1.768639896789359511e+01 4.368687645484304660e+00 6.098149967631893986e+00
1.078695129173993550e+01 1.650787164783501071e+00 4.544694385396245373e+00
1.033690951163185723e+01 1.749876037041968369e+00 4.204317354355002756e+00
1.329649184828770458e+01 3.023533449338175583e+00 5.016942752069493139e+00
1.544233656402227695e+01 3.816267383509253541e+00 5.727607468997782725e+00
1.358180177863888716e+01 3.014460049493358884e+00 5.239505617358487299e+00
1.250858443484369253e+01 2.557252521727951589e+00 5.014842268613956655e+00
1.310661273512788760e+01 2.879001822714605030e+00 5.286551855541833156e+00
1.459495333024191055e+01 3.575277654069887401e+00 6.139148420390529104e+00
1.494253972553682885e+01 3.739199153378908846e+00 6.494128976571000855e+00
1.478845950772931950e+01 3.643269040939914660e+00 6.602625259977870087e+00
1.507867400955892201e+01 3.813295715931994678e+00 6.800218771664822803e+00
1.741579012612083233e+01 4.791153406456174935e+00 8.049489915383803762e+00
2.210069579949221108e+01 6.570312248917619335e+00 1.064398412355892987e+01
2.540870587263035674e+01 8.205831309370221760e+00 1.283343740100180419e+01
2.709153860987020579e+01 8.984587272218064413e+00 1.451554242976580156e+01
2.858830868613038234e+01 1.002842998618042536e+01 1.575764897363261952e+01
3.333557346641751451e+01 1.147007442368702534e+01 1.897195338074534021e+01
3.233274527448612901e+01 1.068105019581556192e+01 1.800518578374432366e+01
3.234522421226131428e+01 1.056697787490760199e+01 1.837250065424894530e+01
3.479472881955125274e+01 1.228954533141726380e+01 2.067709715482055088e+01
3.704556212610246746e+01 1.365196251727446786e+01 2.353157038111722699e+01
3.776622422603497853e+01 1.414515373702406187e+01 2.440665933601766824e+01
3.968422502490737003e+01 1.515414793831235940e+01 2.677635934565923037e+01
4.158971130404440686e+01 1.610482330687259989e+01 2.909848512674064480e+01
4.316175559095896830e+01 1.683006170600577533e+01 3.038841267727850948e+01
4.376711033162386855e+01 1.699102645920470778e+01 3.084886505025091097e+01
4.459406722465301698e+01 1.733789547627027616e+01 3.178713379276148032e+01
4.517962462179819738e+01 1.751024071769961310e+01 3.230361627495902610e+01
4.605287134940566318e+01 1.783825588709269994e+01 3.332983099716721398e+01
4.710318424109417634e+01 1.840216567878901799e+01 3.412860697773717078e+01
4.783544032101814736e+01 1.891527361379570138e+01 3.466265087898919717e+01
4.875489079781641522e+01 1.972127043667099855e+01 3.533821341830152107e+01
4.964127759897523617e+01 2.057790268448672322e+01 3.619993159081204936e+01
5.062573516920943462e+01 2.134924497376117358e+01 3.691412466082357469e+01
5.105190604526025311e+01 2.166704926838898615e+01 3.706274591725701839e+01
5.151981800401272693e+01 2.208575022841322877e+01 3.707625673187730087e+01
5.146560946158755456e+01 2.211007451551143888e+01 3.683736174686764286e+01
4.995353340342597193e+01 2.103494837172359055e+01 3.473270831515975487e+01
4.565303112388490803e+01 1.890659161551281642e+01 3.009513583126345893e+01
4.106798794345452563e+01 1.621661493891381056e+01 2.551049438264151448e+01
3.864762496154853011e+01 1.508378748157772620e+01 2.337907528224529230e+01
3.711339855927495535e+01 1.448022676038878487e+01 2.200542223160871913e+01
3.490069419256497696e+01 1.334370681383059321e+01 2.004774984275069372e+01
3.242027345310297903e+01 1.241884558347527800e+01 1.806640167671378805e+01
3.170168658491233060e+01 1.221395432653679691e+01 1.720929653316927244e+01
3.154094335811062066e+01 1.211740095589214228e+01 1.730333047147244940e+01
3.156544325939937679e+01 1.237840496402778534e+01 1.709370796163576145e+01
3.279991001207491053e+01 1.323904879090203757e+01 1.834958472409059382e+01
3.615564238063974045e+01 1.536515240557006834e+01 2.062679000215787539e+01
3.746599282851331481e+01 1.637174654625425418e+01 2.149284343478400672e+01
3.678146248743153279e+01 1.576006051228840299e+01 2.051822255483065405e+01
3.435979445105070340e+01 1.408940484006482841e+01 1.819615645961791728e+01
3.321310150729774335e+01 1.347249629258931058e+01 1.720008310109408711e+01
3.314898511067137576e+01 1.369093279830308418e+01 1.700695225589627668e+01
3.480355199786967546e+01 1.508909263705941584e+01 1.852167974399353412e+01
3.581905999348046521e+01 1.613373307561281322e+01 1.962139876128866334e+01
4.077887992580587451e+01 1.982083335246342060e+01 2.404828586776366350e+01
4.840043364079208033e+01 2.537238128251158287e+01 3.078392108609916278e+01
5.103305908441877392e+01 2.754648381365153398e+01 3.288941126777375956e+01
5.172543696942706504e+01 2.792950295445049846e+01 3.336931549491063009e+01
5.309542852158103443e+01 2.859619984665323145e+01 3.406632821718310566e+01
5.848935869829711720e+01 3.150403568296702872e+01 3.750234955717676399e+01
5.847342716257971773e+01 3.124493817921370820e+01 3.725896321054878513e+01
5.480452878006675377e+01 2.792976350622339865e+01 3.312461720697682210e+01
4.577490737212302463e+01 2.248579017203303820e+01 2.621284554674551259e+01
4.173940690611412663e+01 1.996853866037363190e+01 2.317572782325636993e+01
4.158710349070507561e+01 2.051296560716597739e+01 2.337651452891780224e+01
4.298385152910604035e+01 2.195904286822737461e+01 2.482293154030862325e+01
4.348528284214923900e+01 2.248754057491265357e+01 2.541942981630526077e+01
4.332004021909305180e+01 2.264345154196146126e+01 2.553756421969909240e+01
4.364188478790855896e+01 2.311917316706992764e+01 2.598204947499391793e+01
4.729854986295206487e+01 2.567837236636104592e+01 2.896449953399110200e+01
5.677052505199557686e+01 3.161667783863696002e+01 3.656355397209456015e+01
6.548048731216168505e+01 3.685991611839839521e+01 4.308167781568085530e+01
6.584489020095773526e+01 3.635066825216820519e+01 4.271424816465953711e+01
6.130079496985863585e+01 3.079859462735357312e+01 3.669204272589953320e+01
5.532599618010440423e+01 2.811294976745467267e+01 3.223332239092407292e+01
6.017680676011330831e+01 3.236244128976571233e+01 3.737331330030715293e+01
7.245321431358955522e+01 4.045110923891334664e+01 4.872059667503799574e+01
8.493096870164870893e+01 4.772351669138274133e+01 5.950480700803922929e+01
8.759751064015389943e+01 4.954320338648436461e+01 6.121414486219450879e+01
8.612328919639864466e+01 4.871363982792104963e+01 6.044836483675914707e+01
7.594394923028185929e+01 4.182989642206173642e+01 5.157853168171821778e+01
6.626496278815648111e+01 3.457119376328584792e+01 4.169695303640379080e+01
6.551021317037560721e+01 3.418555877451137803e+01 4.086323212752574818e+01
6.604985491742689874e+01 3.480825455563870463e+01 4.124411979412966645e+01
6.309101750632440542e+01 3.173395138815556749e+01 3.750364772482059550e+01
6.237675097678219771e+01 3.175487243293374462e+01 3.696856620769764135e+01
5.940193037872979431e+01 3.060497022593396821e+01 3.558768887134022663e+01
5.024116075240924317e+01 2.479019154572626249e+01 2.845211127282410501e+01
4.200243334695395703e+01 2.043786815850730321e+01 2.283828687783221056e+01
4.010012648812939773e+01 1.919373803413113322e+01 2.130297809528619268e+01
3.698334534702741649e+01 1.707877042519294619e+01 1.861195921159558608e+01
3.272218294177873332e+01 1.346336091126547885e+01 1.430513367338974362e+01
2.469331793744002823e+01 8.260948913487629497e+00 9.171623271979321146e+00
1.602871808527733322e+01 4.059277250042469198e+00 6.397794836713236677e+00
8.578972438902331632e+00 1.010511599719017273e+00 4.960882799910011798e+00
6.084481903703737871e+00 7.111479429035797439e-01 4.297840519358882005e+00
5.264634515878737098e+00 9.345946181711332068e-01 3.828129949909782503e+00
4.922151262356122992e+00 1.097439476233546207e+00 3.619972039466132774e+00
3.664059235929056246e+00 1.016184052854132380e+00 3.168723916127580864e+00
2.177488556382485285e+00 9.715964133384142887e-01 2.892558549541566659e+00
2.014818164705450165e+00 9.823249482339869720e-01 2.885826672237347790e+00
6.462192445605513313e+00 1.743214175852934034e+00 3.949091397429834505e+00
1.014269972957710308e+01 2.620521838141106397e+00 5.169568700730462929e+00
3.159220089345154303e+00 7.456670354947270152e-01 3.847380938170031239e+00
2.770629502265767208e+00 4.809257737354630247e-01 3.744674184025306829e+00
7.174026775998934902e+00 2.028432281790759628e+00 5.113255083629084652e+00
1.653582644267631352e+01 5.413322345011867931e+00 8.636324819679808584e+00
1.411574467303621994e+01 4.126831323143884234e+00 7.226303562328116215e+00
6.681876615535772501e+00 9.939877965354648737e-01 5.433304485163469977e+00
4.499206866629631207e+00 5.047530611963803038e-01 4.612646746890595395e+00
5.133852447350177428e+00 9.256394422585132453e-01 4.458983182358693398e+00
1.222338239817820416e+01 3.434451142525263290e+00 6.769603364446505012e+00
1.027697227361838728e+01 2.610338510699839798e+00 6.201452432658270730e+00
5.967971644621155036e+00 9.896961530162023957e-01 5.075735628331504934e+00
8.937535295008883551e+00 2.329808041063877511e+00 5.861847874494391597e+00
1.692170017492550826e+01 5.368087343381985121e+00 9.420033561823082380e+00
2.067497141965134233e+01 7.026292772959546795e+00 1.158057133149990570e+01
1.698816957214414458e+01 5.050746762041623761e+00 9.894812838889475159e+00
7.096819661443388050e+00 1.105024172776816194e+00 5.947479878975423517e+00
2.281773542631779339e+00 9.498053322436835755e-01 5.032366957903097848e+00
2.168799671268600182e+00 9.734719269812265319e-01 4.785234175210162810e+00
2.077929084005564420e+00 1.117320609530455755e+00 4.201475388761609864e+00
1.855098780112668599e+00 9.927573493964840790e-01 3.948851506149940072e+00
1.434571662067793962e+00 6.494625976208294738e-01 3.609661305651333585e+00
1.145223753139247069e+00 4.293502963632940816e-01 3.440971823678761421e+00
9.823765994665001333e-01 4.029576643542218672e-01 3.362474576115551894e+00
8.922497899516544928e-01 4.261215204286363800e-01 3.342045939754002326e+00
8.543412287024750862e-01 3.936122346848356379e-01 3.457139807260556363e+00
8.522304150004361700e-01 4.006941925649772362e-01 3.453327946301083085e+00
8.949712360025159352e-01 4.201563769759465994e-01 3.424620191270252967e+00
9.428301202440693141e-01 4.390125202587611963e-01 3.470990372210259522e+00
9.823857819078358755e-01 4.307632445238215313e-01 3.493848912110262717e+00
1.018459002695046633e+00 4.807157253899094207e-01 3.437922105350149415e+00
1.071300509166372095e+00 4.926792986451307699e-01 3.544662246851570497e+00
1.194860587584421152e+00 4.735235782137396932e-01 3.556272296115368103e+00
1.244932440187872746e+00 5.657095501981111996e-01 3.523797444526576061e+00
1.260776742712584886e+00 5.771313594145275339e-01 3.553900930640429223e+00
1.209211595586918708e+00 5.261022373018314768e-01 3.582343542677691506e+00
1.148053092875802816e+00 4.717674363082912659e-01 3.561498253040535911e+00
1.020770682301303411e+00 4.316252462042083349e-01 3.505130689096310093e+00
9.095185186885637041e-01 4.018925011592832108e-01 3.515843154719545449e+00
8.078149462597621344e-01 3.906589319902482593e-01 3.550426524400042361e+00
7.163073271290637534e-01 3.685326917867653429e-01 3.590786797485847615e+00
6.361744572029365274e-01 3.661567350911587027e-01 3.594144127599204985e+00
6.134570973384694259e-01 3.722699454103862715e-01 3.614973347964023365e+00
6.166468478974505008e-01 3.498624929409982487e-01 3.656178405652710683e+00
6.314236916168901592e-01 3.406720169691516142e-01 3.695789161964491587e+00
6.080004315747428167e-01 3.635707300499984029e-01 3.642773189107788134e+00
5.985792467643372694e-01 3.615792880853232472e-01 3.641076733071021643e+00
6.074184943550942073e-01 3.448741316853912164e-01 3.698523233872189397e+00
5.889996648408912794e-01 3.576962632054984659e-01 3.688710647499851003e+00
5.914169425225084264e-01 3.417991616431060309e-01 3.732252636508468502e+00
5.683908230681291585e-01 3.593491026459204596e-01 3.682486100079428226e+00
5.466077766095671642e-01 3.546637619543908104e-01 3.696917454443612971e+00
5.571515148732593126e-01 3.350512150665497235e-01 3.758066774713392899e+00
5.564318410335755694e-01 3.628097352243040974e-01 3.699068441326495371e+00
5.641209878470389016e-01 3.355172239643354204e-01 3.754303121570932156e+00
5.484132741371948727e-01 3.619465857387503815e-01 3.691953197096512262e+00
5.477785378798660787e-01 3.405446105956190794e-01 3.751854853149807045e+00
5.308185687328690339e-01 3.650766504290495762e-01 3.695164755953665559e+00
5.274554995936769908e-01 3.646967269187859073e-01 3.671274339208565163e+00
5.260540294848191634e-01 3.379941875146345032e-01 3.764900806677471401e+00
5.021004834555363727e-01 3.567057073464122152e-01 3.709167978990574266e+00
5.034537457473818867e-01 3.351373004540717515e-01 3.763283549197224964e+00
4.817189071058322059e-01 3.563808784841626109e-01 3.716208615884705413e+00
4.982059805240419137e-01 3.173681286643679766e-01 3.757951994196697232e+00
4.895871115253412342e-01 3.477551226544601248e-01 3.755293677430018295e+00
4.764619594411566017e-01 3.440132778101713806e-01 3.756441482596978076e+00
4.831123425785213699e-01 3.313185526635966660e-01 3.813496581836212762e+00
4.909220089345154303e-01 3.598392154522122577e-01 3.706308796319677690e+00
5.029429724480847241e-01 3.473579820666920503e-01 3.749257370056977123e+00
4.922592019540235064e-01 3.595017607331261189e-01 3.692248183024420705e+00
4.954282920199993834e-01 3.280381254964257476e-01 3.784657977016349317e+00
4.853207197197518807e-01 3.551963435518601386e-01 3.734390997534514423e+00
4.584310880733860616e-01 3.598702061917201656e-01 3.681525387154682694e+00
4.604500773620682774e-01 3.335475902978324858e-01 3.809727189667917013e+00
4.648392843205222946e-01 3.627305366677838760e-01 3.718661475526498172e+00
4.783179603961305038e-01 3.359132167469365271e-01 3.816136533720220214e+00
4.813768611660782515e-01 3.595729246534776213e-01 3.770449296854554877e+00
4.957852594269238633e-01 3.328233252374808715e-01 3.845880756816814738e+00
5.097724131914952439e-01 3.346448920374460179e-01 3.800598695175086306e+00
5.353443645061912726e-01 3.571636816080291377e-01 3.747237232963128051e+00
5.348691731670699445e-01 3.388412677278507812e-01 3.788878456615260237e+00
5.081103913097375635e-01 3.481143856717185403e-01 3.767174608713218742e+00
4.965416630319502977e-01 3.662359336476789240e-01 3.697557929726776660e+00
5.011374749204571266e-01 3.318626123127355609e-01 3.777362527375153434e+00
4.882809092453410660e-01 3.536777973159723754e-01 3.754281313272759935e+00
4.998473419127943407e-01 3.393658146891513905e-01 3.777114601459089727e+00
5.092536052560294735e-01 3.351200833765673459e-01 3.827772982502858135e+00
5.139791191284026617e-01 3.584205282658500247e-01 3.749414619364850321e+00
5.323681057082646495e-01 3.414617069240198921e-01 3.815272236429499308e+00
5.101213459622510049e-01 3.546362146303838059e-01 3.756069593722882960e+00
5.182328850771554807e-01 3.334523224689748266e-01 3.800583773707915558e+00
4.940027180026353437e-01 3.539360534785383483e-01 3.730033929120735170e+00
4.588821755040012329e-01 3.626536337215975347e-01 3.719262925433985068e+00
4.564499763552135603e-01 3.308938647518215870e-01 3.864713943996290091e+00
4.571421028708902989e-01 3.284949519528757023e-01 3.866564205925429487e+00
4.626079510759525393e-01 3.283847626568475730e-01 3.858926710344479094e+00
4.667515277286772291e-01 3.231243715766710656e-01 3.823305724793050864e+00
4.716457689605935699e-01 3.323412470673577923e-01 3.802420261975051119e+00
4.877001198308594243e-01 3.643489419531971141e-01 3.718122007098027204e+00
5.006003021023199828e-01 3.430732253784313790e-01 3.826490884131363845e+00
5.200888860321293272e-01 3.704013185985757795e-01 3.755507169191072858e+00
5.362522783932563986e-01 3.366650291312951460e-01 3.816648454824684400e+00
5.368961970919208238e-01 3.301787821328056594e-01 3.849487160651402284e+00
5.267966594278420400e-01 3.569651113141451004e-01 3.760012304471390010e+00
5.235724747138521540e-01 3.684856317749199972e-01 3.708605554458764164e+00
5.349977273457694471e-01 3.424407847314365205e-01 3.806876041633188823e+00
5.239041904071035649e-01 3.610214547741807944e-01 3.763065466215502752e+00
5.313408200838356521e-01 3.379528665286239408e-01 3.827632950272489065e+00
5.137977659120229745e-01 3.662657765820198641e-01 3.729434774823582543e+00
5.285183671782817116e-01 3.441051022235281920e-01 3.788394082834803278e+00
5.366976267980367865e-01 3.412126332027896058e-01 3.802762307914805184e+00
5.807985969229638723e-01 3.766361962655010998e-01 3.715406300073000434e+00
6.131621114105607617e-01 3.570833352463419486e-01 3.773866312836593906e+00
6.336871634061347347e-01 3.581381681947779505e-01 3.795874329107880030e+00
6.578955221824827060e-01 3.687381489116511313e-01 3.790829725399091910e+00
7.052057555542291523e-01 3.821732083909148980e-01 3.777648330861726134e+00
7.636508468506522096e-01 3.842920567291225886e-01 3.800103991148126692e+00
8.014010109867910625e-01 4.011820097609351543e-01 3.799609287121167078e+00
8.446858916380097781e-01 4.158073431983361212e-01 3.784956406359758940e+00
8.869090525097907962e-01 4.283161239078633886e-01 3.751418687186362177e+00
9.069015229078954965e-01 4.131122966663146601e-01 3.827556047326302835e+00
9.243183185113426070e-01 4.591656833802403304e-01 3.698425670432997858e+00
9.240967921141194363e-01 4.204628409555248303e-01 3.769898350374413898e+00
9.079850509855055263e-01 4.029714380162253695e-01 3.735700643230015494e+00
9.327650167349993415e-01 3.946567373867690409e-01 3.781641545037579100e+00
1.018081374795116734e+00 4.922947839141992854e-01 3.677465600279146152e+00
1.155827177271621098e+00 5.462152272424669608e-01 3.832949583805846494e+00
1.747975271685483056e+00 7.903281345411304892e-01 4.049797527168548683e+00
2.902438856418755986e+00 1.033200264454310568e+00 4.465507306927692710e+00
3.641134123329369476e+00 1.153650938675065518e+00 4.794011441321904599e+00
3.853401176270735196e+00 1.196116286437075127e+00 4.866409252227890114e+00
3.909663142139600644e+00 1.222661576533352834e+00 4.923923473533908357e+00
3.823084198395827471e+00 1.170272305297809456e+00 4.925670432998020765e+00
3.549286753869251410e+00 1.075103187684509631e+00 4.832001496737937885e+00
3.383081122277979969e+00 1.017069010637858373e+00 4.811064382687424867e+00
3.242060631660139691e+00 1.003717740935782698e+00 4.652598401336963896e+00
3.200364313359993051e+00 9.891647192239000352e-01 4.696322891367127994e+00
3.179887469181431392e+00 1.011994563994729202e+00 4.659812356811305456e+00
3.302897748924506605e+00 1.039098835207316496e+00 4.719778289953950434e+00
3.394558026142410423e+00 1.054211985840675547e+00 4.750748368968857882e+00
3.387935190329052659e+00 1.056081760457652896e+00 4.758307813798454688e+00
3.216570174512297431e+00 1.023295853668614974e+00 4.625621536497908970e+00
2.889043970120336091e+00 9.272291524147524555e-01 4.459283907312436845e+00
2.414829413196086350e+00 8.505787233651811441e-01 4.305655924740710461e+00
2.123014870963743306e+00 8.748984192427240458e-01 4.169751201752009528e+00
1.953811172276373131e+00 8.872533940598786861e-01 4.111627495902335561e+00
1.843667788454916412e+00 8.871432047638505569e-01 4.112830395717309351e+00
1.933272346618795545e+00 9.156638675524662041e-01 4.132060723484553222e+00
2.136972181793973746e+00 9.229076659611490374e-01 4.233485379257783343e+00
2.268421125124536974e+00 9.373355769098330459e-01 4.219354749847341601e+00
2.376924295362408124e+00 9.461461293714159559e-01 4.241384574416800390e+00
2.442702713870536613e+00 9.701421441918762767e-01 4.236336527292511533e+00
2.589275138080961547e+00 9.406733943353519090e-01 4.224826337078239291e+00
2.573460678490590237e+00 8.785036752721445685e-01 4.323201274522856963e+00
2.504178010807733390e+00 8.422295885807159488e-01 4.300105138953293604e+00
2.348123568113054116e+00 8.295991405234909299e-01 4.294323644327317169e+00
2.142473611959211599e+00 8.179615439356862083e-01 4.269472514657471685e+00
1.667472808495594760e+00 6.704364414366847935e-01 4.030599337945980132e+00
1.343300490801489389e+00 5.221503441119890176e-01 3.808187982939024163e+00
1.260067399119403797e+00 4.913111148861147859e-01 3.783693820676103048e+00
1.219547581115391077e+00 4.828896683761311759e-01 3.750004591220667649e+00
1.194604627032189059e+00 4.976814335627413044e-01 3.790844646866262213e+00
1.190517292832645513e+00 5.146953495525855571e-01 3.791355420165559487e+00
1.168416304342835721e+00 5.063140762234454861e-01 3.765433388274940452e+00
1.078337702645002283e+00 4.207371663904282411e-01 3.801220805575578510e+00
9.592586555987639985e-01 3.541013374225805421e-01 3.776925213606541654e+00
8.773524266896839396e-01 3.315595917486582334e-01 3.793600527072132689e+00
8.454847640342137982e-01 3.441854485852153256e-01 3.806294104413540325e+00
8.317363537443700494e-01 3.493276157331949849e-01 3.781122737102113440e+00
8.538373422341798413e-01 3.765420762418104084e-01 3.757348248678876068e+00
9.579708182014352591e-01 4.414516062385506201e-01 3.744277043437538754e+00
1.075875660561873559e+00 5.011776481013007212e-01 3.840876326288870324e+00
1.112983053804514899e+00 5.114952687471018278e-01 3.861283154352247671e+00
1.048133209676456623e+00 4.486667095180595921e-01 3.827205966750379940e+00
9.532062789533853886e-01 3.974011395409697833e-01 3.740441078569559430e+00
7.787134940566647900e-01 3.715525671810364083e-01 3.693324824271028817e+00
6.228438479938661620e-01 3.533368991813853333e-01 3.723359442074864578e+00
4.868943606036537086e-01 3.393864751821566994e-01 3.729093876688995390e+00
3.974493473579820413e-01 3.263887294715046017e-01 3.827926788395230595e+00
3.380469865523146877e-01 3.344532085745637318e-01 3.775838242113430887e+00
3.192769286570220633e-01 3.329771311298534986e-01 3.780706083826506969e+00
3.070332909410625200e-01 3.403540749379037611e-01 3.772346618795539008e+00
3.033752358739618127e-01 3.172062881358266861e-01 3.820927472487110066e+00
2.774015527508298384e-01 3.230841983958274710e-01 3.813037459769428761e+00
2.743001831897046716e-01 3.293098936214171046e-01 3.792230047702782603e+00
2.742565665933601737e-01 3.310189755150201862e-01 3.774878676993852267e+00
3.021126501903060868e-01 3.207518582965653287e-01 3.844823628258045023e+00
3.406995642931586188e-01 3.368635994251791832e-01 3.818186513748410338e+00
3.716788257494019754e-01 3.424499671727722072e-01 3.806934579696704013e+00
4.561446601808022971e-01 3.741006946516870491e-01 3.702432658270854660e+00
5.139056595977172792e-01 3.620969482156221053e-01 3.734249817498978441e+00
6.011962425450054770e-01 3.705126556997708764e-01 3.754189488859402957e+00
6.852178763767923231e-01 3.807430431528830428e-01 3.758007088844711241e+00
7.705973637210925542e-01 4.061037983168584997e-01 3.733781512990858698e+00
7.886179048423603843e-01 3.951043814018833089e-01 3.742611578140280226e+00
7.563898313644649152e-01 3.591183938073615467e-01 3.793607413903134606e+00
6.949581510236126913e-01 3.773237315605099673e-01 3.749418062780351502e+00
7.020974991621021788e-01 3.894916141354501926e-01 3.695154425707162904e+00
7.077424049732102818e-01 3.536445109661305874e-01 3.755479621867065632e+00
7.355973407649891715e-01 3.630576611403674159e-01 3.767962003057752973e+00
7.696779717823577505e-01 4.078335407034668347e-01 3.635289499419210646e+00
8.049913455490411707e-01 3.885309012107048821e-01 3.697043713011978650e+00
8.426990408940024935e-01 3.939393591574191777e-01 3.719815019719292959e+00
9.195285275496196675e-01 4.304257898047353925e-01 3.770508982723236535e+00
1.506203886927417468e+00 7.208021321628781397e-01 3.992460067858241590e+00
3.229772229542668516e+00 1.020096920668298157e+00 4.525260896114449594e+00
3.586291992452033117e+00 1.075094005243174111e+00 4.768096296262287481e+00
3.485881996446395181e+00 1.041599902666121791e+00 4.732287070663477202e+00
3.126501903060966647e+00 8.864109050673302237e-01 4.529176059538949417e+00
2.709677604484704183e+00 8.195156721317496951e-01 4.358010761821245360e+00
2.524424146147736359e+00 8.365869783799418924e-01 4.299075557718530227e+00
2.412149288131235636e+00 8.660178506659566011e-01 4.259421184810405769e+00
1.752325453268260391e+00 7.786067481761376197e-01 4.091994288521489054e+00
1.530207936384046397e+00 6.754408719646292081e-01 4.041504634837264298e+00
1.249863411185131890e+00 4.965783927972929890e-01 3.832701657889783231e+00
1.027893961167455572e+00 3.248334534702741472e-01 3.787270381576349543e+00
9.111770971548205367e-01 2.827709853218675073e-01 3.678301202440692919e+00
7.762342348960318272e-01 2.868411024439067591e-01 3.680603699605613954e+00
6.714912743851207955e-01 2.920073735003925752e-01 3.741766793537397717e+00
5.894610825180091052e-01 2.940309540097425511e-01 3.805440137369322517e+00
4.374790525557029630e-01 3.219513146960382155e-01 3.777664400134063794e+00
3.702452170958692723e-01 3.272128535813816907e-01 3.769888020127911243e+00
3.598254417902087554e-01 3.050808743520639910e-01 3.848559734076498984e+00
3.206623294935424529e-01 3.304140821920323878e-01 3.799309709972590543e+00
3.032535685262640612e-01 3.359315816296078450e-01 3.806472014214419275e+00
2.974525612124495622e-01 3.132739076338226236e-01 3.842845959955373480e+00
2.649696749874889123e-01 3.313656126754420117e-01 3.773567883493184283e+00
2.427114371898056455e-01 3.291319838205383763e-01 3.768486550019053638e+00
2.212784713071664355e-01 3.154283379322060377e-01 3.835601013741523513e+00
2.053779263292731527e-01 3.179581005201853050e-01 3.838460196412420089e+00
1.983258113834725223e-01 3.211995023116795966e-01 3.818139453736565159e+00
1.860661043951755411e-01 3.172384266805015618e-01 3.878256897161248329e+00
1.808424430803417804e-01 3.160217532035242138e-01 3.850349162331789366e+00
1.722740775089873222e-01 3.113869159393408137e-01 3.841793422617271414e+00
1.653562557677209777e-01 3.113398559274954680e-01 3.785242209846331640e+00
1.748084313176344329e-01 2.915608772904452195e-01 3.913802127571657685e+00
1.616029328717626112e-01 3.029195572226787703e-01 3.847079065411120880e+00
1.629194653982654339e-01 3.077127915999026686e-01 3.819032446156459759e+00
1.488829560115147721e-01 3.108681080038749878e-01 3.819164443750659998e+00
1.511487234110933109e-01 3.006905195884430060e-01 3.829190521884053400e+00
1.503555900407241297e-01 3.063319819840500946e-01 3.825085970607005503e+00
1.466917959477886391e-01 3.005895127337505079e-01 3.848148819826727518e+00
1.397728264013553268e-01 2.953784772757532817e-01 3.877453433544376438e+00
1.439669064814262101e-01 2.819629304843278561e-01 3.924134669684629095e+00
1.419123352325682708e-01 3.052725578149462771e-01 3.838760921366163537e+00
1.305467684693329411e-01 3.033683490429600615e-01 3.777988081191146374e+00
1.312308603488409331e-01 3.030527026220461440e-01 3.827258765788060124e+00
1.281868810460637109e-01 3.100634965818362399e-01 3.789816213436666192e+00
1.265512586831460951e-01 2.877581987723075718e-01 3.901549307414362122e+00
1.223962039787518247e-01 2.993108577777573998e-01 3.841904759718466345e+00
1.185200659299287945e-01 2.956826456449976326e-01 3.852605747290032134e+00
1.139827921049369336e-01 3.030021991946998949e-01 3.822490783124509406e+00
1.125262273480650277e-01 2.862522783932563986e-01 3.872690042101493368e+00
1.117021032381879386e-01 3.027829684078106043e-01 3.856277576019136344e+00
1.103832751013511942e-01 3.021034677489704001e-01 3.829938890852911282e+00
1.081278379482753099e-01 3.074487964115019123e-01 3.801185223615402453e+00
1.123563521833549905e-01 2.801092251396878896e-01 3.883353152102549721e+00
1.109330737763249142e-01 3.082384863663702457e-01 3.808779102600008404e+00
1.047050829404013589e-01 3.009648450233463612e-01 3.820653147052206933e+00
1.007164599852162640e-01 3.051497426620815578e-01 3.811858663862961460e+00
1.018183529454976255e-01 2.910627298479847025e-01 3.890059777693095189e+00
9.948716065140238152e-02 2.992787192330825241e-01 3.874828403127539733e+00
9.785612950915259511e-02 3.012414660685836520e-01 3.829376466321100736e+00
9.512894443245625831e-02 3.040398150656314913e-01 3.805017745067881041e+00
9.571202945727180778e-02 2.813878800956810533e-01 3.911298764502518122e+00
9.919791374932852845e-02 2.936418480581431956e-01 3.857388651420753156e+00
9.848627454581349028e-02 2.995863310178277228e-01 3.831147529693719633e+00
9.408444173052289694e-02 2.978875793707272956e-01 3.867568535446519018e+00
8.780479966208615261e-02 2.825414242884755622e-01 3.922796328859953885e+00
9.173947577442415069e-02 3.019381838049282063e-01 3.839458786907675059e+00
9.110703512742933385e-02 2.816162933239060306e-01 3.933909378486458053e+00
8.945993471284210963e-02 2.926065277975455348e-01 3.870757138200333181e+00
6.281134215153783007e-02 2.952522187073877147e-01 3.782688343349846605e+00
5.296776503969110456e-02 2.927167170935736640e-01 3.831777674730380667e+00
4.752602074313497932e-02 2.864841350369822792e-01 3.882557723121846216e+00
4.803564623726510469e-02 2.988804308401474819e-01 3.821763074648656833e+00
4.471389808408361699e-02 3.028644625746647057e-01 3.755558820423586130e+00
4.616242820478680398e-02 2.993636568154375288e-01 3.772303002199194566e+00
4.234023699881087066e-02 2.945313970625370037e-01 3.820863195397760315e+00
3.981162221599856416e-02 2.852686093651718990e-01 3.862233537030490105e+00
4.437873897533137213e-02 2.922690730784593960e-01 3.867050875316220271e+00
4.165614511930287173e-02 2.913462377242237444e-01 3.860770085442616573e+00
4.156202509561217340e-02 2.973791016817641242e-01 3.812409610343101996e+00
4.075970928390731246e-02 2.955334309732928766e-01 3.821752744402154178e+00
3.845147309315127826e-02 2.683327441266809554e-01 3.921658853939496758e+00
4.342950410225566993e-02 2.954725972994440286e-01 3.868407581023566522e+00
3.820469498225493449e-02 2.969268664459819851e-01 3.840146322202683926e+00
3.679748584756228902e-02 3.037000647362114170e-01 3.811180311009287891e+00
3.875105024172776497e-02 3.087113820951576382e-01 3.755461256984394591e+00
3.648069162148140365e-02 2.919350617748741050e-01 3.860363762413512756e+00
3.368349042960051831e-02 2.839865109936778875e-01 3.873526792068207047e+00
3.437217352977636059e-02 2.977108173750154796e-01 3.839718190875407888e+00
3.776393779814238988e-02 3.006675634851037615e-01 3.808107636577336752e+00
3.771917339663095892e-02 2.921164149912537367e-01 3.855059754736991806e+00
3.373514166211370735e-02 2.933411231043997480e-01 3.824888548118288156e+00
3.721299131800171606e-02 3.009223762321688311e-01 3.847858425119486725e+00
3.624309595192073963e-02 2.849380414770875114e-01 3.905500052799037558e+00
3.961075631178061218e-02 3.051600729085842123e-01 3.862265675575164980e+00
4.312418792784437904e-02 3.110988168424339007e-01 3.796082081843099587e+00
4.989049938707203896e-02 3.147970450903782025e-01 3.778125817811181619e+00
4.617046284095552289e-02 2.963621463038377812e-01 3.896745742790635791e+00
4.560000367297653567e-02 3.052392714651044336e-01 3.873095217325430273e+00
4.648725706703641519e-02 3.101071131781806822e-01 3.827135950635195183e+00
4.378647150918014291e-02 3.115430174420473208e-01 3.787305963536525599e+00
4.626802628014710372e-02 2.937990973660167260e-01 3.869750513068909825e+00
4.848099464204547876e-02 3.107407016303424530e-01 3.801934740389427247e+00
5.438645222605333757e-02 3.172292442391658751e-01 3.776039108017648527e+00
4.902390648601744061e-02 2.913657504120620301e-01 3.886525685584026224e+00
5.197376576510397139e-02 3.149416685414150874e-01 3.805644446689041338e+00
5.776559063758281154e-02 3.117771696961070815e-01 3.833982608456110164e+00
5.431414050053487430e-02 3.130776329502724664e-01 3.804873121616844323e+00
5.000642770893497235e-02 2.917594475843292567e-01 3.886090667425748268e+00
5.297350406552590180e-02 3.097868755365988935e-01 3.839963821181137327e+00
5.424412438535033271e-02 3.092141207582860263e-01 3.784057674914029334e+00
5.231236828935709182e-02 3.045976483767739440e-01 3.819682103880958746e+00
5.257636347775783425e-02 3.063847810217302237e-01 3.801435445141799985e+00
5.157432956700198218e-02 2.908572727230989141e-01 3.867839417465921859e+00
5.840147470007851088e-02 3.155500052799037891e-01 3.789083913740145970e+00
6.231089909874338445e-02 3.100325058423282765e-01 3.816343138650272859e+00
5.987410872928785460e-02 3.165612216319952932e-01 3.788267824266437600e+00
5.862070548696782235e-02 2.998663954785658614e-01 3.901666383541392058e+00
6.056738305013154022e-02 3.127746123861951388e-01 3.813351958385176044e+00
6.228909080057114939e-02 3.129490787715730193e-01 3.811206710528128205e+00
6.083596945920011906e-02 3.048249137998319536e-01 3.846423668660786888e+00
5.561460375470025919e-02 2.847119238591964696e-01 3.913567975317597814e+00
6.029535322556207888e-02 3.045517361700955661e-01 3.881023107613621015e+00
5.908786218992043149e-02 3.089868553352279612e-01 3.832599503229923599e+00
5.758423742120317296e-02 2.861352022662265182e-01 3.946555895816020509e+00
6.033552640640567344e-02 3.078987360369501713e-01 3.846038006124688380e+00
6.402686782334819637e-02 3.079343179971258948e-01 3.856441712158011459e+00
6.233615081241649508e-02 2.966605756472473487e-01 3.863519078817485131e+00
6.290660998039548923e-02 2.930886059676686139e-01 3.904615095015311788e+00
1.048347849242678154e-01 3.094918896086902849e-01 3.789605017285945898e+00
8.796090116479268750e-02 3.088594489616954264e-01 3.798464925369708034e+00
8.324227412342119492e-02 3.108187523816957065e-01 3.826216558696460712e+00
7.791531034356104224e-02 2.960464998829238636e-01 3.885146023773340840e+00
8.088353450531893252e-02 3.072008704954386493e-01 3.836951980423035202e+00
8.224483143333317925e-02 3.068932587106933951e-01 3.849943987107852461e+00
7.815061040278778459e-02 3.134323047468630663e-01 3.770241544119334876e+00
7.414132695459742239e-02 2.921657706134330179e-01 3.908650777982342284e+00
7.393586982971162014e-02 3.108979509382159279e-01 3.841484663027359137e+00
7.625328846180333409e-02 3.078505282199378579e-01 3.829791971791540295e+00
7.431464553480833513e-02 2.909468015261217344e-01 3.900814712107508075e+00
7.402539863273448206e-02 3.051945070635930235e-01 3.872842700188699361e+00
7.320701354869219024e-02 3.119344190039806120e-01 3.840204860266199116e+00
7.055787922334910700e-02 3.051910636480921202e-01 3.890887345218473126e+00
6.970965120496586120e-02 2.848772078032386634e-01 3.939965198547337621e+00
6.625590545758400229e-02 3.058177652692521398e-01 3.837306652219625747e+00
7.013089570124009242e-02 3.147408026371971701e-01 3.819077210557971114e+00
7.270886610623165935e-02 3.131522402861248722e-01 3.838705826718149527e+00
6.745306624672302298e-02 2.890689922729756112e-01 3.920468579981359447e+00
7.344346141308590037e-02 3.084978903341031309e-01 3.833963095768271767e+00
7.332868089638992781e-02 3.083004678453860614e-01 3.803968651145280155e+00
6.728663449751384751e-02 2.986106966259119422e-01 3.830424412438535153e+00
6.591500732299696019e-02 2.995369753956484415e-01 3.834649483258113722e+00
6.520451592464888979e-02 2.901387466885820832e-01 3.878921476352918063e+00
6.517467299030793582e-02 3.066315591326265744e-01 3.840003994361981032e+00
6.170830138608952159e-02 2.991352435872125515e-01 3.825099744269008895e+00
6.117227637311931782e-02 2.999605155022566083e-01 3.835594126910521595e+00
5.772771306707314559e-02 2.953360084845758071e-01 3.865595458364515569e+00
5.597845799262649719e-02 2.770859063299159208e-01 3.939170917371801472e+00
5.524501049093922395e-02 2.898426129555065067e-01 3.892578062229405056e+00
5.358757982984935914e-02 2.905209658091796876e-01 3.883543687760264707e+00
5.389289600426065002e-02 3.032374992539266234e-01 3.803833210135578735e+00
5.085695133765213982e-02 2.930369547351554527e-01 3.862406855610701406e+00
4.852690684872387056e-02 3.029471045466858303e-01 3.793437538738424486e+00
4.891256938482234362e-02 2.843411827902684319e-01 3.928042946278127001e+00
4.705542062468148073e-02 2.950972650098481753e-01 3.895675988375029153e+00
4.629098238348629962e-02 2.935615016964560620e-01 3.847774635342298577e+00
4.921099872823187643e-02 2.902248320761040556e-01 3.879728383385290691e+00
4.595123205406621142e-02 2.973997621747694331e-01 3.777180026353606834e+00
4.457271804854756603e-02 2.784483510630971215e-01 3.916378950171482298e+00
4.814353992295931917e-02 2.967845386052789802e-01 3.846904599025743110e+00
4.701180402833701061e-02 2.943775911701644321e-01 3.829896422061733752e+00
4.546226705294136722e-02 2.962393311509731175e-01 3.830410638776531318e+00
4.261341462854729284e-02 2.858069299884760106e-01 3.925702571542696084e+00
4.335145335090240248e-02 3.009820621008507668e-01 3.828467404628868476e+00
4.373941149733479722e-02 2.999100120749103593e-01 3.798379987787352974e+00
3.969454608896867687e-02 3.001820418994798345e-01 3.801158824096562583e+00
3.771343437079616168e-02 2.725038681034126498e-01 3.961965180182454915e+00
3.967503340113035654e-02 2.905175223936787843e-01 3.873414307161845205e+00
3.931232696837107937e-02 2.903246911256295859e-01 3.878320026445431168e+00
3.866955607487362889e-02 2.822498817760678014e-01 3.900219001225855742e+00
3.775245974647279540e-02 2.987794239854550393e-01 3.835102866299062718e+00
3.880614488974183651e-02 3.023950102613782165e-01 3.794875738612625060e+00
3.623506131575202072e-02 2.879475866248559779e-01 3.890539560252884499e+00
3.957402654643790013e-02 2.942513326017988651e-01 3.869576046683531612e+00
3.814730472390694821e-02 2.981079579627835541e-01 3.839137401460926302e+00
3.504478735761477198e-02 2.791611380717791691e-01 3.918086884259918357e+00
3.831717988861698537e-02 2.943741477546635288e-01 3.878020449296854633e+00
3.577479144380116272e-02 2.817425518922715977e-01 3.905242944441638553e+00
3.765719191761513623e-02 2.922908813766316172e-01 3.843400349851014752e+00
7.606160499892106186e-02 3.002245106906573091e-01 3.792277107714628226e+00
6.514483005596698184e-02 2.861420890972282693e-01 3.882106635691231045e+00
5.684619869884806331e-02 2.969808132888290819e-01 3.869085933877240091e+00
5.520139389459475382e-02 2.999662545280913917e-01 3.865267186086764895e+00
5.189801062408462562e-02 2.814842957297056802e-01 3.956112521636127255e+00
5.281395914731849828e-02 3.021975877726610915e-01 3.845701699210769320e+00
5.101305284035866777e-02 3.009774708801828957e-01 3.798953890370833086e+00
4.737565826626324861e-02 2.995737051609911328e-01 3.827683453699834981e+00
4.533141726390795684e-02 2.816117021032382151e-01 3.897230116571092751e+00
4.691079717364455420e-02 3.013137777941021223e-01 3.815167786159306296e+00
4.520860211104326537e-02 2.993946475549454367e-01 3.801714361797371211e+00
4.585711203037551309e-02 3.016845188630301045e-01 3.777445169347174225e+00
4.342606068675478742e-02 2.852135147171578344e-01 3.894787587175802646e+00
4.365562172014673253e-02 2.996437212761757229e-01 3.841062270725918104e+00
4.470356783758097641e-02 2.963300077591629056e-01 3.862048740398609681e+00
4.406079694408352593e-02 3.016443456821865099e-01 3.858257539932141711e+00
4.135082894489158084e-02 2.800128095056632627e-01 3.928451564917564642e+00
4.207968522591101074e-02 2.983639185150155915e-01 3.844579145757482497e+00
4.283034980510268264e-02 3.014802095433112838e-01 3.801775195471219781e+00
4.042225456482114593e-02 2.925112599686878756e-01 3.861088027473864592e+00
3.682273756123540659e-02 2.886110180113586887e-01 3.838110115836497638e+00
3.960272167561189327e-02 2.998365525442249213e-01 3.790207614998599706e+00
3.382237485480264760e-02 2.906219726638721301e-01 3.839195939524441492e+00
3.312106589779024307e-02 2.865438209056642149e-01 3.840196825630030286e+00
3.595155343951296489e-02 2.991765645732230583e-01 3.790323543320462729e+00
3.676075608221957697e-02 2.950708654910080830e-01 3.820928620292276978e+00
3.538224207670093158e-02 2.851182468883001753e-01 3.874187927844376045e+00
3.242205255111176715e-02 2.856462372651016879e-01 3.882581827030352706e+00
3.301661562759691110e-02 2.771467400037648243e-01 3.918659639038231113e+00
3.551194406056738112e-02 2.923482716349796173e-01 3.845007277084758535e+00
3.497247563209630872e-02 2.936005270721326887e-01 3.821915732735862381e+00
3.613520226622651821e-02 2.921198584067545845e-01 3.807078055342573819e+00
3.132589861666520981e-02 2.879165958853480145e-01 3.802811663536984632e+00
3.144412254886206487e-02 2.729055999118485398e-01 3.912298502802940003e+00
3.386713925631407857e-02 2.958662944717111998e-01 3.813559711120395601e+00
3.518711519831777684e-02 2.995828876023268195e-01 3.805148594856914812e+00
3.473373215736867692e-02 2.905267048350144710e-01 3.874519643537627456e+00
3.648528284214924006e-02 2.938151666383541638e-01 3.795445049975437080e+00
3.581266901431083560e-02 2.898988554086874836e-01 3.845769419715619808e+00
3.554178699490833510e-02 2.809608965735720387e-01 3.932616949868461553e+00
3.644510966130565244e-02 2.946932375910783497e-01 3.839341710780645123e+00
3.715215764415285421e-02 2.959190935093913288e-01 3.845421634750031181e+00
3.645658771297524692e-02 2.942800277309728374e-01 3.853737483184654256e+00
3.455237894098903834e-02 2.737641581767344401e-01 3.932400014691906254e+00
3.815878277557654269e-02 2.897450495163149120e-01 3.859887423269224627e+00
3.625457400359033411e-02 2.955552392714650978e-01 3.817767564862470042e+00
3.666319264302800307e-02 2.890781747143112979e-01 3.854916279091122000e+00
3.332422741234211672e-02 2.930495805919919872e-01 3.818321954758111758e+00
3.297070342091851930e-02 2.768724145688614136e-01 3.888670933441074062e+00
2.934019567782486168e-02 2.848531038947325067e-01 3.856422199470173062e+00
3.136721960267576520e-02 2.915356255767720950e-01 3.847538187477904881e+00
3.269523018084818239e-02 2.980505677044355539e-01 3.798982585500006781e+00
3.050521792228899978e-02 2.728195145243265674e-01 3.916422566767826741e+00
3.246681695262319117e-02 2.938277924951906983e-01 3.841203450761454086e+00
3.289609608506613436e-02 2.933583401819041536e-01 3.829021794524510192e+00
2.948596693402874905e-02 2.736482298548715275e-01 3.924799248876298829e+00
3.044208863810621279e-02 2.912773694142061776e-01 3.859334181178749823e+00
3.199392122383577786e-02 2.934868943606036562e-01 3.842398315940259046e+00
2.942283764984596553e-02 2.752459746472794566e-01 3.897559536654010337e+00
3.160022405156859282e-02 2.954817797407796598e-01 3.839282024911963465e+00
6.875812072155623733e-02 3.033672012377930938e-01 3.810912872405386231e+00
5.952861937403297610e-02 2.812398132291432096e-01 3.958693935456619961e+00
5.830850248155477339e-02 2.955747519593034389e-01 3.894393890003535308e+00
5.481114013782844435e-02 2.922598906371237093e-01 3.873104399766766015e+00
5.179241254872432587e-02 2.766417057303025007e-01 3.915055530813977391e+00
5.099009673701947187e-02 2.974055012006042165e-01 3.877250272029824529e+00
5.024402337849564332e-02 2.983662141253495270e-01 3.837982709462965047e+00
4.969881592418976674e-02 3.024661741817297189e-01 3.792503225332519268e+00
4.657334245455839461e-02 2.873174415881950550e-01 3.856281019434637081e+00
4.690046692714192056e-02 2.986244702879154445e-01 3.815079405161450055e+00
4.428691456197459547e-02 2.943844780011661832e-01 3.820626747533366618e+00
4.394142520671971003e-02 2.890265234817980811e-01 3.859088550873020829e+00
4.190521884053313023e-02 2.775163332675258387e-01 3.974798789754232065e+00
4.421460283645612527e-02 2.971770879723792391e-01 3.842493583769116761e+00
4.208657205691276881e-02 3.016822232526961689e-01 3.809806388224437068e+00
4.348804216577061010e-02 2.941204828127654269e-01 3.876035894163181172e+00
3.801530712970657699e-02 2.753756766311459270e-01 3.909513927467895833e+00
4.097894007079662393e-02 2.989986547723443300e-01 3.803480833949322015e+00
3.913786058299319887e-02 2.911499630406736427e-01 3.833630232269853444e+00
3.967273779079644180e-02 2.932114211205333332e-01 3.816298374248761505e+00
3.817714765824789525e-02 2.920682071742414232e-01 3.845784341182790111e+00
3.315779566313295512e-02 2.818952099794772570e-01 3.886359253834817284e+00
3.466142043185021365e-02 2.890058629887928277e-01 3.865573650066343347e+00
3.564968068060254958e-02 2.888130317207435738e-01 3.856907721055796934e+00
3.417704665139320586e-02 2.930059639956475448e-01 3.816861946585738963e+00
3.539945915420533024e-02 2.881932169305853608e-01 3.849091167868801122e+00
3.447891941030361423e-02 2.908274297887579185e-01 3.829459108293121972e+00
2.904176633441533234e-02 2.756786971952233101e-01 3.910838494630567208e+00
3.224414275023300414e-02 2.861397934868943338e-01 3.868537283007433381e+00
3.236121887726289836e-02 2.860284563856992923e-01 3.834224795346338865e+00
2.950777523220098411e-02 2.899860886013764238e-01 3.810678720151326804e+00
3.309237076861624993e-02 2.959833705987410801e-01 3.776481013006927956e+00
2.946989766169131469e-02 2.816966396855932198e-01 3.860988168424338784e+00
3.011266855518876864e-02 2.777722938197578761e-01 3.856118031100928878e+00
2.746123861951177067e-02 2.672101906733943544e-01 3.947777160513665784e+00
2.698489947522347832e-02 2.826057013778253135e-01 3.872589035246801092e+00
2.711574926425688870e-02 2.777665547939230373e-01 3.881824275620159082e+00
2.994279339047872801e-02 2.817161523734315054e-01 3.822338125037303858e+00
2.871464186183180639e-02 2.796099298920604048e-01 3.857674454907326300e+00
2.296413797536351123e-02 2.580633312978921623e-01 3.954633000775916507e+00
2.317189071058322128e-02 2.728034452519891295e-01 3.915290830873204175e+00
2.520465366126892204e-02 2.869030839229225749e-01 3.850247007671929733e+00
2.271965547480108566e-02 2.772971024806365481e-01 3.855347853833898775e+00
2.323272438443209006e-02 2.827239253100221616e-01 3.828954074019659704e+00
2.118503996657591232e-02 2.641076733071021643e-01 3.932978508496054015e+00
2.294692089785911257e-02 2.812363698136423618e-01 3.850102384220893015e+00
2.418425486784171394e-02 2.809402360805667298e-01 3.846999866854600825e+00
2.417162901100515515e-02 2.814119840041872100e-01 3.837716418664230300e+00
2.310187459539867968e-02 2.706880403292823423e-01 3.906422888153273210e+00
2.695505654088252434e-02 2.815795635585633394e-01 3.858806190801948421e+00
2.795938606197229809e-02 2.844858062413053723e-01 3.839417465921664441e+00
2.499919653638312672e-02 2.829213477987392311e-01 3.826974110106653892e+00
2.202752895912436087e-02 2.667751725151166209e-01 3.924821057174471051e+00
2.411079533715628984e-02 2.777057211200741893e-01 3.883280840377031140e+00
2.494524969353601948e-02 2.717922288998976255e-01 3.915387246507228802e+00
2.121603070608382713e-02 2.594957921462579531e-01 3.968833646301542117e+00
2.469273255680487847e-02 2.745951691176132803e-01 3.888343808968490301e+00
2.387779088826346222e-02 2.745389266644322479e-01 3.887064006207330280e+00
2.210443190531066401e-02 2.661622445559601036e-01 3.947554486311275479e+00
2.643050957958192199e-02 2.898621256433447924e-01 3.840292093458888001e+00
3.678830340622661621e-02 2.686552773785966242e-01 3.853498739709926735e+00
2.909686098242939695e-02 2.607319783110735867e-01 3.929520171528004369e+00
3.249665988696414515e-02 2.820111383013401696e-01 3.869557681800860571e+00
3.036174227641903062e-02 2.825609369763139034e-01 3.822836272479764208e+00
2.918065075961745816e-02 2.769619433718842894e-01 3.897055650185714981e+00
2.792609971213046507e-02 2.834275298773685225e-01 3.872611991350140226e+00
2.921623271979321285e-02 2.844984320981419068e-01 3.868173428769507094e+00
2.903258389307965259e-02 2.838900953596532606e-01 3.841498436689362528e+00
2.826240662604966730e-02 2.737170981648890944e-01 3.874829550932706645e+00
2.807301877350130981e-02 2.667327037239390908e-01 3.944829596844912967e+00
3.039617643142782447e-02 2.939781549720624221e-01 3.790432584811323835e+00
2.759553182404606009e-02 2.859859875945217622e-01 3.838547429605108974e+00
2.829339736555758211e-02 2.792345976024645515e-01 3.872304379565394861e+00
2.841391690808835191e-02 2.809643399890728865e-01 3.865680395946870185e+00
2.647527398109335295e-02 2.725658495824284655e-01 3.904121538793519086e+00
2.645231787775415705e-02 2.954611192477744064e-01 3.783092370768616153e+00
2.541814542232343280e-02 2.811984922431327028e-01 3.847897450495163074e+00
2.246943394840386285e-02 2.791152258651007356e-01 3.859920709619066415e+00
2.350016298833370806e-02 2.804512710794418995e-01 3.868952788477872495e+00
2.145133076531057295e-02 2.670035857433415982e-01 3.923423030481114182e+00
2.368266400988030748e-02 2.845477877203211881e-01 3.877784001432460936e+00
2.293199943068863558e-02 2.789396116745558873e-01 3.886259394785291477e+00
2.226397682351806753e-02 2.796076342817264693e-01 3.879607863842760018e+00
2.022317923666365133e-02 2.681513909103013238e-01 3.933412378849164615e+00
2.467207206379960077e-02 2.870924717754709254e-01 3.874344029347082330e+00
2.390763382260441619e-02 2.857265836267888770e-01 3.865830758423741909e+00
2.547897909617229811e-02 2.832438810506549554e-01 3.891954804023745940e+00
2.557654253536387548e-02 2.887900756174043848e-01 3.842397168135092134e+00
2.128260340576748968e-02 2.713021160936058274e-01 3.950465320214685327e+00
2.449645787325476290e-02 2.915551382646104361e-01 3.836583534964440823e+00
2.682994577768391120e-02 2.908216907629231351e-01 3.832944992585178401e+00
2.320173364492417525e-02 2.622929933381388246e-01 3.955690129334686223e+00
2.469388036197183584e-02 2.925881629148741614e-01 3.816480875270308104e+00
2.608387241916008265e-02 2.842964183887570218e-01 3.863305587056430568e+00
2.726381613079469426e-02 2.855681865137484343e-01 3.853224414275023157e+00
3.217412663504846254e-02 2.879326651576854523e-01 3.847446363064547903e+00
2.744861276267521188e-02 2.714857649203193390e-01 3.906337950570918149e+00
2.716854830193703510e-02 2.838694348666480072e-01 3.825306349199061540e+00
2.932986543132222457e-02 2.827032648170169082e-01 3.861189034328556868e+00
2.839784763575091756e-02 2.884526208983182460e-01 3.791070764484153255e+00
2.347261566432667576e-02 2.694690712419711143e-01 3.879889076108665069e+00
2.657283742028493032e-02 2.890494795851373255e-01 3.807275477831291166e+00
2.929313566597951252e-02 2.898690124743465435e-01 3.839933978246796276e+00
2.731661516847484414e-02 2.820788588061908242e-01 3.837970083606128568e+00
2.569361866239376971e-02 2.831049966254527983e-01 3.822773143195581369e+00
2.032992511719090845e-02 2.646850193060829026e-01 3.924084166257282735e+00
2.299283310453750437e-02 2.868594673265781325e-01 3.848482831130312753e+00
2.251993737575009105e-02 2.866540102016923441e-01 3.846067849059029431e+00
2.346343322299099601e-02 2.888773088100933251e-01 3.810155320995193051e+00
2.009806847346504166e-02 2.667189300619355885e-01 3.927645805690358927e+00
2.162350154035453526e-02 2.853684684146974293e-01 3.838494630567428789e+00
2.435872125321959444e-02 2.876388270349437559e-01 3.805918772123944471e+00
2.787215286928335783e-02 2.932756982098830845e-01 3.770134798238807594e+00
2.420950658151482804e-02 2.662253738401428871e-01 3.914654946810708580e+00
2.892698581771935631e-02 2.865828462813408417e-01 3.818909631003594818e+00
2.726955515662949150e-02 2.797534055379303775e-01 3.855431643611086923e+00
2.594039677329011348e-02 2.768001028433429433e-01 3.872811709449191397e+00
2.232710610770085452e-02 2.660382815979284166e-01 3.914994697140128821e+00
2.647871739659423199e-02 2.827491770236952862e-01 3.851571574834601108e+00
2.290100869118072424e-02 2.630976047601775725e-01 3.946630503151872915e+00
4.370956856299384324e-02 2.745699174039402113e-01 3.928743107429972348e+00
3.839293502963633115e-02 2.908641595541006653e-01 3.857240584554215257e+00
3.745173479272934092e-02 2.839658505006726341e-01 3.862771857653794605e+00
3.631311206710528122e-02 2.814269054713576801e-01 3.842173346127534916e+00
3.547865771072555158e-02 2.841850812875619248e-01 3.816868833416740436e+00
3.193079193965299434e-02 2.679321601234120331e-01 3.935788335544771144e+00
3.516875031564642429e-02 2.860927334750489881e-01 3.817168410565316972e+00
3.121456151547011976e-02 2.847578360658748475e-01 3.799759649598038802e+00
2.586693724260469285e-02 2.712539082765935139e-01 3.914848925883924746e+00
2.851951498344864819e-02 2.881909213202514253e-01 3.847578360658748142e+00
2.852869742478432794e-02 2.937348202766669747e-01 3.810760214318180683e+00
2.882368335269298171e-02 2.874850211425711843e-01 3.854092154981244800e+00
2.544339713599654690e-02 2.625432148645360231e-01 3.953300398977075858e+00
2.661760182179636128e-02 2.743105134362072706e-01 3.915046348372641649e+00
3.047422718278108497e-02 2.827962370355406319e-01 3.862006271607432151e+00
2.842424715459099249e-02 2.832220727524826787e-01 3.850399665759135281e+00
3.178042946278127057e-02 2.809069497307248864e-01 3.857346182629575626e+00
2.890747312988104292e-02 2.844582589172983678e-01 3.822582607537865940e+00
2.867446868098821530e-02 2.707029617964528123e-01 3.904230580284380192e+00
3.102517366292176226e-02 2.847566882607078798e-01 3.872271093215553073e+00
2.843113398559275057e-02 2.790532443860849199e-01 3.881995298590036114e+00
2.842309934942403166e-02 2.718714274564178468e-01 3.912938978086103692e+00
2.874448479617275690e-02 2.820111383013401696e-01 3.871646687204727044e+00
2.839210860991611685e-02 2.807221530988444069e-01 3.895174397517068066e+00
2.918065075961745816e-02 2.874678040650667787e-01 3.848320990601771463e+00
2.999903584365975345e-02 2.818470021624649435e-01 3.843784864581946348e+00
2.730513711680524619e-02 2.714352614929731455e-01 3.904750536025012764e+00
2.758520157754342297e-02 2.795640176853820269e-01 3.858123246727607647e+00
2.626407783037276039e-02 2.792667361471394272e-01 3.887050232545326889e+00
2.588989334594388528e-02 2.865920287226764729e-01 3.843342959592666919e+00
2.757601913620774323e-02 2.887992580587400715e-01 3.820873525644262969e+00
2.411997777849196611e-02 2.678254142428847517e-01 3.923855753029057869e+00
2.557883814569779715e-02 2.786400345259794076e-01 3.899757583548737916e+00
2.379629672140932267e-02 2.833345576588447434e-01 3.825173203799694388e+00
2.308580532306124186e-02 2.655137346366278628e-01 3.944683825588709336e+00
2.538371126731464242e-02 2.898483519813412901e-01 3.809875256534454913e+00
2.331766196678710865e-02 2.888084405000757582e-01 3.790333873566965384e+00
2.635016321789474328e-02 2.818228982539587868e-01 3.864505043455903621e+00
2.453548324893139315e-02 2.784529422837649926e-01 3.868521213735095721e+00
2.280229744682218604e-02 2.695781127328322757e-01 3.905994756825997172e+00
2.613437584650631085e-02 2.843193744920962107e-01 3.886673752450564123e+00
2.624226953220052533e-02 2.855062050347325631e-01 3.829642757119835483e+00
2.723741661195461933e-02 2.833345576588447434e-01 3.835839757216251034e+00
2.785264018144504097e-02 2.836547953004265321e-01 3.856025058882404988e+00
2.413604705082940394e-02 2.734301468731491491e-01 3.910046509065365328e+00
2.880990969068946209e-02 2.880968012965607339e-01 3.867209272429260825e+00
2.754502839669983189e-02 2.846178038355057227e-01 3.835042032625214148e+00
2.369184645121598376e-02 2.669312740178231280e-01 3.940505814780975946e+00
2.504969996372935839e-02 2.761653665860142048e-01 3.856372843847994059e+00
2.697916044938867761e-02 2.779433167896348533e-01 3.840498698388940646e+00
2.746927325568048611e-02 2.829867726932559502e-01 3.848792738525391943e+00
2.386172161592602786e-02 2.680595664969445679e-01 3.934941255331554810e+00
2.655332473244661692e-02 2.789958541277369197e-01 3.916194153539601430e+00
2.648904764309686910e-02 2.784380208165945225e-01 3.852139738392246215e+00
2.453089202826355328e-02 2.645025182845363032e-01 3.962610246686286697e+00
2.716166147093527702e-02 2.815221733002153393e-01 3.887827296643358466e+00
2.895797655722727112e-02 2.789373160642220073e-01 3.892044332826768649e+00
2.867217307065429363e-02 2.670563847810217273e-01 3.957947862098095904e+00
2.922771077146280733e-02 2.838579568149783849e-01 3.888075222559421729e+00
2.759667962921301745e-02 2.725233807912509909e-01 3.944340631843788358e+00
4.095598396745742803e-02 2.796902762537475939e-01 3.796761582501939625e+00
3.398995440917877003e-02 2.847819399743810043e-01 3.844591771614318976e+00
3.218560468671805702e-02 2.829133131625705122e-01 3.840349483717235834e+00
3.202146854784281710e-02 2.855004660088977797e-01 3.835714646453052268e+00
3.295463414858108148e-02 2.853673206095304615e-01 3.851864265152176170e+00
2.821879002970519718e-02 2.725865100754337744e-01 3.917394757744241396e+00
2.790314360879126918e-02 2.789315770383871684e-01 3.890407562658684260e+00
2.701933363023226869e-02 2.797889874981061009e-01 3.854359593585146460e+00
2.540437176031991665e-02 2.736493776600384953e-01 3.934494759121607732e+00
2.578429527058358900e-02 2.901157905852428942e-01 3.842281239813229110e+00
2.642477055374712475e-02 2.861822622780718639e-01 3.865835349644410002e+00
2.366085571170807242e-02 2.847888268053827554e-01 3.858931301565147187e+00
2.463763790879081039e-02 2.829810336674211668e-01 3.857863842759874373e+00
2.351967567617202493e-02 2.724074524693880228e-01 3.915810786613837191e+00
2.472716671181366885e-02 2.920750940052431743e-01 3.838526769112103665e+00
2.210098848980978498e-02 2.797912831084400365e-01 3.879029370038612257e+00
2.128030779543357148e-02 2.751288985202495763e-01 3.878116864930879260e+00
2.105878139821034181e-02 2.710415643207059189e-01 3.890507421708209623e+00
2.139853172763042655e-02 2.746812545051352528e-01 3.878924919768418800e+00
2.069263154995018561e-02 2.684257163452046790e-01 3.906877418999389562e+00
2.184273232724384325e-02 2.863796847667889334e-01 3.817931701001345157e+00
2.233743635420349163e-02 2.839933978246796387e-01 3.885430679454746627e+00
2.142148783096961898e-02 2.800174007263311338e-01 3.868050613616642153e+00
2.125735169209437558e-02 2.854074937903740561e-01 3.850134522765567890e+00
2.276671548664643482e-02 2.681433562741326049e-01 3.911030178093449550e+00
2.224790755118063318e-02 2.806842755283346924e-01 3.850752041945392001e+00
2.082922036481839323e-02 2.830108766017621069e-01 3.827257617982893212e+00
2.110239799455481194e-02 2.780982704871744482e-01 3.836114082651154611e+00
1.951842686415037123e-02 2.681158089501255448e-01 3.912472969188318217e+00
2.148691272548632417e-02 2.812708039686511730e-01 3.903306597124977628e+00
2.214804850165513414e-02 2.807910214088619738e-01 3.867377999788804033e+00
2.131933317111020174e-02 2.829672600054176645e-01 3.837897771880609987e+00
2.351164104000330601e-02 2.869157097797591649e-01 3.811361664225667578e+00
2.031959487068827133e-02 2.774015527508298384e-01 3.848970648326270450e+00
2.327289756527568115e-02 2.832496200764897387e-01 3.874720509441845095e+00
2.443332858907197591e-02 2.824955120817971843e-01 3.852216641338432446e+00
2.475012281515286475e-02 2.785332886454521817e-01 3.869673610122723151e+00
2.285624428966929328e-02 2.636118214749755273e-01 3.888782270542268993e+00
2.565000206604929958e-02 2.829259390194071022e-01 3.836192133402507753e+00
2.555014301652380401e-02 2.823462974100924283e-01 3.842483253522614106e+00
2.259798812710335156e-02 2.807393701763488125e-01 3.877889599507821305e+00
2.276556768147947399e-02 2.657226351770144990e-01 3.909944354405505695e+00
2.088316720766550047e-02 2.780833490200039226e-01 3.850531663353335965e+00
2.179567231539849409e-02 2.704665139320591161e-01 3.843334924956498089e+00
2.340719076980997057e-02 2.778273884677719407e-01 3.866511406887749303e+00
