2.520899421740504351e+02 1.631605244038471483e+02 1.471374669479188213e-01
2.520259311976534775e+02 1.636697708839186589e+02 1.381259638783629284e-01
2.520200230115408715e+02 1.637692984991181504e+02 1.116370334558634825e-01
2.519328424924847809e+02 1.634047087230485431e+02 9.729398323830719397e-02
2.519093582967138332e+02 1.632145866700517729e+02 9.692531242488162946e-02
2.519071584258161351e+02 1.632982411836358665e+02 9.461875656652685151e-02
2.519283171595331794e+02 1.633353013782616472e+02 9.313732110012451493e-02
2.519372908502116104e+02 1.632890365672830910e+02 8.907518993974325450e-02
2.519132826827351437e+02 1.632137912593956912e+02 8.715756153291433217e-02
2.518908801914387254e+02 1.630970914168572961e+02 8.733041817803693929e-02
2.518642427123368464e+02 1.628809152759359336e+02 8.693878984143103839e-02
2.518017631377802559e+02 1.622785544322874500e+02 8.347355428373878783e-02
2.517786516641503454e+02 1.616585649117215837e+02 8.072945504241739456e-02
2.517876604663348132e+02 1.613648180008588895e+02 8.294418080805079918e-02
2.517821385067886695e+02 1.612704018106733486e+02 8.706573144019294497e-02
2.518266058787464772e+02 1.613957417845828104e+02 8.742494915583837178e-02
2.518980523917687719e+02 1.616092656563555749e+02 9.141550686159854999e-02
2.519324306075100708e+02 1.617870676220597375e+02 9.536825217623814965e-02
2.519450896558802242e+02 1.618492987151889793e+02 9.334258836620761002e-02
2.519291989985118221e+02 1.619479850046860463e+02 9.340740960812858595e-02
2.519555636882206215e+02 1.620885188076132408e+02 9.310356003662399738e-02
2.520033436957290860e+02 1.623114323063667825e+02 9.174771572644355166e-02
2.520200378664088134e+02 1.626235222782505900e+02 8.629732963492135756e-02
2.520657044313421409e+02 1.629014244467912249e+02 8.550056853630934317e-02
2.520817044745563180e+02 1.631444757447015377e+02 9.055797584868562067e-02
2.520871116464865622e+02 1.633609017174928226e+02 9.089423604115068334e-02
2.520433546073048205e+02 1.631419058525478931e+02 8.113188691934346275e-02
2.518831880707307675e+02 1.623184654111152270e+02 8.268354539782686585e-02
2.517592809163562890e+02 1.614983889220497417e+02 8.040669927535253059e-02
2.517829568749679368e+02 1.613179414394097080e+02 8.948842535698948997e-02
2.518441130158352905e+02 1.614584009679972212e+02 8.704142347447257899e-02
2.518822373591825965e+02 1.614627291363379697e+02 9.383820077839508111e-02
2.519331503933839258e+02 1.616467066757776649e+02 9.267817063651759280e-02
2.519873260967619046e+02 1.619198377308243835e+02 9.517648933555526714e-02
2.519594367574254079e+02 1.619241753522629494e+02 9.993679928912704846e-02
2.519282361329807713e+02 1.618276025053409910e+02 9.796110185307725648e-02
2.519064832045461344e+02 1.616808485640744379e+02 8.984899351517491861e-02
2.519048734770384215e+02 1.616719937123395425e+02 9.261469983713663257e-02
2.519654421754008808e+02 1.618152121950363096e+02 8.980172802627421624e-02
2.520208332770648951e+02 1.621027241126917318e+02 9.988683291514628693e-02
2.520519596271698219e+02 1.623479091098152765e+02 9.495096543137186706e-02
2.520729292989312569e+02 1.625845606605284672e+02 9.461470523890679052e-02
2.520465551561246684e+02 1.626820666632455357e+02 1.010617179249640174e-01
2.520488360535747461e+02 1.628095457381383824e+02 9.254312638251555034e-02
2.520398637133388604e+02 1.627942762843383662e+02 9.090233869639080533e-02
2.520323133890975953e+02 1.628210380041539622e+02 9.179633165788428362e-02
2.519801525459893128e+02 1.626688930962676523e+02 9.072408028110812150e-02
2.519720525916342808e+02 1.624913639199565694e+02 8.553297915726983114e-02
2.518900226604258137e+02 1.618329232489486742e+02 8.072270282971730215e-02
2.517256481448970931e+02 1.609237405097650537e+02 7.726016815710508301e-02
2.516952658886316954e+02 1.603956715615707367e+02 8.701711550875221302e-02
2.517021315385051707e+02 1.602226636668836477e+02 9.667142922735780242e-02
2.517663896458869601e+02 1.602614659323860451e+02 1.013453108583682871e-01
2.517621924704725700e+02 1.601926136194830974e+02 9.969101874684334341e-02
2.519339728128907723e+02 1.597455914803281019e+02 9.292260073626126826e-02
2.518868774797501260e+02 1.593370110385173177e+02 9.347628217766962289e-02
2.518066949539364145e+02 1.590483823048813008e+02 8.951948553540994835e-02
2.517997833890165680e+02 1.590495058730745939e+02 9.460120081350659182e-02
2.518165693897890378e+02 1.591715156556803663e+02 9.221361840275058008e-02
2.519417121990876467e+02 1.594741849404049674e+02 1.102163679037620608e-01
2.519687251012156821e+02 1.595720231519869117e+02 1.111562759116162397e-01
2.519751032413321923e+02 1.597785706375979373e+02 1.092116386539869061e-01
2.519726008713055307e+02 1.599587682883681055e+02 1.039948791218882479e-01
2.519826643691137633e+02 1.600319001536803682e+02 1.065080526888661366e-01
2.519317135225213349e+02 1.599250099257526756e+02 1.069253394337324331e-01
2.518946465756828559e+02 1.596552266177626507e+02 1.052102774079065745e-01
2.518746708296308725e+02 1.595720191006592756e+02 9.720215314558580677e-02
2.518643696539355972e+02 1.594281929188194908e+02 9.640944337459385338e-02
2.517894187425219172e+02 1.590428252338291202e+02 9.939122050295881583e-02
2.517207919535231611e+02 1.579392273848139894e+02 9.334799013636768672e-02
2.516861220421932330e+02 1.559297702357062292e+02 1.056613252162733746e-01
2.516730362539804275e+02 1.543467652849838885e+02 1.066660544660485294e-01
2.516739099903038266e+02 1.535653425127414380e+02 9.930749306547755062e-02
2.517036278288395010e+02 1.532210782473416657e+02 1.103946263190447447e-01
2.517168162506853548e+02 1.530954168681076908e+02 1.136762016912942347e-01
2.517560020418691238e+02 1.530723553608517591e+02 1.173156443366491219e-01
2.518980577935389533e+02 1.588918349543145325e+02 9.365048926533224571e-02
2.519686400233356380e+02 1.593877863275795619e+02 1.105904404873477020e-01
2.520189939743253831e+02 1.600041593630232626e+02 1.043851570159541331e-01
2.520749171503501600e+02 1.606053952880358793e+02 1.025053410002457754e-01
2.521595790940691302e+02 1.613395606740328674e+02 1.241947986355128597e-01
2.521954346939492098e+02 1.621889066547107348e+02 1.304797582167676329e-01
2.522158911975454316e+02 1.628839483698808124e+02 1.400098312216913610e-01
2.521493873042196014e+02 1.633691259125615431e+02 1.142622937536630773e-01
2.521085215625160458e+02 1.635489697473862236e+02 9.876866649200943815e-02
2.520837220357111050e+02 1.635198731124189351e+02 1.113790989307195944e-01
2.520697003908180704e+02 1.634121888242777061e+02 9.482942560277002331e-02
2.520274018295795599e+02 1.632660803945452983e+02 9.893612136697195469e-02
2.520182363760604289e+02 1.632353915878233295e+02 9.531963624479741770e-02
2.519561241218747512e+02 1.630952683194282713e+02 9.607318318212877684e-02
2.519717933066665978e+02 1.631444933004545703e+02 9.245264673233419273e-02
2.519866400719515696e+02 1.632863181264500270e+02 9.939392138803886112e-02
2.520570980610345941e+02 1.634664469046506667e+02 9.568830705822298222e-02
2.520266320773317545e+02 1.635786484230882536e+02 8.651069955624457464e-02
2.519183009272138349e+02 1.630011235681932931e+02 8.155997720452992650e-02
2.518038873838956988e+02 1.622898049690883795e+02 7.853768679996435409e-02
2.517774875826808341e+02 1.620938287476806181e+02 8.337092065069723335e-02
2.519046101407431308e+02 1.623214026236397558e+02 8.679429248964885824e-02
2.519288694905320369e+02 1.624314879986171434e+02 9.207452282112849051e-02
2.519302996091819296e+02 1.623826843556633435e+02 9.025952804734110879e-02
2.519268397753943987e+02 1.624352044164872950e+02 9.860931427228702972e-02
2.519577297980548281e+02 1.625763297132470200e+02 9.634057080505281645e-02
2.519632976726473146e+02 1.624969182901236877e+02 9.878082047486962114e-02
2.519169450829036805e+02 1.623752150579744864e+02 9.363428395485200173e-02
2.519114838932718214e+02 1.623350758543574841e+02 9.573422210458366888e-02
2.519388127989542170e+02 1.623661373832204902e+02 9.165588563372216446e-02
2.519581052210809560e+02 1.624650681028172983e+02 8.389624279876516100e-02
2.519934827643018593e+02 1.627634443307071592e+02 1.040326915130088126e-01
2.520058069029220746e+02 1.630338542440357799e+02 9.179768210042431320e-02
2.520622297426866680e+02 1.632305988672488013e+02 9.921836385783620871e-02
2.520954290220905420e+02 1.634161699288856937e+02 1.005485497597562727e-01
2.520454923578456601e+02 1.633977971581287250e+02 9.757892661425149328e-02
2.520073369543199249e+02 1.632761168835027377e+02 9.003805547077776972e-02
2.519252084408060455e+02 1.629782740804161563e+02 9.274974409113866114e-02
2.519361659315757720e+02 1.624903308314134449e+02 7.960318596404040992e-02
2.519265129682997042e+02 1.623225032343098917e+02 7.691715575193991405e-02
2.518762008810287227e+02 1.622427028837350065e+02 8.176794535569306688e-02
2.519193610246077526e+02 1.624001199192975662e+02 8.628652609460120415e-02
2.519509694826994917e+02 1.626872159006506422e+02 9.719540093288570048e-02
2.519962025555774687e+02 1.628407531147957172e+02 9.443779726616412240e-02
2.519157188810773391e+02 1.623489232921628513e+02 8.637430485970253036e-02
2.517713565735491557e+02 1.615732871662043522e+02 8.138171878924724267e-02
2.516668620306874686e+02 1.606179152408244306e+02 8.526694197688582111e-02
2.516278598996891276e+02 1.597527744841984827e+02 8.161669579121078044e-02
2.516346026592914598e+02 1.590901244837933461e+02 9.848507355860515455e-02
2.516630213721036284e+02 1.586955670373181420e+02 9.967616387890311513e-02
2.517120370345362232e+02 1.585096367579655805e+02 9.873490542850892060e-02
2.517690500176908017e+02 1.585973101885487893e+02 1.052980561730079007e-01
2.518258712380046802e+02 1.588035794829965823e+02 1.010846754481443538e-01
2.518465735221432169e+02 1.589771532131079255e+02 1.085904350855775441e-01
2.518751529376176563e+02 1.591147038884642484e+02 1.117464193016051294e-01
2.518882360249453711e+02 1.592765760339663359e+02 1.101812563977215276e-01
2.519661457559642201e+02 1.596560220284187039e+02 1.040880596571496508e-01
2.520611426364419572e+02 1.600708671731726440e+02 1.176073399252935137e-01
2.521135398069947655e+02 1.607066555210142269e+02 1.296195263187746582e-01
2.521375439231436246e+02 1.612987705571115669e+02 1.073885412249594162e-01
2.521688849936124086e+02 1.618760793412001249e+02 1.232197791216181476e-01
2.521838073836796354e+02 1.623583763899429755e+02 1.277370094179862692e-01
2.521934535947430049e+02 1.628128300143957290e+02 1.128470299717217323e-01
2.522037048040643015e+02 1.631747823761846803e+02 1.156235398340035997e-01
2.522105528981847442e+02 1.636883826830052158e+02 1.074236527309999495e-01
2.522410553438361660e+02 1.646122406812712597e+02 1.082906368416930165e-01
2.522653997715051162e+02 1.653536957560992846e+02 1.272116872699183554e-01
2.522146798505870322e+02 1.656850686970120137e+02 1.072062314820566714e-01
2.521020475409791857e+02 1.653296632806570585e+02 8.823791556493063015e-02
2.519589127857198889e+02 1.646436303676714772e+02 8.940199703442817947e-02
2.517885679637217038e+02 1.637468635972008144e+02 8.032837360803135596e-02
2.517723707558967021e+02 1.623248273459212498e+02 7.633376457465111675e-02
2.517142774187101111e+02 1.616886325148751382e+02 8.157483207247015478e-02
2.517369797082504022e+02 1.618878335930684500e+02 8.457011362623531592e-02
2.518669138876809939e+02 1.624018511866338486e+02 8.261467282828582892e-02
2.519091246701543980e+02 1.626026403852542614e+02 9.079970506334926472e-02
2.518993677228027650e+02 1.626211900639839598e+02 8.901036869782227856e-02
2.519200497503031784e+02 1.625673951854022619e+02 9.323320252046596313e-02
2.518623277848150792e+02 1.624707953296295102e+02 9.536690173369813395e-02
2.518351069145358849e+02 1.621445054544374216e+02 8.440806052143287608e-02
2.517719683240197810e+02 1.617388392676280091e+02 8.874703240251829994e-02
2.517918157780304682e+02 1.617311930619663940e+02 9.959648776904191092e-02
2.518467085663972114e+02 1.618025234369302723e+02 9.597730176178734252e-02
2.518355890225226688e+02 1.618065707132227260e+02 9.515488225491493257e-02
2.518651556114938899e+02 1.617872445300324955e+02 9.059308735472614005e-02
2.518767235022916964e+02 1.617487758238374624e+02 9.466602205542756776e-02
2.518179103792312787e+02 1.615035651683056415e+02 9.601106282528784619e-02
2.517529973072175835e+02 1.610846281826554502e+02 8.969234218053255547e-02
2.517505178947141076e+02 1.605566767229621234e+02 8.556809066331036440e-02
2.516924137539871822e+02 1.601416992348392512e+02 9.100227144435231452e-02
2.517025285686119389e+02 1.598492568514702157e+02 9.822173726330118981e-02
2.517370742392282068e+02 1.597231700828361340e+02 9.144926792509905367e-02
2.516893982157953076e+02 1.593655661460260546e+02 9.542226987783897219e-02
2.517229945253059498e+02 1.584696366499301803e+02 8.552082517440964815e-02
2.516728161318464174e+02 1.573279090557975906e+02 9.235676531199274453e-02
2.516752590824013112e+02 1.568267179654772860e+02 9.904415677017358588e-02
2.517158250258609655e+02 1.567047230377394555e+02 1.071252049296554515e-01
2.517224854084683443e+02 1.566366661354925895e+02 1.082298669273921016e-01
2.519067330364160284e+02 1.563025247873728176e+02 9.764509829871248492e-02
2.519016067565341075e+02 1.561723785884634310e+02 1.012494294380268389e-01
2.518693392824828834e+02 1.561538896796480174e+02 1.036964313205437360e-01
2.518295484930411590e+02 1.560667901871443348e+02 1.000691426580490456e-01
2.517996456438775112e+02 1.558722359817312224e+02 1.005985161337370204e-01
2.517609662686462286e+02 1.557595334491112737e+02 1.053480225469886483e-01
2.517813255403795836e+02 1.557717428001155895e+02 1.060610562081193975e-01
2.518145153666856686e+02 1.558643048326936764e+02 1.102487785247225488e-01
2.519479012772485476e+02 1.565160432573754292e+02 1.310888078023168257e-01
2.519924024102698468e+02 1.567639453448895210e+02 1.322407352889541921e-01
2.519719661633117198e+02 1.568270015584107000e+02 1.312022449756785336e-01
2.519242820372236054e+02 1.567866165742513829e+02 1.206755453762197866e-01
2.519563091325027244e+02 1.567712877009795989e+02 1.220759542902209033e-01
2.519187695307752222e+02 1.566442596738951352e+02 1.242717738602940186e-01
2.518737822384395315e+02 1.566023095268319310e+02 1.161178018036510551e-01
2.518776755642824128e+02 1.566320773317416126e+02 1.184149045642256953e-01
2.518844561362758441e+02 1.566231927702708049e+02 1.180016691469794599e-01
2.519061428930260433e+02 1.567070876626270319e+02 1.176032885976734527e-01
2.519174812085920507e+02 1.567260532776590765e+02 1.159368425032883260e-01
2.518657997725854898e+02 1.567346434426561643e+02 1.217045825917153073e-01
2.518668355620136765e+02 1.566898870759947897e+02 1.183352284543644911e-01
2.518856944920850651e+02 1.566279706359774195e+02 1.080880704606899667e-01
2.519083603196767456e+02 1.566894103697781873e+02 1.148092229823713256e-01
2.518897282639520938e+02 1.567204624455434043e+02 1.132224529978473893e-01
2.519238228867599787e+02 1.566741773779267533e+02 1.075046792834011694e-01
2.517908367071889586e+02 1.560277569959675645e+02 1.032912985585376364e-01
2.516625068534958984e+02 1.547634051678735148e+02 1.005904134784968984e-01
2.516304027829919789e+02 1.539210949928291541e+02 1.067187217251093223e-01
2.516579747683315702e+02 1.536499869007073755e+02 1.081299341794306063e-01
2.517034792801601100e+02 1.536358855797044782e+02 1.163028124316338452e-01
2.517320586956345494e+02 1.537467906733036500e+02 1.193278037212794629e-01
2.517803316146701320e+02 1.539096648471704043e+02 1.243203897917347506e-01
2.518056632158358354e+02 1.540008629327830647e+02 1.289416041636844423e-01
2.518351339233867066e+02 1.543015200581230602e+02 1.272238412527785245e-01
2.518551164216513882e+02 1.544280173612893066e+02 1.176384001037139859e-01
2.518504722497562511e+02 1.545861744393637878e+02 1.263757633376457468e-01
2.519220389521646268e+02 1.550535301918438620e+02 1.394412949123427781e-01
2.520064537648987653e+02 1.557348068462034973e+02 1.341570132532430848e-01
2.520767551026471267e+02 1.564577541060205306e+02 1.444028208043776074e-01
2.520879381173210447e+02 1.573895310993412409e+02 1.313291865744404541e-01
2.521169375204254379e+02 1.580105266995994668e+02 1.374250842000923623e-01
2.521031049374880126e+02 1.581979222091079293e+02 1.359449991762300414e-01
2.520747091821990011e+02 1.582745328144032726e+02 1.271792766489578674e-01
2.521154412300911076e+02 1.586884042900858560e+02 1.444960013396389964e-01
2.521265837314888074e+02 1.591727931743232318e+02 1.277329580903662221e-01
2.521519571963732460e+02 1.595304052137885549e+02 1.393089515434207670e-01
2.521529592247379412e+02 1.600113464182212510e+02 1.243879119187357718e-01
2.521407809339120547e+02 1.604531747553673426e+02 1.313845547185812923e-01
2.521341745690062623e+02 1.606800842135967855e+02 1.297424165899165038e-01
2.520851805136543362e+02 1.604568006935872972e+02 1.177261788688153121e-01
2.519011408538578110e+02 1.598265545619299530e+02 1.035910968024221501e-01
2.518536322852998808e+02 1.591873495944620913e+02 1.041609835543107487e-01
2.518664277283665740e+02 1.590551412697941203e+02 9.565589643726249425e-02
2.518489570532263429e+02 1.590345011060124421e+02 9.909952491431442412e-02
2.519082090701122638e+02 1.593592217669730360e+02 9.788682751337612897e-02
2.520571709849317585e+02 1.602916874859891720e+02 1.132251538829274345e-01
2.521461489430086260e+02 1.615008426761449698e+02 1.280395085469508420e-01
2.521506054033906992e+02 1.623882711364514080e+02 1.374426399531126219e-01
2.521514966954671024e+02 1.630778124991559821e+02 1.143757309270247852e-01
2.521591523542264781e+02 1.636701219989790559e+02 1.131117167095657267e-01
2.519316419490667158e+02 1.648462980318650466e+02 7.848096821328348627e-02
2.519558675377921304e+02 1.649388114485116716e+02 8.445262512525354703e-02
2.517692593362845059e+02 1.640384862619480373e+02 7.635807254037148273e-02
2.517526759018930420e+02 1.638173067314158970e+02 7.923856647823492028e-02
2.520290817800993466e+02 1.651761004081037356e+02 9.187735821028551741e-02
2.522676171981558468e+02 1.674406075370899032e+02 1.110104281172940438e-01
2.522619291341772794e+02 1.683581994819702459e+02 1.197639966617060348e-01
2.521777128364965108e+02 1.685709333448571101e+02 1.175182107176521717e-01
2.521933266531442257e+02 1.700306577465435396e+02 1.220259879162401556e-01
2.521214506993941882e+02 1.701429956596776663e+02 1.158706708188273343e-01
2.520395112478359181e+02 1.698438793892758554e+02 1.025607091443866137e-01
2.520650278596295948e+02 1.699610154247546916e+02 9.760458502251187496e-02
2.519962106582327124e+02 1.660838287206717609e+02 8.833244654273204877e-02
2.520618111054992596e+02 1.665682000491561041e+02 9.799081158895769916e-02
2.519715785863027406e+02 1.663268138468976360e+02 9.704415136840342793e-02
2.518843413486599445e+02 1.653212648785006706e+02 8.408935608198807310e-02
2.518470569805725461e+02 1.652030079757136320e+02 8.740604296027808251e-02
2.520173545370818147e+02 1.662525678664898408e+02 8.620684998473999994e-02
2.521913320495126243e+02 1.675062768569260072e+02 1.150698583925952589e-01
2.521843029960918159e+02 1.689429748628625703e+02 9.274974409113866114e-02
2.521774373462183689e+02 1.693046314777352563e+02 9.497662383963224875e-02
2.521245877774146606e+02 1.693659564239201245e+02 8.700226064081199862e-02
2.520034355258218000e+02 1.688296767850824835e+02 7.680776990619826716e-02
2.519080605214328727e+02 1.683137307595699212e+02 7.181653427828299519e-02
2.518564992748123643e+02 1.680142417670270447e+02 7.236886527715132023e-02
2.518701144365008417e+02 1.680112221775075625e+02 7.361397329905010334e-02
2.519537014279579523e+02 1.683759672544692876e+02 7.745193099778797940e-02
2.520152748555701692e+02 1.685477732552957661e+02 7.894687088959051469e-02
2.519152016615844900e+02 1.680358704547480215e+02 7.054036607796375369e-02
2.517650419042320209e+02 1.675443593365545780e+02 6.383136753914257777e-02
2.518980942554875355e+02 1.678649611477681276e+02 7.062544395798503460e-02
2.520729022900804637e+02 1.690941839140686511e+02 8.263492946638613390e-02
2.522159060524133736e+02 1.700734289626710734e+02 1.015141161758708332e-01
2.522054144643199436e+02 1.704347911810700396e+02 8.746411198949895216e-02
2.521413143587153627e+02 1.701871645838341180e+02 7.512511850133288260e-02
2.519628128637754685e+02 1.643351028632082773e+02 8.793001466580598058e-02
2.518982117439884973e+02 1.640361081326350643e+02 8.407585165658786053e-02
2.519328235862892313e+02 1.642234779837352789e+02 8.582332430337422102e-02
2.520511128996972445e+02 1.647622978049907090e+02 9.319944145696544557e-02
2.521533468017469204e+02 1.656375911886325127e+02 1.053615269723888470e-01
2.521743637389972719e+02 1.661360395301540223e+02 9.857555320878652605e-02
2.521584460727780481e+02 1.664735016164797230e+02 9.284427506894009363e-02
2.521990808888072593e+02 1.672828582926624961e+02 9.221766973037064108e-02
2.522732593470880431e+02 1.686564271611807158e+02 1.091846298031865087e-01
2.522053563952907496e+02 1.702777009526021743e+02 1.190685187535955591e-01
2.521706905352884007e+02 1.710361756547620757e+02 8.761266066890119331e-02
2.519390572290539581e+02 1.689657649311679393e+02 7.477805476854765265e-02
2.519294353259563195e+02 1.642137156346134645e+02 9.863497268054741141e-02
2.519005601635655864e+02 1.543345181215884452e+02 1.284865050276975673e-01
2.517390026711753421e+02 1.533719902011889360e+02 1.095965147778927146e-01
2.518415930900556248e+02 1.537075319582227166e+02 1.217167365745754903e-01
2.518867694443469247e+02 1.541483272068256838e+02 1.275411952496833257e-01
2.519430774964955901e+02 1.598228394945023467e+02 9.710086995508428187e-02
2.520527118236646231e+02 1.607218169394110419e+02 1.148821468795324235e-01
2.521601867932121479e+02 1.627449392165812867e+02 1.031224932410350903e-01
2.521955184213866801e+02 1.648109231895292055e+02 1.207309135203606248e-01
2.521565257434861280e+02 1.654914989642105638e+02 1.196762178966047224e-01
2.520512736023594869e+02 1.650534559175041522e+02 9.526021677303651847e-02
2.519366466891200105e+02 1.639679121348065678e+02 7.776118233945264469e-02
2.517728866249470059e+02 1.618921590605241363e+02 8.291041974455029551e-02
2.519434556204068087e+02 1.595675005199203724e+02 8.753433500158001868e-02
2.518992866962503570e+02 1.593495971629903067e+02 7.899413637849123093e-02
2.520591804434313019e+02 1.602756158693203759e+02 9.723321332400627903e-02
2.521818519428816785e+02 1.609921741854805930e+02 1.067160208400292770e-01
2.521418666897142202e+02 1.609720053261453643e+02 1.084445872912553482e-01
2.519878878808585512e+02 1.605716774386966677e+02 9.801376911213804943e-02
2.519793935972818417e+02 1.604558702386772211e+02 9.627710000567185622e-02
2.521813387747164654e+02 1.620072707826354588e+02 1.242285596990133634e-01
2.520323039359998347e+02 1.662056926554832046e+02 1.012305232424665496e-01
2.521565108886181861e+02 1.684415852574888675e+02 1.128065166955211224e-01
2.521179881647215666e+02 1.689922862722114019e+02 1.133115822054887450e-01
2.520591574859081447e+02 1.686344716663650729e+02 8.455120743067502664e-02
2.520588846965150367e+02 1.687274617892283288e+02 9.548979200483997953e-02
2.521377694470477877e+02 1.692069701741260701e+02 8.974500943959334842e-02
2.519338445208494761e+02 1.673012864315636250e+02 6.973955365173167831e-02
2.520920664201658781e+02 1.687313794230369410e+02 9.328992110714681707e-02
2.519179038971070952e+02 1.639088532312038637e+02 9.599755839988764750e-02
2.519003643493973073e+02 1.532350985417921549e+02 1.283339050206752652e-01
2.520163052432282029e+02 1.552879697176764751e+02 1.298099387169175389e-01
2.519401308308732723e+02 1.549511193818214281e+02 1.253791367431107140e-01
2.520202012699561749e+02 1.555500501014182362e+02 1.347214982349715928e-01
2.520487482748096681e+02 1.582104367601262993e+02 1.064837447231457707e-01
2.517878616822732738e+02 1.559275771170212579e+02 9.644455488063438664e-02
2.519787683423857914e+02 1.609412273902157722e+02 1.072643005112775411e-01
2.520436111913874129e+02 1.723554972464476691e+02 8.979227492849406467e-02
2.521188429948494161e+02 1.833118293364735507e+02 7.228243695459002360e-02
2.522635928793865787e+02 1.862667988299765796e+02 7.153024045979868017e-02
2.521198112621506198e+02 1.856486080988740071e+02 5.720069466764258342e-02
2.520021404514259302e+02 1.840837828056253898e+02 4.422564274312692362e-02
2.520096799721268610e+02 1.778026868404776337e+02 4.895624296081826227e-02
2.518701522488919693e+02 1.763095524903510807e+02 5.020000054017701580e-02
2.519891856561395116e+02 1.710181404946401074e+02 6.005147886962557829e-02
2.518365329818581415e+02 1.681660922784396348e+02 6.624730924323900261e-02
2.517989663712798745e+02 1.673619672166568932e+02 6.602313578159563212e-02
2.519149707359101455e+02 1.646488903413648757e+02 7.267946706135600121e-02
2.520565430291506459e+02 1.673714311179773517e+02 7.994484792666556316e-02
2.520514842713957364e+02 1.714599188654121917e+02 8.167071349281158910e-02
2.521474507696171941e+02 1.729126358207584531e+02 9.126155641203621827e-02
2.519697271295803773e+02 1.716245013490920996e+02 6.242150552736131647e-02
2.519359579634246131e+02 1.684508020278245226e+02 6.887391998357861311e-02
2.518653973407085402e+02 1.664700822959683819e+02 6.394210382742424037e-02
2.518982184962011956e+02 1.607948016064864589e+02 7.639453448895203169e-02
2.517958373959146456e+02 1.603107408797862945e+02 7.225272721870956705e-02
2.520080796977169371e+02 1.611820058933312509e+02 8.698470488779172505e-02
2.521229780499069477e+02 1.627309580849644419e+02 8.909139525022349848e-02
2.521316411388011716e+02 1.656163946425243694e+02 7.726556992726515971e-02
2.522362666745892739e+02 1.676446377978063538e+02 1.075830049507223579e-01
2.521645325173059291e+02 1.699411814751694010e+02 1.036370118487828507e-01
2.521828458685911301e+02 1.708305275638826970e+02 7.718994514502403037e-02
2.520209251071576091e+02 1.700705052545719127e+02 6.252278871786284831e-02
2.518686478559023669e+02 1.675435787807664667e+02 6.385432506232292804e-02
2.517286447768933897e+02 1.661050468738605730e+02 6.474156581111630004e-02
2.518765033801576863e+02 1.619542753660374501e+02 7.812580182525813433e-02
2.517962398277915668e+02 1.612707326690956506e+02 8.193945155827564442e-02
2.517727691364460156e+02 1.599728169421119333e+02 7.223112013806924636e-02
2.516993401737749423e+02 1.596669876218436741e+02 7.860385848442534573e-02
2.518797741519896078e+02 1.603770314031908129e+02 7.711837169040294815e-02
2.520251695480608873e+02 1.635846984056675240e+02 8.368557376252197533e-02
2.521892429149032182e+02 1.664038592946908750e+02 1.023108772744828476e-01
2.521761638789031110e+02 1.670729522564544425e+02 1.015654329923916105e-01
2.519734719067438391e+02 1.667994781890025422e+02 6.353427018033809548e-02
2.518772447731121531e+02 1.661346809849587771e+02 5.761798141250887989e-02
2.517317710513735278e+02 1.655510885917315136e+02 5.563012999359890493e-02
2.517652606759235141e+02 1.656697695334761136e+02 6.639855880772128904e-02
2.519948629165777731e+02 1.664782619264333050e+02 7.107919265143188003e-02
2.521590605241337641e+02 1.673468017469324707e+02 9.039592274388316695e-02
2.521018814365467620e+02 1.705257812985315411e+02 7.458764237040478584e-02
2.521209199754759709e+02 1.749567750351790210e+02 7.620682297588919629e-02
2.522119127938225347e+02 1.770793074390477670e+02 7.642964599499256495e-02
2.521503906830268420e+02 1.772488176875562260e+02 6.183406302245245817e-02
2.519822808434323917e+02 1.737462991122190772e+02 5.436341489105980113e-02
2.519839324346588398e+02 1.652861182609541117e+02 8.337902330593735534e-02
2.519539958244316722e+02 1.596439544738810810e+02 8.993407139519619953e-02
2.518249758946006693e+02 1.587013644871424276e+02 8.787734740674518763e-02
2.518679334717987217e+02 1.586126309591653296e+02 8.067678778335660161e-02
2.518317618683642536e+02 1.580927605476314568e+02 7.390296800261446364e-02
2.520294315447171982e+02 1.596169456230806816e+02 8.177469756839315929e-02
2.520720528617227956e+02 1.601432954579215675e+02 8.362210296314101510e-02
2.520843432392795194e+02 1.602578062331025990e+02 8.296848877377116516e-02
2.520225442877631110e+02 1.599977258547625922e+02 7.878481778478807485e-02
2.521426877587785498e+02 1.607820021120921297e+02 8.876593859807858922e-02
2.522545557179087723e+02 1.619718135633046927e+02 9.185034935948510615e-02
2.522690486672482564e+02 1.632257899413637858e+02 8.962887138115160912e-02
2.523026179679080769e+02 1.642994822403301498e+02 8.931691915440689855e-02
2.523116186674373296e+02 1.659881701233494198e+02 8.284154717500924470e-02
2.522712647434564417e+02 1.673853109664036936e+02 7.923721603569489069e-02
2.522060046077099571e+02 1.697143476417221848e+02 6.719126857871324243e-02
2.522153631745122766e+02 1.709045790805647016e+02 8.658902522356576315e-02
2.520437313807734654e+02 1.699030220203160582e+02 7.119938203749368033e-02
2.519137283287733453e+02 1.676283771191819483e+02 6.634319066358045081e-02
2.517511012858913944e+02 1.662945639285994162e+02 5.955721689997812290e-02
2.517857441883705292e+02 1.655777287717184834e+02 5.746943273310663874e-02
2.519495650224578469e+02 1.665541581476249746e+02 6.535196583920550861e-02
2.520488684641957207e+02 1.671034695569738062e+02 6.641476411820153303e-02
2.519457324665292788e+02 1.665409724266642115e+02 6.249577986706243704e-02
2.518831218990463299e+02 1.626732806840801686e+02 6.759775178325937162e-02
2.517598413500103902e+02 1.613417429891775612e+02 6.386377816010306574e-02
2.519914908615553202e+02 1.628461386796453212e+02 7.071052183800631552e-02
2.521538262088486420e+02 1.663183384695164477e+02 8.104410815424215042e-02
2.521489781201299536e+02 1.670047913701319828e+02 8.626897034158093058e-02
2.520280486915562221e+02 1.662451620396003875e+02 6.569767912945072286e-02
2.519013528733366059e+02 1.631436573765222988e+02 7.050390412938320472e-02
2.517887759318728627e+02 1.620938598078590474e+02 7.120883513527383191e-02
2.520249386223865429e+02 1.651402596630915980e+02 7.298601751794063508e-02
2.520912669581821888e+02 1.687941115303484878e+02 9.302793525438286804e-02
2.520350061715224115e+02 1.691816480260581272e+02 8.434729060713196114e-02
2.519085574842875985e+02 1.673192351633630324e+02 6.106566121718087076e-02
2.518737862897671675e+02 1.650090884782943306e+02 6.179084886117180292e-02
2.518344465481338261e+02 1.642329121753198535e+02 5.969091071144013577e-02
2.519301713171406334e+02 1.648921982233577808e+02 6.505621892294104203e-02
2.521218720374666873e+02 1.668163722251781849e+02 6.787189161888350364e-02
2.521751807567339938e+02 1.674182887732309837e+02 6.655521014236365218e-02
2.519480295692898437e+02 1.656008713055268231e+02 6.221893914635825973e-02
2.519079133231959986e+02 1.606956386107727610e+02 9.124400065901595858e-02
2.517767853525600401e+02 1.591419787764450291e+02 7.973147800534234608e-02
2.518797498440238769e+02 1.594077364152232690e+02 8.185302323571434779e-02
2.517748636728255747e+02 1.579864226507026217e+02 7.528852204867535203e-02
2.519113961145067151e+02 1.537957347622815973e+02 1.006862948988383466e-01
2.519420282026420068e+02 1.541804623375080041e+02 1.056478207908731759e-01
2.520512087811175661e+02 1.558699307763153854e+02 9.867548595674802137e-02
2.518830084618729472e+02 1.572473173458942597e+02 7.982870986822382386e-02
2.519462172754011533e+02 1.614659931559571930e+02 7.391377154293461704e-02
2.519265696868863813e+02 1.610336624811950799e+02 7.269702281437627478e-02
2.520169804644982037e+02 1.615801420125375216e+02 8.831354034717177337e-02
2.521107376387242027e+02 1.651167970744012905e+02 1.012426772253267326e-01
2.521609484428047097e+02 1.656935076124445914e+02 1.066930633168489267e-01
2.520582526894063164e+02 1.654087776064216371e+02 9.844185939732449930e-02
2.519489708277402542e+02 1.649947238209961426e+02 8.299684806711159213e-02
2.518522278250582644e+02 1.641052075765228153e+02 8.041750281567269787e-02
2.517645435909347498e+02 1.626950066036640123e+02 7.600830792250620749e-02
2.519235217380735605e+02 1.633086706513724664e+02 8.587464111989498439e-02
2.520665417057169577e+02 1.643698862117115880e+02 9.926427890419690925e-02
2.519214055946133612e+02 1.624071206134250076e+02 7.622707961398950127e-02
2.517744679931613518e+02 1.602925166577087452e+02 7.923451515061485928e-02
2.519774948750705619e+02 1.615519245156637851e+02 9.796650362323733319e-02
2.520514059457284191e+02 1.690693087624814552e+02 8.358564101456046613e-02
2.521297653741131057e+02 1.721624892977428658e+02 9.418121318356025007e-02
2.520458461737911477e+02 1.719601079273678010e+02 8.244721795332329850e-02
2.518709233515823200e+02 1.695252438224005971e+02 5.987457089688291018e-02
2.519724874341321765e+02 1.705055341135289950e+02 6.081717978981712042e-02
2.521420449481294952e+02 1.721857263625290102e+02 6.305351263609085266e-02
2.521254115473640809e+02 1.760060027170903822e+02 5.518718484047221984e-02
2.520820852993525989e+02 1.759913315093356232e+02 5.215139001050644180e-02
2.519589546494386241e+02 1.750816612603950375e+02 4.820539690856693454e-02
2.520159001104661911e+02 1.757250458475242283e+02 5.024456514399768675e-02
2.521049780012910162e+02 1.790524120254207219e+02 4.687656144918690010e-02
2.521620895667510354e+02 1.855960421230037127e+02 3.253756255925066565e-02
2.521611118463520427e+02 1.865016596938816917e+02 4.458891178639239755e-02
2.520277705003929896e+02 1.840984877744436972e+02 3.696161232035738431e-02
2.519947562316170888e+02 1.762318439752706922e+02 4.923038279644239429e-02
2.518389219147114488e+02 1.755845485065455875e+02 4.622969947251714257e-02
2.518931259773827946e+02 1.754212502937212435e+02 4.667534551072386600e-02
2.520390223876364360e+02 1.768786006174223360e+02 4.551396492630634810e-02
2.519295136516236369e+02 1.763073040035219492e+02 4.353151527755645678e-02
2.520009669168586584e+02 1.767957995835235181e+02 4.165034881930809035e-02
2.519294123684331339e+02 1.760687604828102053e+02 4.128302844842254848e-02
2.518644601335857658e+02 1.742349567453254338e+02 4.247952053888059271e-02
2.518011608404073911e+02 1.733668004505076397e+02 3.953555580163619493e-02
2.519200308441076004e+02 1.702493497619169887e+02 5.159365724147803312e-02
2.519574367520236251e+02 1.701459760863635040e+02 5.273883251541530010e-02
2.520830765241769598e+02 1.715396435912048503e+02 5.840528941334074964e-02
2.520506159368424903e+02 1.750707847961777190e+02 5.731008051338423726e-02
2.521755345726794530e+02 1.774625049628763236e+02 5.449575825998179829e-02
2.521164959257148439e+02 1.770156921423150322e+02 4.847278453149096722e-02
2.521275452465773128e+02 1.770539555812439687e+02 5.055651737074239038e-02
2.519700201756115518e+02 1.758929693260481599e+02 4.322361437843181414e-02
2.519929493394985514e+02 1.719637784301915815e+02 4.909128721482029778e-02
2.521039435623053748e+02 1.774429802646327232e+02 6.392859940202404168e-02
2.521329632220478629e+02 1.791667053793528055e+02 6.391374453408381340e-02
2.520158568963049106e+02 1.782800844836853003e+02 4.759904820809779391e-02
2.519262442302342606e+02 1.757393997012821103e+02 4.558553838092743032e-02
2.519798189866819484e+02 1.702406880234652817e+02 5.484012110768698989e-02
2.518624358202182805e+02 1.672537359992869597e+02 6.405284011570591685e-02
2.518135997666435344e+02 1.664785347158263846e+02 5.013247841317599457e-02
2.517988718403020698e+02 1.642005285632101561e+02 6.064432314469451329e-02
2.517781641543934086e+02 1.632846962449594628e+02 6.234723118766019589e-02
2.517718764939270670e+02 1.629328600482378135e+02 6.048902225259217280e-02
2.517469378715404957e+02 1.613761185040337693e+02 6.126012494294380550e-02
2.518443344884118460e+02 1.586170144956502384e+02 6.908999078998187549e-02
2.516959978284884016e+02 1.569733787262085798e+02 6.591780126347404622e-02
2.518890989577284358e+02 1.565333073148070753e+02 7.488609017174928384e-02
2.519477486772415205e+02 1.632405691845217746e+02 6.006633373756579963e-02
2.521176208443506823e+02 1.658076780761055318e+02 6.281313386396722431e-02
2.522435307050120343e+02 1.677222463801387846e+02 9.826765230966187648e-02
2.521343636309618716e+02 1.674242064124413503e+02 9.045129088802400519e-02
2.520088859119133247e+02 1.669923591961085663e+02 8.064572760493614323e-02
2.519627169823551185e+02 1.667296549079133285e+02 7.471728485424673771e-02
2.519108181250995813e+02 1.660758530070304175e+02 6.099138687747975018e-02
2.518656917371822885e+02 1.658033147962587464e+02 6.212575861109685682e-02
2.518665992345691791e+02 1.655797044691545352e+02 6.049982579291234008e-02
2.518039562564652556e+02 1.631417073374944948e+02 6.427971446242933262e-02
2.518339846967851372e+02 1.597053982590094847e+02 8.511974374002360955e-02
2.516717249742740705e+02 1.579858203533297853e+02 7.802721951983665472e-02
2.519863092135292675e+02 1.601853590421581259e+02 1.015667834349316262e-01
2.518522116197477771e+02 1.591305405281310641e+02 9.036486256546270857e-02
2.520153032148635077e+02 1.600639164454191530e+02 1.037531499072246038e-01
2.520412465664998365e+02 1.603149488587410190e+02 8.898065896194182200e-02
2.521487444935705469e+02 1.612920845160959118e+02 9.353705209197053783e-02
2.520877976712968973e+02 1.650120337934741315e+02 7.817846908431892727e-02
2.521248241048591581e+02 1.750978800753006794e+02 7.199344225102566330e-02
2.521664839067762500e+02 1.757821141988229670e+02 8.768828545114233652e-02
2.519439107195427994e+02 1.738269461902665398e+02 5.706294952856050956e-02
2.518469759540201380e+02 1.728175498110730928e+02 5.160986255195827710e-02
2.519683847896955911e+02 1.682010673897836455e+02 6.651874819378310322e-02
2.519860269710383989e+02 1.728937903951124895e+02 6.643907208392189900e-02
2.521113007732633946e+02 1.753780577395212390e+02 6.657816766554400245e-02
2.519784874503374681e+02 1.744006209334798996e+02 4.633908531825879640e-02
2.519220794654408166e+02 1.725709927643288779e+02 4.824185885714749045e-02
2.520766767769798093e+02 1.737763707667002393e+02 5.292114225831805185e-02
2.520083902995011442e+02 1.733529354569492398e+02 4.997582707853363837e-02
2.521729376716750153e+02 1.759196729768345051e+02 5.450521135776193599e-02
2.522340749063468195e+02 1.766382623585749059e+02 5.183808734122171552e-02
2.520602486434804632e+02 1.756938371204243765e+02 4.205007981115411325e-02
2.520413924142941653e+02 1.709789628061115536e+02 5.820542391741773819e-02
2.518873919983578560e+02 1.702838009015554519e+02 5.248224843281143470e-02
2.519057796239827667e+02 1.698040386334601806e+02 4.839580930670980830e-02
2.520224700134234013e+02 1.703870044213488768e+02 5.464835826700410043e-02
2.519254974355096124e+02 1.675072383720145126e+02 5.832966463109961336e-02
2.519420376557397958e+02 1.626751051319517387e+02 6.936953239576609809e-02
2.519267047311404042e+02 1.624866495250493585e+02 7.019600323025855515e-02
2.520939799972450999e+02 1.642012307933309785e+02 7.581654508182331109e-02
2.521684258431488104e+02 1.667192470472573973e+02 6.521962247028351145e-02
2.520864850411479949e+02 1.663525627348082025e+02 5.985701514386264355e-02
2.519385872750500255e+02 1.646454723712960799e+02 5.863756553022425599e-02
2.518581832766597586e+02 1.641659653368408840e+02 5.586105566794238170e-02
2.520727631944988332e+02 1.663246639423739168e+02 6.276046660490643136e-02
2.520996640098960313e+02 1.702552525462594133e+02 5.456733171460287357e-02
2.521796655764093771e+02 1.710835437772958301e+02 7.249445643337321110e-02
2.520564295919772917e+02 1.700028885965930954e+02 5.711696723016132515e-02
2.519594043468044617e+02 1.691304000821069167e+02 4.985158636485176320e-02
2.520605849036729467e+02 1.698830692317872604e+02 5.415139541227659975e-02
2.522060302661182050e+02 1.714058741549605713e+02 5.608252824450572771e-02
2.522452957334118366e+02 1.730565497813633442e+02 5.638772825855032506e-02
2.522096251441597303e+02 1.731878654635123951e+02 5.265510507793404182e-02
2.520099108978012055e+02 1.720227752134374555e+02 5.095489792004839757e-02
2.520528873811948074e+02 1.722311984637365754e+02 5.343295998098576693e-02
2.520986484771059395e+02 1.726543852920601978e+02 5.268346437127446880e-02
2.521098247395671592e+02 1.728915770197893949e+02 5.508860253505073329e-02
2.521228470569805609e+02 1.729755623917957905e+02 5.587320965080256469e-02
2.519343374323765943e+02 1.713717025569279144e+02 5.228238293688841631e-02
2.519808993407139610e+02 1.691430550791494341e+02 4.871181286107457292e-02
2.520911940342850244e+02 1.713901671577775971e+02 5.007035805633506392e-02
2.521342785530818560e+02 1.724483968896607280e+02 5.378947681155114846e-02
2.522027405880907054e+02 1.729348857120478442e+02 7.012037844801741193e-02
2.522573700401621579e+02 1.747514145885606638e+02 5.986916912672282653e-02
2.521743637389972719e+02 1.746059125075287284e+02 5.855923986290307443e-02
2.522397953809463331e+02 1.750255436206444983e+02 5.624593179184819020e-02
2.522366637046960420e+02 1.766143068583574802e+02 5.312370863932110859e-02
2.519779121618154250e+02 1.727884653300886839e+02 5.228373337942843896e-02
2.520955681176721725e+02 1.735537260060121696e+02 7.316562637576333461e-02
2.521485365254193880e+02 1.746411442029553029e+02 6.131819397216467515e-02
2.519981431415074837e+02 1.702136953779753696e+02 5.559771937263841696e-02
2.520423417753997910e+02 1.703730651534507956e+02 6.072129836947567916e-02
2.519622416265810330e+02 1.697222315252708427e+02 4.910749252530054176e-02
2.519236999964888355e+02 1.668481103257537370e+02 6.076316208821631176e-02
2.519566021785338990e+02 1.668936364446629170e+02 5.916153723575215406e-02
2.521201178126071909e+02 1.688713933055862526e+02 6.120880812642302826e-02
2.521350239973639304e+02 1.691113048245910306e+02 5.955586645743810026e-02
2.520453667666894546e+02 1.683331649781633530e+02 5.698732474631936634e-02
2.518905155719529319e+02 1.672834673422480591e+02 5.291033871799788457e-02
2.518977850041458453e+02 1.672256508457821553e+02 5.728847343274390963e-02
2.520610805160851271e+02 1.700862568163587127e+02 5.805552479547547440e-02
2.521524798176362481e+02 1.709856339922592667e+02 7.060923864750479062e-02
2.521532671256370577e+02 1.716216600179878924e+02 6.035127711351009894e-02
2.521145634424401010e+02 1.717300992035089848e+02 5.698057253361926699e-02
2.521687540006860218e+02 1.721515007467947385e+02 5.920745228211284766e-02
2.520793222939157090e+02 1.756353129920674974e+02 5.191371212346285874e-02
2.521340746362583047e+02 1.768597943546100169e+02 6.954508992596873662e-02
2.520096867243395593e+02 1.759861093480333523e+02 4.914260403134106808e-02
2.519187614281200069e+02 1.736927621681625169e+02 4.803524114852437271e-02
2.519625562796928477e+02 1.697635658705357855e+02 5.683337429675704849e-02
2.519822808434323917e+02 1.660758800158812107e+02 6.436884367007068841e-02
2.521660409616231107e+02 1.674883335268967528e+02 8.232027635456139192e-02
2.521882624936191633e+02 1.685134652625665410e+02 6.992996604987454512e-02
2.521611240003349224e+02 1.687248770422067423e+02 6.383136753914257777e-02
2.520847294658459532e+02 1.684218823008299921e+02 5.734789290450480886e-02
2.521492171484595417e+02 1.689393840361486525e+02 5.736139732990500756e-02
2.521881801166242099e+02 1.707600155570980576e+02 6.418788436970795930e-02
2.522062112254185706e+02 1.728279914327925155e+02 5.968010717111997543e-02
2.520024564549802903e+02 1.717743424020051464e+02 4.514664455542081317e-02
2.518933609543847467e+02 1.697596077234509835e+02 5.084956340192681168e-02
2.518605911157086155e+02 1.694005844715313174e+02 4.897379871383852196e-02
2.518262034468695276e+02 1.684903618915918742e+02 4.786508538848180394e-02
2.520126428430596661e+02 1.697064543050757663e+02 5.771251239031030544e-02
2.520232937833728215e+02 1.696569632868691144e+02 5.508049987981061130e-02
2.519895300189872103e+02 1.695798111541151911e+02 4.946265891332589371e-02
2.519579256122231357e+02 1.693401575696355792e+02 5.413519010179635577e-02
2.519501430118649807e+02 1.692981669092961852e+02 5.420676355641743799e-02
2.520095422269877758e+02 1.696095560015016872e+02 5.244173515661082474e-02
2.520818759807588947e+02 1.699721592765949367e+02 6.074155500757598414e-02
2.521487107325070554e+02 1.706249253880496610e+02 5.980704876988188895e-02
2.522178844507345161e+02 1.713308503196497554e+02 6.215951967459736743e-02
2.521917007203260539e+02 1.715377502707637234e+02 5.966930363079981509e-02
2.522309607858495326e+02 1.724334029261388821e+02 6.088740280189817999e-02
2.522480533370785736e+02 1.739947224705535973e+02 5.814060267549676225e-02
2.521860059041347881e+02 1.739492436171333338e+02 5.523985209953301972e-02
2.519630640460879079e+02 1.717265232316630090e+02 5.193261831902314107e-02
2.519388992272767780e+02 1.689820364133326507e+02 5.275233694081550573e-02
2.518978174147668199e+02 1.682713619753193086e+02 4.685900569616663347e-02
2.519685738516511719e+02 1.684855111019881235e+02 4.924793854946266092e-02
2.520049142604031260e+02 1.681729957407042377e+02 4.486980383471663586e-02
2.520768752920332076e+02 1.683950800677382063e+02 5.159365724147803312e-02
2.521843219022873654e+02 1.689872504719796780e+02 5.461594764604360552e-02
2.521606837560668737e+02 1.690320824634232508e+02 6.213116038125694046e-02
2.520607739656285275e+02 1.685279406561530209e+02 5.283876526337680929e-02
2.518935041012939848e+02 1.674183968086341849e+02 4.788804291166215421e-02
2.518210798678726974e+02 1.667593943535296432e+02 4.281578073134566231e-02
2.517874795070344476e+02 1.659134285305294441e+02 4.097917887691796685e-02
2.519158404209059370e+02 1.631840558651069841e+02 5.304403252945990438e-02
2.518368408827572864e+02 1.625275773871097442e+02 5.920880272465287031e-02
2.520008818389786427e+02 1.632349067789514550e+02 6.424460295638881324e-02
2.518874514178296238e+02 1.622386826162933460e+02 5.970846646446040240e-02
2.520655869428411791e+02 1.637689379309599644e+02 6.550456584622781075e-02
2.521044931924191417e+02 1.705697179465711031e+02 6.070509305899543517e-02
2.521169780337016562e+02 1.744412111849052849e+02 6.280908253634716332e-02
2.520983027638156955e+02 1.749049045372168507e+02 6.396236046552455923e-02
2.519893949747332158e+02 1.734145602013779808e+02 5.210412452160573249e-02
2.519378391298828603e+02 1.701260111438518265e+02 5.072802357332498180e-02
2.519047141248186961e+02 1.609411355601230582e+02 7.409608128583737574e-02
2.519118728207233460e+02 1.537867421654076168e+02 8.913866073912421473e-02
2.516920572371566038e+02 1.523402385961879588e+02 8.031216829755111197e-02
2.517175589940823670e+02 1.516129321078517478e+02 7.356535736760937139e-02
2.517238155943702793e+02 1.511463136969985044e+02 7.425273262047972500e-02
2.519217418548058163e+02 1.583833501238355836e+02 6.718181548093310473e-02
2.520403012567218184e+02 1.673390150952467081e+02 7.028783332297994235e-02
2.520914182077466705e+02 1.740649616879451287e+02 6.096842935429940685e-02
2.521012872418291408e+02 1.788731799410666952e+02 5.641743799443077467e-02
2.521267808960996604e+02 1.791352468203830313e+02 5.222701479274758501e-02
2.522001490888564206e+02 1.808819726724447605e+02 4.744779864361551441e-02
2.519977447609581702e+02 1.774835340541095263e+02 4.563145342728812393e-02
2.519759135068561875e+02 1.742026393049002024e+02 4.435123389934881449e-02
2.520572371566162246e+02 1.772516995319366231e+02 4.218782495023619405e-02
2.519468951975562447e+02 1.749078471515115609e+02 4.108586383757957539e-02
2.519121753198523095e+02 1.729364036094628148e+02 4.481713657565584291e-02
2.518793406599342575e+02 1.722484814273637426e+02 3.996904785698273538e-02
2.519675866781544187e+02 1.672346042798224914e+02 5.259973693379320359e-02
2.519299160835005580e+02 1.669850127886908524e+02 4.838500576638964795e-02
2.519661106444581833e+02 1.670940029547682855e+02 5.383809274299188041e-02
2.520014449735178346e+02 1.672765503755580596e+02 5.265915640555410282e-02
2.520996518559131800e+02 1.678038779307979098e+02 5.870238677214523193e-02
2.521177964018808950e+02 1.682380533100697164e+02 6.009199214582618825e-02
2.520987470594113802e+02 1.681318612609352101e+02 5.235530683404952118e-02
2.521038112189364426e+02 1.682509405832291236e+02 5.347077237210633854e-02
2.520638354188667734e+02 1.680788806992051434e+02 5.201769619904442893e-02
2.519451801355304212e+02 1.674272935240878439e+02 4.780431547418088900e-02
2.519513435552830742e+02 1.673516255276854281e+02 4.959095095462782987e-02
2.520456814198012694e+02 1.678607086042096057e+02 5.602175833020480583e-02
2.520588819956299744e+02 1.680140486537438278e+02 6.143838335822648933e-02
2.520513235687334657e+02 1.679489289640215191e+02 5.292384314339809021e-02
2.520720663661481922e+02 1.679210625822081795e+02 5.567334415487955324e-02
2.519622389256959423e+02 1.670928199671032246e+02 5.230128913244870559e-02
2.519478783197253620e+02 1.671082055589616857e+02 5.160986255195827710e-02
2.519741228200481373e+02 1.672741411860666858e+02 5.194207141680328571e-02
2.519367101599194143e+02 1.670987970257853590e+02 5.076718640698556911e-02
2.518725465835154296e+02 1.665763202601492594e+02 5.198123425046387996e-02
2.518422926192913280e+02 1.654084656541948846e+02 4.900215800717895587e-02
2.518000413235417341e+02 1.649625981434115829e+02 4.887656685095705805e-02
2.518221831794278955e+02 1.649749236324743720e+02 5.065645011870389958e-02
2.518301994063454572e+02 1.646482623855837630e+02 5.739245750832547982e-02
2.518276281637492673e+02 1.644617865274450423e+02 5.428508922373861956e-02
2.519792572025852735e+02 1.624492247109377843e+02 6.046066295925174583e-02
2.518442480600892850e+02 1.602179600755167428e+02 6.073075146725581686e-02
2.517828555917774338e+02 1.596698478591434309e+02 5.760852831472873525e-02
2.520499272111470930e+02 1.609387533794824492e+02 8.051743556363420706e-02
2.521166552779345693e+02 1.613931340800380383e+02 9.357216359801107108e-02
2.521166539274920524e+02 1.653179806022433525e+02 8.507788002128297000e-02
2.520367509432841189e+02 1.651988729206561004e+02 8.043235768361292615e-02
2.518899645913965912e+02 1.634286925825593073e+02 6.039314083225073154e-02
2.517465462432039089e+02 1.615372317008283574e+02 6.939519080402647977e-02
2.517828542413348885e+02 1.616130320405997054e+02 7.412849190679786371e-02
2.518735958773690129e+02 1.617449486696790473e+02 7.145866700517759795e-02
2.519488587410094169e+02 1.621209753436201026e+02 7.492930433302993909e-02
2.520810468090393215e+02 1.651040948118698566e+02 6.760855532357953890e-02
2.520037488284910978e+02 1.646784582807786137e+02 6.532090566078503635e-02
2.520920151033493539e+02 1.651755615815302747e+02 6.296303298590948117e-02
2.521555534248573167e+02 1.656687891121920586e+02 6.842422261775184256e-02
2.522121437194968792e+02 1.660500771102690294e+02 6.803394472368595736e-02
2.521419787764450291e+02 1.658796039962295765e+02 6.452414456217302197e-02
2.520109736960802138e+02 1.649670897152996929e+02 5.581649106412171074e-02
2.519220051911011353e+02 1.644601416884312926e+02 5.292519358593811285e-02
2.520294585535679914e+02 1.649589357432430745e+02 5.779488938525154801e-02
2.521841760544930651e+02 1.664296932604814572e+02 6.030401162460938269e-02
2.522698697363125859e+02 1.676771956170036901e+02 6.888337308135876469e-02
2.522205448225383577e+02 1.680365416246904147e+02 6.260111438518402294e-02
2.520825174409654039e+02 1.673810233113391348e+02 5.425132816023810894e-02
2.519378634378485913e+02 1.654425805336408644e+02 5.113990854803118769e-02
2.518382520952116010e+02 1.643451528565911133e+02 5.440932993742049473e-02
2.518236376060434907e+02 1.641409618932123919e+02 4.986509079025196883e-02
2.518116362231903338e+02 1.635230507037155974e+02 5.434315825295949615e-02
2.517537549054825377e+02 1.631352022557792054e+02 5.235395639150949854e-02
2.518817484989831144e+02 1.636947068054201395e+02 5.833911772887975106e-02
2.520371641787013743e+02 1.644560525484201037e+02 6.949512355198798896e-02
2.521201407701303765e+02 1.651204675772250425e+02 7.357886179300957008e-02
2.522124354150855368e+02 1.661621408835675311e+02 6.974900674951181601e-02
2.522650648617552065e+02 1.669894368384519510e+02 6.588539064251355826e-02
2.522218493500320164e+02 1.672125353478334944e+02 6.555453222020855841e-02
2.521532671256370577e+02 1.669265048656444606e+02 6.095492492889920122e-02
2.520977990487482714e+02 1.667972243004032293e+02 6.003797444422537266e-02
2.521807526826541164e+02 1.672521532806300684e+02 6.677803316146700696e-02
2.522200140986201120e+02 1.677705111965190952e+02 6.771929161186120150e-02
2.521230563755742651e+02 1.675503661049725963e+02 5.667942384719472371e-02
2.519661687134874057e+02 1.665754748831191989e+02 4.722767650959219105e-02
2.519312867826786828e+02 1.633422237467217997e+02 5.237556347214982616e-02
2.518204303050109445e+02 1.603020170209777859e+02 7.539520700933695363e-02
2.517424179403590472e+02 1.591821004243090556e+02 7.113726168065274968e-02
2.517547704382726295e+02 1.582250039838054931e+02 6.876453413783696622e-02
2.517161761409213909e+02 1.566366553319522836e+02 6.555993399036864899e-02
2.519719324022482283e+02 1.585146644555420892e+02 6.733981725811548358e-02
2.517232551607161781e+02 1.569528898119913833e+02 6.733441548795540688e-02
2.517572322950230728e+02 1.564924037607123921e+02 6.364500646861977196e-02
2.518750097907084182e+02 1.569252530054098713e+02 7.264975732547555853e-02
2.519667088905034120e+02 1.618645776220867560e+02 8.134660728320670942e-02
2.521387336630213838e+02 1.635635639799162107e+02 1.004877798454553578e-01
2.519611288619280458e+02 1.607359925347536489e+02 7.343841576884745093e-02
2.517286245202552948e+02 1.594865874046925285e+02 6.961126161042974214e-02
2.517681870849077370e+02 1.576794468047179123e+02 5.884283279630735108e-02
2.517138439266547607e+02 1.557410607456063474e+02 6.031481516492954997e-02
2.519593192689244177e+02 1.576358612717387473e+02 9.064170328616687200e-02
2.519351044837393090e+02 1.576637546624028801e+02 9.310896180678408796e-02
2.520644363657970644e+02 1.583535755667132037e+02 8.868626248821738500e-02
2.519452517089850403e+02 1.598773366032048671e+02 6.802044029828574478e-02
2.518994392962573841e+02 1.525592074522821235e+02 7.702654159768156095e-02
2.518711812861074577e+02 1.440267360614073198e+02 1.035802932621019967e-01
2.517435415085523402e+02 1.335708604209599457e+02 1.376073939429951210e-01
2.515912358980037880e+02 1.326207525206010018e+02 1.324095406064567382e-01
2.519186398882913807e+02 1.395650103038765906e+02 1.609241348389867377e-01
2.521036289091935316e+02 1.442301680760785416e+02 1.821828013039873129e-01
2.520846849012421274e+02 1.487701492779183639e+02 1.547620655288738101e-01
2.520695410385983450e+02 1.534349451315196120e+02 1.416992348392568379e-01
2.520661527782654332e+02 1.561927081504609021e+02 1.294480201161920807e-01
2.520601527620601132e+02 1.610448914109153691e+02 1.017180329994139126e-01
2.521197761506445545e+02 1.672179519728614991e+02 8.995027670567644351e-02
2.521913847167716938e+02 1.707655942352308784e+02 1.008551002163408927e-01
2.521161920761433635e+02 1.708357146136789027e+02 8.860388549327614938e-02
2.521241758924399505e+02 1.718327382383207009e+02 6.457276049361375392e-02
2.521044216189645226e+02 1.719900539906927577e+02 6.042825233829125786e-02
2.519502280897449964e+02 1.679375582378345371e+02 5.949644698567720796e-02
2.518506397046312202e+02 1.546937466407741795e+02 9.632706637965261776e-02
2.518849368938201110e+02 1.408345964472557625e+02 1.542029823173053926e-01
2.518029798865088082e+02 1.285169872167109020e+02 1.757101302096697182e-01
2.517855875370358945e+02 1.282830014395717342e+02 1.742354469559674601e-01
2.519608385167819620e+02 1.485307968421251701e+02 1.175573735513127660e-01
2.521196086957696139e+02 1.694099538418739712e+02 1.282056129793733290e-01
2.521859059713868305e+02 1.847568352649163046e+02 9.205021485540811066e-02
2.521533900159082009e+02 1.919754692112605312e+02 5.954911424473800091e-02
2.522213969517810881e+02 1.926754305886038878e+02 4.671180745930441497e-02
2.520209170045023654e+02 1.912847300060229827e+02 3.181372535779974919e-02
2.520715045820515456e+02 1.859055243903427197e+02 3.606356803124383809e-02
2.520538043316794869e+02 1.800792331647080857e+02 4.777595618084046203e-02
2.519565008953433960e+02 1.797563707126825534e+02 4.190018068921185640e-02
2.519622213699429381e+02 1.771931456938438600e+02 4.316149402159087656e-02
2.520374626265027018e+02 1.776898114512125630e+02 4.513449057256063018e-02
2.520347549892099721e+02 1.821685271263393133e+02 3.896026727958751962e-02
2.521347336522178182e+02 1.854594961768971757e+02 3.612568838808477567e-02
2.521690848591083238e+02 1.922090093423614974e+02 2.611890916653387268e-02
2.521788499091152289e+02 1.925717301059557087e+02 2.238898687099762433e-02
2.520557327636266507e+02 1.885745106671456313e+02 2.658211095776085928e-02
2.520043119630302897e+02 1.800819988710300379e+02 3.910611507390972241e-02
2.519935219271355322e+02 1.668564385048980512e+02 6.686041015640825647e-02
2.519038700982311809e+02 1.622883734999959415e+02 8.496579329046127782e-02
2.520767929150382543e+02 1.651040826578869769e+02 7.232159978825060398e-02
2.520677530526753571e+02 1.691668201669687051e+02 6.345864539809695226e-02
2.520762527380222480e+02 1.727003854163009180e+02 4.852140046293170611e-02
2.521374547939359729e+02 1.750719137661411651e+02 5.240257232295023049e-02
2.521611685649387198e+02 1.757044259403806734e+02 5.265375463539401918e-02
2.520835734870317140e+02 1.754631248160021926e+02 4.798662521708364076e-02
2.519568844210247676e+02 1.712662964653517008e+02 5.005145186077477465e-02
2.520556908999078871e+02 1.718312068364803054e+02 5.223781833306774536e-02
2.521624541862368289e+02 1.743169245561770708e+02 5.246064135217110708e-02
2.522101531671928853e+02 1.769978527963613715e+02 4.917501465230155605e-02
2.522555212843248853e+02 1.780131357545867843e+02 4.918176686500166234e-02
2.521533670583850437e+02 1.778451136937574404e+02 4.494947994457784007e-02
2.519653773541589601e+02 1.723705276719180972e+02 4.956394210382742554e-02
2.519454880364295377e+02 1.650031667877563564e+02 5.948834433043708597e-02
2.517571472171430571e+02 1.624743132324462636e+02 7.293335025887982825e-02
2.517379790357300067e+02 1.618892475064078553e+02 6.965447577171038351e-02
2.518685884364306276e+02 1.623104194744617814e+02 7.144786346485743067e-02
2.520540177016008272e+02 1.633747815659191644e+02 7.710756815008278087e-02
2.520833601171103737e+02 1.637860669441375876e+02 7.274969007343706773e-02
2.518047098034025737e+02 1.620406294142590582e+02 7.046474129572261047e-02
2.519165048386356318e+02 1.579817123071230469e+02 7.205151128024653295e-02
2.518178415066617220e+02 1.547086042095994856e+02 7.499817690257097602e-02
2.517275684741889847e+02 1.532817887421708178e+02 7.469837865868644844e-02
2.518378564155473782e+02 1.536984934463023649e+02 8.775715802068337346e-02
2.520106968553594982e+02 1.601531915008548310e+02 1.187565665268508486e-01
2.522020586146080063e+02 1.652643707342896278e+02 1.197032267474051198e-01
2.520175395477097879e+02 1.645644485197799440e+02 9.949385413600037031e-02
2.519240024956178274e+02 1.612182652755307970e+02 8.009744793368786531e-02
2.519382240060067772e+02 1.613613824750370611e+02 8.714405710751413348e-02
2.520890373775486353e+02 1.631849930722297586e+02 7.189756083068421511e-02
2.521539288424816903e+02 1.638680658151676255e+02 8.578821279733368776e-02
2.519557486988486232e+02 1.622469729830465326e+02 6.836615358853095903e-02
2.517616630969968980e+02 1.604098903710745958e+02 6.739113407463626082e-02
2.517080356732901407e+02 1.595024118903764645e+02 6.156937628460846385e-02
2.517533470718354351e+02 1.576433143641171171e+02 6.914941026174277472e-02
2.516472387501384276e+02 1.561855697111943471e+02 7.155859975313910715e-02
2.517980939853990208e+02 1.563674473124843018e+02 8.053093998903440576e-02
2.519711153845115064e+02 1.602606948296956944e+02 7.736280179014663749e-02
2.520809333718659673e+02 1.690210588009690866e+02 7.174631126620192867e-02
2.521814967764936455e+02 1.725983878416957111e+02 7.954781781989958556e-02
2.521693157847826683e+02 1.745958760185712890e+02 8.203533297861709261e-02
2.522135630346064374e+02 1.755494559067006151e+02 6.441881004405143607e-02
2.521404284684090840e+02 1.753988505033099443e+02 5.526821139287344670e-02
2.520207509000699417e+02 1.706935737841290575e+02 5.606092116386540009e-02
2.518489705576517395e+02 1.701370955762203323e+02 5.183673689868169981e-02
2.520078001561111591e+02 1.706653333297321637e+02 5.811359382469635099e-02
2.520572830716625958e+02 1.710038122992904732e+02 5.760177610202863591e-02
2.520898098306815029e+02 1.714115622189391388e+02 5.616625568198698598e-02
2.520174976839910528e+02 1.654303144640498715e+02 6.502650918706059935e-02
2.518956540058177040e+02 1.569248343682224629e+02 8.460522513227584918e-02
2.518538294499107337e+02 1.565914627723504964e+02 8.345194720309845327e-02
2.520344821998168925e+02 1.581778249232273481e+02 7.709676460976261358e-02
2.519321375614788963e+02 1.574005196502893966e+02 7.324665292816455453e-02
2.520319433678416488e+02 1.606327376981436714e+02 7.520074328357402582e-02
2.517939373232608204e+02 1.592565152100343369e+02 6.896304919121996890e-02
2.519356433103127983e+02 1.600107819332395138e+02 7.268081750389603080e-02
2.521026835994155419e+02 1.619314758446342921e+02 7.712647434564307014e-02
2.520791777965639255e+02 1.618510677949163892e+02 7.265515909563563524e-02
2.520705430669630402e+02 1.617886476398315665e+02 7.311160867416252596e-02
2.520920934290166997e+02 1.620821906338707095e+02 7.874025318096740389e-02
2.521063554526818393e+02 1.622316603150852643e+02 7.878751866986812014e-02
2.518594148802562529e+02 1.597013145207684488e+02 7.289553786775926358e-02
2.518621670821528085e+02 1.489969817609230631e+02 1.107970581959708128e-01
2.517887192132861855e+02 1.377947637940953314e+02 1.317613281872469511e-01
2.518446788512595447e+02 1.385605335868564225e+02 1.406283339050206638e-01
2.519949912086190693e+02 1.472409257013523245e+02 1.274939297607826094e-01
2.520043740833871198e+02 1.648865857841614684e+02 8.523318091338531743e-02
2.520204443496133706e+02 1.734961012723869658e+02 8.181115951697370825e-02
2.521076208173418536e+02 1.760995465213950695e+02 7.824734165385996421e-02
2.520668469057310119e+02 1.762221194385400054e+02 5.985431425878260520e-02
2.519386899086830738e+02 1.732354874692436795e+02 5.305213518470002637e-02
2.518573973191014659e+02 1.710819732126217900e+02 4.562064988696795664e-02
2.519859229869628336e+02 1.720737571202082847e+02 4.920877571580206666e-02
2.520468887154320612e+02 1.752632363625560004e+02 5.210412452160573249e-02
2.521582205488738566e+02 1.777083989423333890e+02 5.243498294391071846e-02
2.522573119711329355e+02 1.794000172856645179e+02 5.944513016915643072e-02
2.522583045463998417e+02 1.809529762403139443e+02 4.963956688606856182e-02
2.520170939016715863e+02 1.786008699550842778e+02 4.827291903556795577e-02
2.520013855540460668e+02 1.691708417848528825e+02 5.752345043470745434e-02
2.518736282879899875e+02 1.660149264413948345e+02 6.594481011427444361e-02
2.519532004137755905e+02 1.639879108383817368e+02 6.163959929668952342e-02
2.519762470661635803e+02 1.640931994414569601e+02 6.523852866584380072e-02
2.517973431393467649e+02 1.626140394707345536e+02 5.589346628890287660e-02
2.519545549076432280e+02 1.583735378083397904e+02 8.854581646405526585e-02
2.517748731259233637e+02 1.570202741938533393e+02 7.704814867832188163e-02
2.518919092286542423e+02 1.523135200905336717e+02 9.953841873982104127e-02
2.518628220467847427e+02 1.478999038484911637e+02 1.285823864480390155e-01
2.518824804388398206e+02 1.408430799272921661e+02 1.378302169620984896e-01
2.519044723956040457e+02 1.296377748488179691e+02 1.812266879856528901e-01
2.520095584322982631e+02 1.327861533724601486e+02 1.836912456211900746e-01
2.519420173991016725e+02 1.396633697862789631e+02 1.503933839119079297e-01
2.519880242755550910e+02 1.524006222839224449e+02 1.180718921590605264e-01
2.519836110293343268e+02 1.591869903767464507e+02 1.307106838911111235e-01
2.518689246966230826e+02 1.573077807097385801e+02 1.021812347906408958e-01
2.518630975370628846e+02 1.549666103081979998e+02 8.122911878222494053e-02
2.520311857695766946e+02 1.562914146965960640e+02 1.096478315944134918e-01
2.519643766762368102e+02 1.564077175090277194e+02 9.152759359242024217e-02
2.518832420884323824e+02 1.504560201377991575e+02 9.471733887194833112e-02
2.518031446404986866e+02 1.407290485592128562e+02 1.271941315168980957e-01
2.516639815367495885e+02 1.171312711175452250e+02 2.050809050125726174e-01
2.516340138663439916e+02 9.601095073855702822e+01 2.783059508600968512e-01
2.515132680979556881e+02 7.412194361092129213e+01 2.991972969542118777e-01
2.514174825590345961e+02 4.237713403682386826e+01 3.181223987100572637e-01
2.514560471466499507e+02 4.529199808777336500e+01 3.391730970238947540e-01
2.515439163914014671e+02 6.127506353832151120e+01 3.313945479933774196e-01
2.515756801503852671e+02 8.737996861571537011e+01 3.360576260840677509e-01
2.518830516760342277e+02 1.377703086301380893e+02 2.285434937028864300e-01
2.522417305651061952e+02 1.762639345413491867e+02 2.119816663920766897e-01
2.522801344500592791e+02 1.966075465430021438e+02 1.323136591861152900e-01
2.521940315841501388e+02 2.129092732188338175e+02 3.721144419026115036e-02
2.522872391282623425e+02 2.198167976145782916e+02 2.876982787259384916e-02
2.523270690805376830e+02 2.225425078798322147e+02 1.323028556457951296e-02
2.521767108081318156e+02 2.219181915413681168e+02 1.004054028505141187e-02
2.521498626599936870e+02 2.179462415833668558e+02 4.521281623988180828e-03
2.520783945398907235e+02 2.108138631029388250e+02 7.004745455085631227e-03
2.520850319649749167e+02 2.036173115930090205e+02 1.264419350221067384e-02
2.520760299150031472e+02 1.967979697446853322e+02 1.826743623885547160e-02
2.520515828537011487e+02 1.927331295965688014e+02 2.285894087492471374e-02
2.520221594116391941e+02 1.901539193893839013e+02 2.570297286420760233e-02
2.520467766287012239e+02 1.855388184708128847e+02 3.139103684277337603e-02
2.519811100097501821e+02 1.756886824812491170e+02 4.799742875740380110e-02
2.518913947100464839e+02 1.553438024140510834e+02 8.862549257391647006e-02
2.516473373324438398e+02 1.177316076478261948e+02 1.966527931203055357e-01
2.515815572763194439e+02 7.380292181747958580e+01 2.935416435966066162e-01
