2.521261541704729154e+02 1.357351556461246673e+02 5.563544374956082006e-01
2.527995277914412213e+02 1.745015037593985028e+02 8.412564120581828009e-01
2.528163670859391345e+02 1.745192073642049024e+02 8.296395193591454831e-01
2.527886922914763659e+02 1.745754451549434236e+02 7.575686880753285113e-01
2.526398945963038329e+02 1.748581800295130222e+02 4.837017778090085263e-01
2.525894722788279125e+02 1.750917799170824196e+02 3.277422528283325254e-01
2.523461288735858261e+02 1.750285292670929778e+02 1.560059026069847421e-01
2.522454135338345793e+02 1.749720455343967274e+02 9.114187337502635544e-02
2.521229751949968261e+02 1.746992818494835262e+02 6.502564823273136729e-02
2.520590991497435311e+02 1.744180619773733270e+02 5.619844002529688493e-02
2.520054275876607335e+02 1.742363066544866967e+02 5.034502143208488545e-02
2.520112950600801014e+02 1.742025577963600540e+02 5.011172791792565390e-02
2.520302761576839430e+02 1.742922999086501363e+02 4.773663129787084763e-02
2.519882439744220335e+02 1.741573030707610030e+02 4.675848499754058085e-02
2.519778722507202531e+02 1.739730082214882998e+02 4.296254655329913297e-02
2.520061443327946051e+02 1.739259841191764338e+02 4.439182067317827551e-02
2.520364851380788309e+02 1.740422837467500585e+02 4.665308130138429848e-02
2.520246897617876414e+02 1.739983416485138150e+02 4.430890309886866690e-02
2.520417932682172761e+02 1.741088440727988313e+02 4.475722015318670671e-02
2.520775054458576392e+02 1.743851113765722687e+02 4.959173635022134929e-02
2.520641585271590088e+02 1.742764148689480805e+02 4.793197948141381809e-02
2.520395488721804611e+02 1.742786676972805822e+02 4.765511910617665353e-02
2.520037636146441002e+02 1.742293120652097400e+02 4.329983838099922544e-02
2.520158049328929906e+02 1.741645646827348628e+02 4.574660951444030343e-02
2.520588770992902710e+02 1.744047768955097979e+02 4.152343475511208193e-02
2.520103393999016248e+02 1.741486164008151150e+02 4.268147003021572489e-02
2.520091068793479110e+02 1.740438830721664090e+02 4.450425128241163736e-02
2.520358611481975970e+02 1.741694680626800675e+02 4.155013702480500615e-02
2.521379832759468798e+02 1.745246307357178068e+02 4.606844213337080857e-02
2.521458646616541444e+02 1.747205354507764810e+02 4.623287189937460434e-02
2.521738331810835518e+02 1.749998847586255408e+02 4.880191132035696655e-02
2.522053193731993588e+02 1.753312290070971926e+02 5.048274892839575700e-02
2.521835457803387044e+02 1.755788208839856566e+02 5.054177499824327041e-02
2.522289832056777357e+02 1.757817834305389511e+02 4.876256060712529095e-02
2.521990401236736830e+02 1.758375419858056432e+02 4.832267584849975206e-02
2.521746440868526520e+02 1.758268877801981489e+02 4.381561380085728652e-02
2.521229372496662222e+02 1.759955449371091163e+02 4.221066685405101826e-02
2.521416232169208058e+02 1.760772819900217883e+02 4.460824959595249828e-02
2.521826224439603550e+02 1.762656650973227386e+02 4.342632281638676012e-02
2.522202993464970859e+02 1.764384990513667333e+02 4.434263228163867754e-02
2.521928817370529146e+02 1.766712936546974788e+02 4.269271309113906177e-02
2.521904757220153215e+02 1.768349631087063472e+02 4.517461878996556490e-02
2.521734270255076922e+02 1.769198538402079919e+02 4.507764738950179040e-02
2.522286768322675812e+02 1.772808123111517205e+02 4.572693415782446563e-02
2.522276199845407803e+02 1.774098292460122366e+02 4.353453727777387150e-02
2.521746258168786312e+02 1.775855470451830627e+02 4.308622022345583863e-02
2.522151008362026516e+02 1.778959890380156139e+02 4.369475089593141681e-02
2.521905136673459253e+02 1.782576445787365742e+02 4.075187969924812248e-02
2.521994336308059985e+02 1.783862933033518345e+02 4.283465673529618378e-02
2.521537052912655383e+02 1.784891223385566832e+02 4.077998735155646121e-02
2.521232253531023844e+02 1.785741058253109372e+02 4.254795868175110379e-02
2.521494736842105340e+02 1.787084491602838909e+02 3.947719766706486028e-02
2.521189712599255017e+02 1.787918305108565846e+02 3.995783852153748927e-02
2.521528016302438289e+02 1.789694750895931463e+02 4.546974913920314582e-02
2.521278743587941733e+02 1.791178652238071720e+02 4.060571990724475000e-02
2.521492375799311390e+02 1.791948942449581921e+02 4.143630103295622286e-02
2.521127369826435256e+02 1.792058871477759681e+02 3.558850397020588835e-02
2.521030257887709922e+02 1.792028950881877449e+02 3.739582601363221348e-02
2.520760635232942093e+02 1.791339638816667730e+02 3.812662497364907588e-02
2.520536701567001501e+02 1.790598116787295453e+02 3.553650481343545442e-02
2.520150038648021962e+02 1.791361281708945228e+02 3.947860304968027478e-02
2.519646869510224292e+02 1.787406071252898698e+02 3.545780338697210321e-02
2.519709690113133433e+02 1.786102874007448520e+02 3.452322394771976943e-02
2.519948253812100347e+02 1.786562391961211347e+02 3.391609865785959882e-02
2.519815655962335654e+02 1.786300021080739100e+02 3.423090436371301754e-02
2.519624847164640471e+02 1.785054346145738293e+02 3.195840067458365769e-02
2.518953495889255976e+02 1.781213688426674082e+02 3.288876396598974100e-02
2.518640742042020975e+02 1.777553650481343652e+02 3.410020378047923240e-02
2.518218607265827984e+02 1.774438479376010207e+02 3.243201461597920027e-02
2.518326372004778193e+02 1.770912627362799583e+02 3.621952076452814029e-02
2.518210582531094133e+02 1.769274611763052576e+02 3.402431311924671714e-02
2.518494202796711363e+02 1.767828416836483711e+02 3.595109268498348359e-02
2.518686655892066710e+02 1.767275764176796997e+02 4.026280654908298562e-02
2.519260867121073773e+02 1.768930278968449272e+02 4.059447684632141312e-02
2.519449118122408890e+02 1.769565244887920699e+02 3.996205466938373974e-02
2.520084575925795889e+02 1.770846504110744206e+02 4.064366523786101110e-02
2.519968688075328487e+02 1.770943208488511118e+02 3.957979059799029975e-02
2.520014391117981916e+02 1.770759792003372866e+02 4.103014545710069461e-02
2.520106584217553234e+02 1.770803035626449287e+02 4.062398988124516636e-02
2.519763713020869886e+02 1.769994715761366137e+02 4.016021361815754614e-02
2.519920652097533491e+02 1.770684027826575857e+02 3.886164008151218874e-02
2.520194814138149013e+02 1.770825999578385108e+02 4.043145246293303186e-02
2.519848485700231890e+02 1.769237003724263957e+02 4.010821446138711222e-02
2.519843876045253239e+02 1.769393268217272066e+02 3.935492937952357606e-02
2.519866572974492271e+02 1.769673487456960288e+02 4.015880823554212470e-02
2.519815529477900498e+02 1.769033630805986945e+02 3.642611200899444762e-02
2.520023315297589761e+02 1.769557782306232809e+02 3.665518937530742871e-02
2.519863888693696765e+02 1.767994828191975216e+02 3.580633827559553256e-02
2.519332836764809258e+02 1.764471533975124657e+02 3.757430960579017515e-02
2.519215684069988015e+02 1.763042625254725522e+02 3.587660740636638285e-02
2.518977682524067063e+02 1.761255301805916531e+02 3.696999508116084743e-02
2.519003653994799947e+02 1.761448218677535067e+02 3.792706064225985496e-02
2.519070142646335455e+02 1.761771358302297870e+02 4.064366523786101110e-02
2.518998173002599970e+02 1.759750741339329636e+02 3.998173002599957754e-02
2.518650467289719757e+02 1.757369910758203844e+02 3.756166116225142376e-02
2.518486093739020362e+02 1.755119541845267293e+02 4.099782165694610542e-02
2.519060248752722941e+02 1.756374689059096283e+02 3.632070831283817219e-02
2.519505712880331600e+02 1.758083817019183357e+02 4.266320005621530159e-02
2.519693710912796121e+02 1.759714341929590375e+02 4.154592087695874875e-02
2.520406253952638735e+02 1.762058435809149159e+02 4.018691588785047036e-02
2.520842681470030300e+02 1.765765174618790070e+02 3.901342140397723313e-02
2.521615037593984994e+02 1.769289888272082010e+02 4.368772398285433040e-02
2.521735394561169414e+02 1.770752708874991299e+02 4.610076593352540469e-02
2.521506204764247059e+02 1.771990527721171986e+02 4.484435387534255885e-02
2.521496929238985274e+02 1.772435289157473051e+02 4.316351626730377533e-02
2.521002262666010836e+02 1.770719766706485814e+02 3.806338275595531201e-02
2.520583360269833406e+02 1.769876213899234187e+02 3.949687302368069808e-02
2.520874429063312618e+02 1.769990148267866061e+02 4.165694610357669608e-02
2.521286473192326696e+02 1.772454388307216675e+02 4.308200407560958817e-02
2.521320947227882812e+02 1.773342576066334004e+02 4.202094020096971277e-02
2.521235654556953136e+02 1.774777303070761150e+02 4.082636497786522323e-02
2.521489171526948212e+02 1.778145681961914022e+02 4.287541283114328083e-02
2.521860642259855183e+02 1.779693078490619200e+02 4.608952287260206782e-02
2.521636638324783917e+02 1.780516548380296626e+02 4.113414377064155553e-02
2.521823441782025270e+02 1.782029709788489811e+02 3.993675778230623002e-02
2.521451226196331845e+02 1.782052308340945785e+02 4.212353313189515919e-02
2.520986550488370597e+02 1.780947790035837386e+02 3.969081582460824709e-02
2.520706991778511679e+02 1.779645211158737936e+02 3.809992270395615166e-02
2.520574197175180871e+02 1.779410484154311121e+02 3.544656032604876633e-02
2.520792930925444466e+02 1.779757627714145087e+02 3.883634319443468597e-02
2.520053376431733625e+02 1.779238493429836296e+02 3.663410863607616946e-02
2.519856271519921336e+02 1.776841767971330057e+02 3.389220715339751056e-02
2.519768449160283978e+02 1.775936476705783207e+02 3.530040053404539385e-02
2.519965778933314482e+02 1.776030988686669900e+02 3.478321973157191827e-02
2.519840531234628713e+02 1.774864211931698321e+02 3.237579931136251588e-02
2.519595095214672256e+02 1.773934860515775540e+02 3.404398847586255494e-02
2.519583093247136674e+02 1.773821614784625069e+02 3.515705150727285733e-02
2.519818874288525024e+02 1.773889045042512862e+02 3.624903379945190046e-02
2.519873627995221739e+02 1.774070789122338567e+02 3.339329632492445826e-02
2.519986915887850500e+02 1.774787000210807264e+02 3.512191694188743218e-02
2.520141943644157152e+02 1.775456398004356799e+02 3.568547537066966285e-02
2.520604539385847715e+02 1.776984456468273379e+02 4.066474597709226341e-02
2.520362729253039049e+02 1.777034207012859213e+02 3.907806900428641844e-02
2.520402965357318408e+02 1.776669538331810827e+02 3.963600590260698414e-02
2.520934185932119931e+02 1.778803415079755439e+02 4.001967535661583864e-02
2.520861696296816774e+02 1.779719162391961333e+02 3.729323308270676707e-02
2.520974211229006983e+02 1.780141395544937097e+02 3.838099922703955974e-02
2.520751359707680308e+02 1.779167577823062345e+02 3.795235752933736467e-02
2.520221375869580527e+02 1.776915915958119569e+02 3.500948633265406340e-02
2.519895847094371391e+02 1.775211369545358764e+02 3.532429203850748212e-02
2.519818452673740410e+02 1.774397765441641468e+02 3.966692432014615882e-02
2.519834544304686972e+02 1.774926540650692175e+02 3.936195629260066248e-02
2.519917082425690467e+02 1.774884674302578844e+02 3.795516829456819369e-02
2.519779621952076525e+02 1.774619773733398915e+02 4.042723631508678139e-02
2.519406563136813872e+02 1.773183950530531945e+02 3.885742393366593828e-02
2.519256341789051987e+02 1.770207827981167839e+02 4.079404117771063404e-02
2.519290506640432739e+02 1.769752259152554359e+02 3.992551472138289315e-02
2.519709184175391670e+02 1.772015318670508179e+02 3.585693204975054504e-02
2.519887316421895775e+02 1.772047853278054959e+02 3.799170824256904028e-02
2.519716998102733498e+02 1.771658182840278357e+02 3.812662497364907588e-02
2.519519907244747401e+02 1.769956953130489694e+02 3.822078560888202137e-02
2.519539189094230949e+02 1.769839631789754719e+02 3.665237861007659276e-02
2.519997301665378302e+02 1.770214630033026424e+02 4.220645070620476086e-02
2.519486585622935877e+02 1.767436511840348601e+02 3.793689832056777733e-02
2.519619155365048186e+02 1.767101440517180890e+02 3.910336589136392121e-02
2.519818017005129605e+02 1.767954563980043474e+02 3.843440376642540818e-02
2.520057114749490665e+02 1.768827868737263600e+02 3.979903028599536541e-02
2.520212409528494106e+02 1.770793830370318460e+02 4.071252898601643994e-02
2.520317475932822617e+02 1.770839983135408602e+02 3.986648865153537974e-02
2.520033827559553004e+02 1.770267711334410876e+02 4.174548520834796966e-02
2.519814363010329430e+02 1.768735492937952358e+02 4.114117068371864194e-02
2.519167451338626904e+02 1.764946230061134145e+02 3.758414728409809752e-02
2.518749982432717331e+02 1.759934354578034004e+02 3.659335254022907935e-02
2.518964907596092928e+02 1.759545710069566553e+02 3.902606984751598451e-02
2.519517208910125703e+02 1.761825254725599166e+02 4.423441782025156616e-02
2.519842161478462401e+02 1.762865308130138544e+02 4.014194364415712285e-02
2.520677549012718828e+02 1.766478125219591107e+02 4.408825802824819368e-02
2.521604089663410946e+02 1.769777556039631747e+02 4.715480289508818673e-02
2.521256721242358196e+02 1.771855259644438263e+02 4.402923195840067333e-02
2.521644241444733439e+02 1.773462005480992332e+02 4.356123954746679572e-02
2.520633349729463930e+02 1.770842372285854935e+02 3.898250298643805845e-02
2.519712838170191844e+02 1.767265757852575234e+02 3.684632141100414870e-02
2.519902761576839225e+02 1.766854978567914998e+02 3.730307076101468944e-02
2.519908439322605602e+02 1.767032900007026797e+02 3.640081512191694485e-02
2.520331192467149322e+02 1.768284955379101859e+02 3.846391680134916835e-02
2.520781912725739460e+02 1.769465785960227606e+02 4.307919331037875221e-02
2.520623863396809838e+02 1.770526428220082948e+02 4.404609654978568212e-02
2.521264774084744431e+02 1.772514693275244326e+02 4.528002248612184727e-02
2.521264085447263028e+02 1.774039842597147185e+02 4.138711264141662488e-02
2.521170191834727063e+02 1.773985454289930317e+02 4.240039350713231681e-02
2.520170683718642408e+02 1.774955013702480642e+02 3.952638605860445825e-02
2.520239898812451713e+02 1.776676860375237084e+02 3.639097744360902248e-02
2.520948717588363479e+02 1.778069454008853825e+02 4.193380647881385370e-02
2.521348099220012671e+02 1.779520188321270382e+02 3.959665518937530854e-02
2.521776895509802614e+02 1.780827573606914598e+02 3.864521115873796597e-02
2.522155702339962033e+02 1.781627953060220761e+02 4.095566017848359386e-02
2.522313779776544038e+02 1.782388897477338219e+02 4.166397301665378250e-02
2.522089340172861966e+02 1.783326315789473711e+02 4.097111938725318120e-02
2.522000983767830746e+02 1.783774927974141065e+02 3.964022205045323460e-02
2.521773845829526977e+02 1.784126639027475107e+02 4.039210174970135625e-02
2.521855610990091918e+02 1.785260417398636719e+02 4.110603611833321680e-02
2.521412690605017133e+02 1.783926372004778216e+02 4.152062398988124597e-02
2.521210203077787924e+02 1.783077605228023401e+02 3.807462581687864195e-02
2.521186817511067488e+02 1.782887611552245062e+02 4.253109409036610195e-02
2.520983191623919595e+02 1.782588363431944458e+02 4.082777036048063773e-02
2.520571864240039304e+02 1.781745457100695660e+02 3.636146440868526231e-02
2.520148577050102006e+02 1.779448837045885625e+02 3.529899515142997934e-02
2.519760564963811476e+02 1.777399339470170787e+02 3.937038858829316340e-02
2.519872096128170824e+02 1.778110589558007177e+02 3.887991005551261203e-02
2.520018171597217247e+02 1.778931600028107596e+02 4.365680556531515571e-02
2.520153313189515814e+02 1.779768800505937634e+02 3.967676199845408119e-02
2.520364626519570095e+02 1.779874358794181717e+02 4.171035064296254452e-02
2.520399747031129323e+02 1.779264914623006177e+02 4.051577541985805497e-02
2.520495369264282317e+02 1.779756489354226687e+02 3.779073852856440485e-02
2.520096732485419295e+02 1.778836132387042426e+02 3.459770922633687018e-02
2.519927173072869095e+02 1.777795038999367705e+02 3.706415571639378598e-02
2.520027967114046703e+02 1.778213196542758681e+02 3.912866277844143093e-02
2.520429766003794612e+02 1.779112247909493476e+02 4.097955168294568212e-02
2.520906148548942554e+02 1.780997934087555450e+02 3.766425409317687018e-02
2.521079123041247954e+02 1.783655119106176699e+02 4.133370810203077644e-02
2.521146511137657171e+02 1.784215880823554130e+02 3.787084533764317057e-02
2.520912585201321008e+02 1.784581055442344280e+02 3.922844494413604138e-02
2.521137193450917096e+02 1.784619886164008165e+02 4.098938936125360449e-02
2.520698854613168294e+02 1.784438338837748574e+02 3.759820111025226341e-02
2.520339287471013847e+02 1.783134705923687591e+02 4.131684351064577460e-02
2.520647783008924137e+02 1.783148085166186547e+02 3.992129857353664268e-02
2.520732288665589067e+02 1.784696198440025228e+02 3.930855175321481404e-02
2.520686149954325117e+02 1.785116998102733419e+02 3.556882861359005055e-02
2.521105235050242470e+02 1.787024875272292945e+02 3.711756025577963441e-02
2.521467163235190867e+02 1.788936870212915551e+02 3.847515986227250523e-02
2.521609149040826310e+02 1.790623624481765148e+02 4.139132878926287534e-02
2.521359440657718949e+02 1.790428894666573001e+02 3.961211439814489588e-02
2.521060515775419901e+02 1.789371288033167104e+02 3.812521959103366137e-02
2.520528451971049151e+02 1.788402403204272275e+02 3.937179397090857791e-02
2.520814138149111159e+02 1.787391933103787380e+02 3.564050312697632228e-02
2.520657494202796727e+02 1.786933342702550647e+02 3.620265617314313844e-02
2.520586353734804277e+02 1.787637341016091739e+02 3.556882861359005055e-02
2.520245562504391899e+02 1.786685868877802079e+02 3.552666713512753899e-02
2.519986845618719826e+02 1.787335001054036923e+02 3.571779917082425898e-02
2.519980999227039433e+02 1.786632267584849956e+02 3.608038788560185423e-02
2.520188489916379808e+02 1.787301032956222286e+02 3.640784203499402433e-02
2.520497941114468290e+02 1.788474878785749524e+02 3.471013983557023203e-02
2.520642133370810143e+02 1.789327960087133818e+02 3.614081933806478908e-02
2.521180647881385823e+02 1.790771793970908448e+02 3.976249033799451882e-02
2.521102325908228465e+02 1.791950797554634107e+02 3.757712037102101110e-02
2.521571049118122403e+02 1.793898208137165398e+02 4.223736912374394248e-02
2.521391792565526089e+02 1.795715522450987294e+02 4.159229850326751771e-02
2.521427643876045295e+02 1.795727060642259971e+02 3.971611271168575680e-02
2.520921453165624371e+02 1.796472489635303305e+02 3.853418593212001864e-02
2.521322057480149113e+02 1.796991581758133520e+02 3.918768884828894433e-02
2.520194729815192147e+02 1.799339343686318671e+02 3.408333918909423055e-02
2.520400646476003033e+02 1.800186986156981277e+02 2.992059588222893696e-02
2.520040517180802340e+02 1.799691462300611420e+02 3.176024172580985128e-02
2.520236441571217654e+02 1.800177668470240917e+02 2.975616611622514118e-02
2.520638563698967118e+02 1.800691504462089938e+02 3.287189937460473915e-02
2.520966692432014611e+02 1.802252448879207236e+02 3.661864942730658212e-02
2.521101735647530120e+02 1.802223708804721980e+02 3.503337783711615167e-02
2.520653910477127511e+02 1.801131023821235431e+02 3.285925093106598083e-02
2.519905530180591597e+02 1.798174787435879409e+02 3.048415431101117110e-02
2.519937530742744798e+02 1.797707905277211751e+02 2.746539245309535457e-02
2.520351148900288081e+02 1.799542168505375628e+02 2.769025367156208173e-02
2.520285911039280506e+02 1.799127496310870526e+02 3.096057901763755310e-02
2.520511165764879422e+02 1.799857311503056678e+02 3.203148057058534393e-02
2.520955828824397429e+02 1.802387731009767435e+02 3.441641486894807256e-02
2.521455779636006014e+02 1.805090352048345039e+02 3.568969151851591332e-02
2.521758569320497543e+02 1.808421642892277532e+02 3.698545428993043477e-02
2.521430384372145284e+02 1.808716140819338136e+02 3.672124235823202854e-02
2.521313020869931734e+02 1.808983795938444246e+02 3.707539877731712286e-02
2.521537151289438441e+02 1.811339835570234129e+02 3.658913639238282889e-02
2.521741002037804833e+02 1.813244775490127267e+02 3.857072588012086523e-02
2.521636582109479434e+02 1.815620476424706737e+02 3.890099079474387128e-02
2.521685362940060315e+02 1.818545583585131169e+02 3.654275876607406687e-02
2.521552174829597277e+02 1.820166074063663757e+02 3.547326259574169055e-02
2.520694919541845138e+02 1.818538612887358568e+02 2.993746047361394227e-02
2.520361633054599224e+02 1.817956053685615814e+02 3.117419717518094338e-02
2.520391370950741248e+02 1.816933932963249276e+02 3.082144613871126357e-02
2.520276874429063412e+02 1.816802262666010961e+02 3.482819197526526578e-02
2.520171063171948447e+02 1.815688159651465128e+02 3.275806338275595586e-02
2.520310392804441051e+02 1.814939680978146441e+02 3.251071604244255842e-02
2.520704433982151613e+02 1.817200056215304755e+02 3.301524840137727568e-02
2.520755913147354477e+02 1.817626589839083806e+02 3.192045534396739659e-02
2.520299009205256198e+02 1.816555856932049835e+02 2.987281287330475696e-02
2.520123069355632026e+02 1.815452083479727321e+02 3.175321481273276486e-02
2.520410933876748061e+02 1.815923814208418321e+02 3.410863607617174026e-02
2.520501468624833024e+02 1.816646855456397986e+02 3.209893893612535826e-02
2.520750769446981963e+02 1.817300962687091612e+02 3.019042934438901163e-02
2.520857845548450484e+02 1.818497505445857598e+02 2.922914763544375016e-02
2.520896015740285350e+02 1.819272349097041683e+02 3.194013070058323439e-02
2.521080879769517367e+02 1.820747523013140210e+02 3.193169840489073347e-02
2.520975166889185459e+02 1.821626519569952904e+02 3.406506921509380725e-02
2.520775166889185641e+02 1.821760747663551285e+02 3.192748225704448300e-02
2.521387182910547438e+02 1.824491195277914528e+02 3.570093457943925019e-02
2.521824158527159057e+02 1.827043131192467058e+02 3.762911952779143809e-02
2.521897603822640690e+02 1.829706008010680875e+02 3.570515072728550066e-02
2.521946862483310952e+02 1.832680668962125026e+02 3.493500105403696265e-02
2.521848794884407141e+02 1.835891223385566775e+02 3.426041739863677771e-02
2.519883817019183425e+02 1.806931951373761365e+02 3.575152835359426268e-02
2.520032337853980664e+02 1.807069186986157092e+02 3.420279671140467881e-02
2.520005480992200262e+02 1.808477464689761689e+02 3.506851240250158375e-02
2.520455470451830422e+02 1.809792509310659909e+02 3.655962335745906872e-02
2.520925922282341389e+02 1.812354325064999045e+02 3.524559061204413091e-02
2.521116126765512035e+02 1.814012746820321809e+02 3.345794392523364358e-02
2.520755702339962170e+02 1.812784372145316638e+02 3.262455203429133477e-02
2.520594027123884473e+02 1.813294891434192948e+02 3.292108776614433019e-02
2.520323687723982857e+02 1.812225563909774451e+02 3.056566650270536173e-02
2.520256566650270429e+02 1.810613913287892558e+02 2.971681540299346558e-02
2.519933708102030891e+02 1.809739976108495512e+02 2.795587098587590594e-02
2.519874021502353969e+02 1.809194659546061530e+02 3.051647811116576375e-02
2.519764865434614478e+02 1.808598102733469091e+02 2.863326540650691990e-02
2.519830117349448528e+02 1.808320483451619793e+02 2.897196261682243035e-02
2.520036019956433222e+02 1.807621685053755982e+02 3.328929801138359734e-02
2.520051127819548924e+02 1.807152118614292817e+02 3.142013913287892285e-02
2.519999072447473907e+02 1.806841767971330057e+02 3.307146370599396007e-02
2.520300569179959211e+02 1.807292558499051438e+02 3.106738809640924651e-02
2.520122535310238163e+02 1.807157079614925124e+02 3.151711053334270429e-02
2.520238957206099428e+02 1.807374492305530111e+02 3.435036188602347274e-02
2.520232970276157687e+02 1.808059953622373826e+02 3.294779003583725441e-02
2.520585763474105931e+02 1.808131923266109311e+02 3.217482959735788045e-02
2.520383121354788898e+02 1.808121228304405861e+02 3.270184807813927147e-02
2.520394462792495176e+02 1.807653812100344339e+02 3.503337783711615167e-02
2.520137038858829328e+02 1.806693809289579065e+02 3.601855105052350486e-02
2.519934396739512295e+02 1.805800393507132355e+02 3.246574379874921090e-02
2.519831719485629833e+02 1.805506134495116157e+02 3.510926849834867386e-02
2.519637551823483932e+02 1.804370472911249976e+02 3.061485489424495970e-02
2.519753509943082008e+02 1.804623455835851189e+02 3.157192045534396724e-02
2.520027433068652840e+02 1.804734551331600017e+02 3.530461668189164431e-02
2.519959019042934472e+02 1.804332218396458529e+02 3.376291195277914686e-02
2.520035218888342285e+02 1.805030538964232960e+02 3.446419787787224909e-02
2.520607560958470970e+02 1.806933455133159896e+02 3.391469327524418431e-02
2.520379593844424164e+02 1.807120160213618192e+02 3.442344178202515897e-02
2.520015065701637411e+02 1.806295580071674465e+02 3.686318600238915055e-02
2.520328494132527624e+02 1.806590865012999814e+02 3.284660248752722944e-02
2.519769432928114554e+02 1.804638676129576140e+02 2.990794743869018210e-02
2.519245436019956514e+02 1.801003007518797006e+02 3.003583725669313476e-02
2.519476382545147999e+02 1.799632197315719111e+02 2.932330827067669218e-02
2.519350291616892719e+02 1.799629850326751352e+02 3.055442344178202485e-02
2.520160438479375955e+02 1.802029358442836156e+02 3.297870845337642909e-02
2.520647797062750328e+02 1.804389333145948910e+02 3.487597498418944231e-02
2.520595249806760023e+02 1.805129744923055171e+02 3.434895650340805129e-02
2.521168519429414516e+02 1.807559693626589876e+02 3.398496240601503460e-02
2.521110659827137965e+02 1.809543208488510970e+02 3.754058042302016451e-02
2.521216724053123528e+02 1.811461682242990605e+02 3.460051999156770614e-02
2.521299599465954486e+02 1.812317686740215095e+02 3.396809781463003275e-02
2.520834712950600931e+02 1.811904743166327023e+02 3.191342843089031017e-02
2.520654627222261297e+02 1.812583542969573500e+02 3.316702972384231313e-02
2.520677773873937042e+02 1.812035401588082379e+02 3.443609022556391036e-02
2.520828585482397557e+02 1.812078265757852478e+02 3.324854191553650723e-02
2.521027854683437681e+02 1.812931642189586228e+02 3.400042161478462194e-02
2.520899683788911432e+02 1.813251282411636680e+02 3.475792284449441549e-02
2.521023750966200510e+02 1.814279600871337266e+02 3.517672686388869513e-02
2.521416442976600365e+02 1.816070985875904853e+02 3.468062680064647879e-02
2.521493204975054425e+02 1.818413702480500262e+02 3.689832056777457570e-02
2.521562588714777462e+02 1.820175841472841114e+02 3.402571850186213165e-02
2.521200168645913777e+02 1.820415037593984948e+02 3.372496662216288577e-02
2.521079952216990989e+02 1.819971344248471610e+02 3.467641065280022833e-02
2.520942519851029431e+02 1.820491687161829759e+02 3.259644438198299604e-02
2.520305642611200767e+02 1.818325669313470598e+02 2.848007870142646447e-02
2.520105558288244083e+02 1.817959257957978991e+02 3.146370599395685586e-02
2.520405185861851010e+02 1.819142421474246305e+02 3.132035696718431933e-02
2.520445436019956560e+02 1.819346707891223502e+02 3.047572201531867017e-02
2.520613365188672503e+02 1.820553509943082133e+02 3.100414587871547917e-02
2.520502283746750152e+02 1.820562968168083842e+02 2.951022415852715824e-02
2.520439308551753186e+02 1.819953130489775788e+02 3.124025015810554320e-02
2.520478040896634013e+02 1.819426744431171414e+02 3.351837537769657843e-02
2.520574717166748542e+02 1.819836469678870117e+02 2.982502986438057696e-02
2.520547523013140392e+02 1.820078350080809457e+02 3.210174970135619421e-02
2.520653910477127511e+02 1.820611032253530936e+02 3.307849061907103955e-02
2.520713301946454976e+02 1.820480683015951229e+02 3.479727355772609110e-02
2.520908889045042542e+02 1.820723167732415106e+02 3.333989178553860983e-02
2.520929154662356950e+02 1.821230412479797565e+02 3.313611130630313845e-02
2.520112008994448729e+02 1.822800604314524548e+02 3.148759749841894412e-02
2.520050902958330425e+02 1.823013056004497230e+02 2.989670437776684869e-02
2.520406225844986352e+02 1.823509029583304084e+02 2.923898531375166907e-02
2.520437593984962348e+02 1.824079052772117109e+02 2.930784906190710484e-02
2.520733103787506195e+02 1.824370416695945494e+02 2.842526877942519806e-02
2.520902916168926993e+02 1.824771386409950082e+02 2.989389361253601274e-02
2.520798510294427786e+02 1.825279643032815784e+02 3.152835359426604117e-02
2.520480837608038769e+02 1.825595882228936944e+02 3.100555126133089714e-02
2.520337516688918527e+02 1.824901974562574765e+02 3.141170683718642193e-02
2.519863930855175340e+02 1.822737671281006158e+02 3.030988686669945989e-02
2.519738683156489287e+02 1.821191005551261242e+02 2.816246223034220980e-02
2.519572243693345399e+02 1.820565287049399217e+02 2.818213758695804760e-02
2.519474949054880142e+02 1.819246911671702662e+02 2.693275244185229511e-02
2.519416822429906517e+02 1.817588532077858190e+02 2.617946735998875549e-02
2.519622710983065019e+02 1.817239097744360947e+02 2.871196683297027458e-02
2.519795896282763010e+02 1.817578455484505753e+02 2.904082636497786613e-02
2.519575110673880829e+02 1.816755730447614496e+02 2.787435879418171530e-02
2.519502227531445442e+02 1.816208095003864855e+02 2.733188110463073695e-02
2.519431663270325430e+02 1.815406745836554023e+02 2.759749841894455769e-02
2.519407813927341806e+02 1.814110589558007121e+02 3.097463284379172246e-02
2.519723069355632106e+02 1.814879628978989672e+02 3.116154873164218853e-02
2.520157922844494465e+02 1.816268779425198545e+02 3.354507764738950265e-02
2.519825100133511455e+02 1.816366917293233030e+02 2.986438057761225603e-02
2.520136265898390775e+02 1.817642526877942544e+02 3.340453938584779514e-02
2.520480739231255711e+02 1.819155603963178862e+02 3.395123322324503090e-02
2.520332654065069278e+02 1.819743405242077188e+02 3.169559412550066596e-02
2.520484140257185004e+02 1.821269341578244791e+02 2.998664886515353678e-02
2.520388180732204262e+02 1.821336968589698415e+02 3.100555126133089714e-02
2.520303548591103890e+02 1.821293837397231528e+02 3.186424003935071220e-02
2.521009711193872533e+02 1.823403569671843059e+02 3.345794392523364358e-02
2.521196346005199871e+02 1.825510800365399575e+02 3.214953271028037074e-02
2.521175982011102406e+02 1.826592101749701271e+02 3.316984048907314908e-02
2.520863621670999919e+02 1.827384611060361124e+02 3.303632914060852799e-02
2.520845956011524152e+02 1.827678940341507996e+02 3.146089522872601990e-02
2.520865448668400006e+02 1.828555252617525184e+02 2.854051015388939586e-02
2.521095706556109803e+02 1.829599114608952277e+02 3.357177991708242687e-02
2.521121945049539761e+02 1.830221825592017524e+02 2.934438900990794796e-02
2.521088525050945179e+02 1.831362827629822334e+02 3.014264633546483163e-02
2.520809233363783335e+02 1.831040798257325548e+02 3.017918628346567475e-02
2.520582924601222601e+02 1.831153495889255964e+02 2.907174478251704081e-02
2.520646433841613430e+02 1.830378553861288822e+02 2.820040756095847090e-02
2.520830356264492877e+02 1.830758470943714542e+02 3.023540158808235567e-02
2.520761604946946761e+02 1.831137362096830827e+02 2.922493148759749970e-02
2.520269524277984772e+02 1.829581463003302702e+02 2.672053966692431934e-02
2.519919443468484417e+02 1.828339512332232459e+02 2.696648162462230228e-02
2.520289382334340473e+02 1.828932049750544593e+02 2.801068090787716888e-02
2.520251605649638122e+02 1.828956306654486639e+02 2.769306443679291768e-02
2.520214489494765076e+02 1.827963839505305259e+02 2.943854964514088998e-02
2.520190077998735205e+02 1.827407153397512332e+02 2.829878434403766338e-02
2.520448021923968724e+02 1.827166748647319139e+02 2.842948492727144852e-02
2.520491406085306778e+02 1.827132457311502947e+02 2.664183824046096466e-02
2.520030595179537727e+02 1.825817679713302084e+02 2.748647319232661035e-02
2.519931895158456996e+02 1.825256566650270429e+02 2.397020588855315951e-02
2.519874963108706254e+02 1.824381533272433558e+02 2.704658843370107493e-02
2.519923097463284307e+02 1.825302775630665337e+02 2.939076663621670998e-02
2.520045056566650317e+02 1.825314341929590398e+02 3.142435528072518025e-02
2.520012817089452710e+02 1.823826716323519008e+02 2.981238142084182557e-02
2.520137643173353865e+02 1.824381786241304155e+02 2.905347480851661751e-02
2.519738205326400191e+02 1.822401124306092299e+02 2.864450846743025678e-02
2.519238704237228603e+02 1.820281596514651028e+02 2.812311151711053420e-02
2.520024748787857618e+02 1.816626294708734406e+02 2.746820321832619052e-02
2.520151387815332669e+02 1.815990359075258311e+02 2.655470451830510906e-02
2.520291279600871235e+02 1.815925247698685894e+02 2.520553720750474264e-02
2.520301173494483749e+02 1.815096015740285225e+02 2.525753636427517310e-02
2.520202599957838459e+02 1.814426702269692839e+02 2.872742604173986539e-02
2.520174675005270046e+02 1.813455203429133462e+02 2.644508467430257970e-02
2.520322830440587438e+02 1.813765146511137516e+02 3.097182207856088651e-02
2.519874218255920084e+02 1.813732949195418485e+02 3.022275314454360082e-02
2.520087358583374453e+02 1.813271281006254014e+02 2.928255217482959860e-02
2.520145780338697250e+02 1.813561295762771408e+02 3.076804159932541513e-02
2.520341620406155698e+02 1.814400787014264722e+02 3.038156138008572815e-02
2.520229147635443780e+02 1.814606155575855553e+02 3.257957979059798725e-02
2.520235317265125445e+02 1.814651212142505869e+02 3.130208699318389604e-02
2.520583022978005658e+02 1.815648752722928805e+02 3.448387323448808689e-02
2.520632703253460818e+02 1.816207757712037107e+02 3.257817440798257275e-02
2.520480050593774024e+02 1.815699149743517751e+02 3.330616260276860613e-02
2.520190316913779895e+02 1.814781181926779539e+02 3.383458646616541166e-02
2.520318333216218036e+02 1.815294568196191278e+02 2.964514088960719385e-02
2.520261443327946154e+02 1.815777907385285630e+02 3.081020307778792669e-02
2.520326906050172227e+02 1.816206998805424746e+02 3.411987913709507714e-02
2.520391792565525861e+02 1.816036216709999280e+02 3.067388096409247311e-02
2.520515311643594885e+02 1.816448879207364087e+02 3.124165554072096118e-02
2.520788869369685870e+02 1.818285812662497278e+02 3.178975476073361145e-02
2.521005818284027953e+02 1.819459110392804462e+02 3.352680767338907936e-02
2.520816892699037339e+02 1.820100484857002243e+02 3.268217272152343367e-02
2.520945864661654241e+02 1.819622289368280406e+02 3.287189937460473915e-02
2.520763136813997676e+02 1.820109310659827031e+02 3.188110463073572098e-02
2.520751556461246707e+02 1.820565160564963776e+02 3.432506499894596302e-02
2.520682411636568077e+02 1.819994912514932253e+02 3.375729042231747495e-02
2.520469833462159954e+02 1.818951668891855888e+02 3.023680697069777365e-02
2.520622542337151231e+02 1.819966467570796169e+02 2.646757079614924998e-02
2.520684224580141972e+02 1.820651099711896563e+02 2.877942519851029585e-02
2.520507104209120826e+02 1.820665673529618402e+02 3.212423582320286797e-02
2.520251816457030429e+02 1.820246321411004260e+02 2.967324854191553604e-02
2.520296830862202171e+02 1.820006535029161796e+02 2.880050593774155163e-02
2.520450523505024307e+02 1.820658182840278130e+02 2.934438900990794796e-02
2.520526540650692198e+02 1.820309914974351670e+02 2.833251352680767401e-02
2.520542056074766322e+02 1.820763923828262136e+02 2.769025367156208173e-02
2.520716632703253595e+02 1.822236905347480729e+02 2.816667837818846026e-02
2.521007195558991043e+02 1.824485742393366650e+02 3.110673880964092558e-02
2.521338177218747774e+02 1.826632450284589879e+02 3.376291195277914686e-02
2.521618551050523536e+02 1.828565975686880734e+02 3.204834516197034577e-02
2.521435598341648472e+02 1.829224608249595860e+02 3.245590612044128853e-02
2.521171358302297847e+02 1.829450003513456409e+02 3.330054107230693422e-02
2.521065280022486093e+02 1.830049061907104146e+02 3.359004989108285016e-02
2.520902606984751628e+02 1.830760536856159035e+02 3.052491040685826815e-02
2.521139413955449413e+02 1.832512922493148722e+02 3.082566228655751403e-02
2.521199901623216988e+02 1.833957318529969882e+02 3.064296254655329843e-02
2.521351851591595903e+02 1.836251380788419567e+02 3.108846883564050229e-02
2.521644452252125745e+02 1.838267627011453840e+02 3.242639308551753530e-02
2.521138444241444745e+02 1.837904996135197848e+02 3.196683297027615861e-02
2.520951359707680410e+02 1.838143306865294164e+02 2.839013421403977291e-02
2.521122619633195256e+02 1.839305249104068594e+02 3.117981870564261182e-02
2.519983697561661131e+02 1.804491096901131471e+02 3.959103365891363663e-02
2.520205635584287904e+02 1.805440151781322413e+02 3.608460403344810469e-02
2.520246026280654803e+02 1.805389220715339889e+02 3.462581687864520891e-02
2.520217918628346467e+02 1.804841416625676231e+02 3.218888342351205328e-02
2.520247979762490331e+02 1.805148338135057315e+02 3.090436371302086871e-02
2.520185847797062877e+02 1.804232618930503804e+02 3.052772117208910063e-02
2.520301552947790071e+02 1.804064001124306174e+02 3.300962687091560377e-02
2.520281076523083357e+02 1.802805298292460066e+02 3.301805916660811163e-02
2.520381434895650443e+02 1.802510645773311921e+02 3.254163445998173310e-02
2.520452659686599759e+02 1.802312852224017945e+02 3.290281779214391383e-02
2.520465589206661434e+02 1.802669341578244655e+02 3.164218958611481752e-02
2.520630300049188293e+02 1.803639659897407057e+02 3.549153256974211385e-02
2.521434221066685382e+02 1.806478701426463260e+02 3.626589839083690231e-02
2.521612297097885005e+02 1.807894174689058957e+02 3.541564190850959165e-02
2.521305403696156304e+02 1.808483367296746565e+02 3.564471927482257274e-02
2.520898208137165284e+02 1.807081245168997157e+02 3.183753776965778798e-02
2.520724530953552005e+02 1.806421923968800627e+02 2.955660178483592027e-02
2.520577682524067313e+02 1.806300822148830036e+02 3.089593141732836779e-02
2.520740032323800222e+02 1.807306654486683897e+02 3.129084393226055916e-02
2.520934804300470944e+02 1.807571948562996340e+02 3.077787927763333403e-02
2.520719035907525836e+02 1.807988026140116631e+02 3.002599957838521585e-02
2.520951542407420334e+02 1.809331852996978398e+02 3.404117771063171899e-02
2.520705881526245662e+02 1.809023807181505106e+02 3.253460754690464668e-02
2.520542280935984820e+02 1.807089803949125155e+02 3.301946454922352614e-02
2.520127116857564431e+02 1.805073585833743266e+02 3.163656805565315255e-02
2.519868652940763241e+02 1.803358780127889816e+02 3.017778090085025677e-02
2.519707047993816218e+02 1.802586044550628799e+02 3.331037875061485659e-02
2.519602824819056934e+02 1.801249638113976630e+02 2.908439322605579219e-02
2.519770093457943858e+02 1.801460431452462956e+02 3.310378750614854926e-02
2.520234305389642202e+02 1.802506668540510191e+02 3.286627784414306724e-02
2.520411453868315732e+02 1.803717026210385654e+02 3.193169840489073347e-02
2.520519007799873634e+02 1.805860234698896818e+02 3.401307005832338026e-02
2.520593549293795377e+02 1.807040418804019453e+02 3.397090857986086870e-02
2.520577218747804125e+02 1.807379537629119568e+02 3.370810203077787698e-02
2.520506907455554710e+02 1.807646799241093447e+02 3.356756376923617641e-02
2.520820729393577437e+02 1.808708214461387058e+02 3.406928536294005772e-02
2.520568631860024027e+02 1.808504195067106934e+02 2.955941255006675622e-02
2.520640193942800806e+02 1.809688763965989722e+02 3.140186915887850649e-02
2.520770641557163856e+02 1.810087625606071242e+02 3.381631649216499530e-02
2.520614545710069478e+02 1.810368589698545350e+02 3.008502564823273273e-02
2.520521073712318127e+02 1.810592565525964517e+02 3.217764036258871641e-02
2.520523420701285886e+02 1.809646841402571908e+02 2.885250509451198209e-02
2.520312753847235001e+02 1.807894736842105203e+02 3.079755463424917530e-02
2.520032703253460795e+02 1.806864731923266163e+02 2.842807954465603401e-02
2.519645140889607262e+02 1.805599831354086291e+02 2.883704588574239475e-02
2.519650734312416489e+02 1.804484744571709598e+02 3.140608530672475696e-02
2.519645801419436566e+02 1.804489424495818923e+02 3.060501721593703733e-02
2.519825549855948168e+02 1.805102016724053158e+02 3.221136954535872704e-02
2.519955997470311218e+02 1.805502354015880826e+02 3.270746960860094338e-02
2.519645211158737936e+02 1.804169784273768471e+02 3.033658913639238411e-02
2.519695917363502247e+02 1.804205003162110756e+02 2.778441430679502375e-02
2.519801391328789180e+02 1.804729351415923020e+02 3.103928044410090778e-02
2.520008305811257117e+02 1.805025465532991404e+02 3.299838380999227383e-02
2.520475989038015712e+02 1.807016611622514120e+02 3.323308270676691989e-02
2.520467683226758595e+02 1.807259532007589087e+02 3.339891785538613017e-02
2.520861724404469157e+02 1.808745232239477332e+02 3.328508186353734688e-02
2.520876073360972498e+02 1.809805649638113891e+02 3.010610638746398851e-02
2.521025929309254536e+02 1.810094961703323690e+02 3.217201883212704450e-02
2.520500934579439161e+02 1.809731234628627590e+02 3.114046799241093275e-02
2.520600969714004691e+02 1.810114032745414931e+02 3.221980184105122796e-02
2.520643960368210230e+02 1.810310083620265686e+02 3.142576066334059476e-02
2.520711882510013311e+02 1.811212929520061721e+02 3.030988686669945989e-02
2.520515634881596441e+02 1.810815037593984869e+02 3.119527791441219916e-02
2.520572538823694799e+02 1.811836582109479252e+02 3.167732415150024267e-02
2.520762223315297490e+02 1.812087695875202087e+02 2.967043777668470356e-02
2.520701440517180743e+02 1.812272405312346280e+02 2.985454289930433713e-02
2.520828206029091518e+02 1.812149560817932752e+02 3.130630314103014650e-02
2.520115128943855041e+02 1.811927018480781442e+02 2.901552947790035988e-02
2.520135956714215411e+02 1.811443524699599550e+02 3.081301384301876264e-02
2.520076031199494082e+02 1.811538135057269301e+02 2.823554212634389604e-02
2.520076298222190871e+02 1.811189459630384420e+02 2.816667837818846026e-02
2.520258407701496708e+02 1.812075089593141684e+02 3.112079263579509494e-02
2.520051619703464212e+02 1.810793717939709211e+02 3.045885742393366485e-02
2.519798299487035251e+02 1.809934031340032448e+02 2.847305178834937806e-02
2.519699009205256175e+02 1.809798763263298440e+02 2.887499121635865237e-02
2.520093584428360600e+02 1.810648457592579632e+02 3.090436371302086871e-02
2.520536799943784558e+02 1.811799943784695301e+02 2.871056145035486007e-02
2.520605748014897074e+02 1.811922718009978155e+02 3.358442836062117826e-02
2.520526582812170489e+02 1.812866587028318577e+02 3.076523083409458265e-02
2.521022668821586592e+02 1.815944965216780247e+02 3.118262947087344431e-02
2.521218115381912810e+02 1.818519893190921266e+02 3.116857564471927494e-02
2.520943925233644904e+02 1.819021783430538903e+02 3.127679010610638632e-02
2.520453502916168986e+02 1.817021333708102020e+02 3.084814840840418779e-02
2.520200042161478393e+02 1.815623006113414419e+02 2.874007448527861677e-02
2.519948942449582034e+02 1.814802389150446231e+02 3.163797343826856706e-02
2.520212381420841723e+02 1.815236315086782497e+02 3.205958822289368265e-02
2.520441107441500890e+02 1.816580226266601130e+02 3.332724334199985844e-02
2.520343869018340115e+02 1.817330756798538403e+02 3.172229639519359018e-02
2.520744951162954237e+02 1.818498067598903845e+02 3.218607265828121733e-02
2.521127538472348988e+02 1.820604258309324734e+02 3.263720047783008615e-02
2.521386142927412095e+02 1.822720905066404384e+02 3.320075890661232376e-02
2.521444269552385720e+02 1.824173916098657742e+02 3.110814419225634009e-02
2.521147551120792514e+02 1.825282032183261833e+02 3.120371021010470008e-02
2.521110716042442448e+02 1.825925360129295143e+02 3.068934017286206045e-02
2.521171484786733288e+02 1.826645941957698085e+02 3.046166818916450081e-02
2.520955632070831314e+02 1.826808952287260297e+02 3.037875061485489567e-02
2.520614278687372689e+02 1.826040629611411816e+02 2.924179607898250155e-02
2.520444367929168834e+02 1.824852434825381238e+02 3.024664464900569255e-02
2.520088047220855856e+02 1.823395024945541536e+02 2.958752020237509495e-02
2.520213519780760407e+02 1.823687892628768168e+02 2.975476073360972668e-02
2.520313175462019615e+02 1.824196444381983042e+02 2.952568336729674559e-02
2.520301229709788515e+02 1.824261190359075329e+02 3.042231747593282173e-02
2.520464731923266015e+02 1.825472714496521576e+02 3.007518796992481036e-02
2.520806984751598634e+02 1.828394547115452156e+02 3.399480008432295697e-02
2.521077183613238617e+02 1.831073782587309324e+02 3.113344107933384980e-02
2.521407153397512388e+02 1.833917546201953428e+02 3.191904996135197514e-02
2.521327524418522898e+02 1.835129955730447477e+02 3.029723842316070503e-02
2.519841697702199497e+02 1.829002866980535487e+02 2.318740777176586318e-02
2.519761745485208451e+02 1.828836034010259368e+02 2.645351696999508062e-02
2.519869988054247756e+02 1.828658969854542988e+02 2.785468343756587750e-02
2.519890099079474339e+02 1.827779073852856300e+02 2.664745977092263310e-02
2.519794013070058440e+02 1.827440545288454814e+02 2.806830159510926778e-02
2.519903998313540967e+02 1.827985032675145760e+02 2.626800646476003254e-02
2.519985496451408835e+02 1.828088834235120430e+02 2.790106106387463952e-02
2.519975714988405571e+02 1.827218579158175942e+02 2.627784414306795144e-02
2.520106724755814867e+02 1.827541311221980322e+02 2.731220574801489567e-02
2.520070775068512319e+02 1.827675623638535569e+02 2.708874991216358649e-02
2.520292713091139092e+02 1.828842540931768781e+02 2.836202656173143072e-02
2.520072349097041808e+02 1.828853896423301251e+02 2.920525613098165843e-02
2.520189276930644269e+02 1.828772468554564057e+02 2.708593914693275401e-02
2.520202234558358612e+02 1.828064254093176828e+02 2.578455484505656758e-02
2.519518979692221308e+02 1.825210329562223421e+02 2.663059517953762778e-02
2.519308256622865656e+02 1.823048893261190244e+02 2.633546483030005034e-02
2.519273571779916949e+02 1.820809570655611083e+02 2.573677183613238759e-02
2.519038816667837750e+02 1.818975490127187129e+02 2.550488370458857401e-02
2.518782615417047168e+02 1.816748942449581818e+02 2.493008221488300299e-02
2.518926624973649098e+02 1.816239898812451656e+02 2.417960789825029932e-02
2.520119921298573615e+02 1.814967676199845528e+02 2.941325275806338374e-02
2.520325767690253542e+02 1.816320455343967524e+02 2.582952708874991163e-02
2.520683578104138860e+02 1.818175054458576483e+02 2.981378680345724008e-02
2.520920103998313664e+02 1.818817159721734242e+02 3.089171526948211732e-02
2.520755870985875902e+02 1.818483212704658740e+02 3.110252266179467512e-02
2.520715086782376488e+02 1.817849286768322656e+02 2.927833602698334467e-02
2.520605480992200000e+02 1.817783669454008759e+02 3.088468835640503091e-02
2.520657957979059915e+02 1.818293865504883797e+02 3.016653783992691990e-02
2.520628360621179240e+02 1.818359904433982024e+02 3.001756728269271146e-02
2.520402515634881695e+02 1.818201054036961466e+02 2.731782727847656411e-02
2.520359932541634578e+02 1.818472545850607958e+02 3.041247979762490283e-02
2.520564359496873124e+02 1.818705853418593108e+02 2.967887007237720448e-02
2.520202346988967861e+02 1.817215093809289499e+02 2.856580704096690210e-02
2.520355112079263620e+02 1.817305445857634822e+02 3.203429133581617294e-02
2.520804679924109450e+02 1.818107961492516438e+02 3.027334691869861677e-02
2.520772328016302311e+02 1.818390935282130556e+02 3.143419295903309568e-02
2.520877267936195665e+02 1.819392551472138280e+02 2.979130068161056979e-02
2.520798707047993901e+02 1.820314693275244053e+02 3.056847726793619421e-02
2.520879108987421944e+02 1.820671126414166281e+02 3.091420139132878761e-02
2.520477043074977246e+02 1.819842920385074763e+02 2.745555477478743567e-02
2.520077858196894169e+02 1.818407181505164658e+02 2.904644789543953456e-02
2.520342590120160082e+02 1.818911278195488705e+02 2.906050172159370393e-02
2.520192481203007446e+02 1.818593605509099973e+02 2.877239828543320943e-02
2.520170107511769970e+02 1.818483015951092625e+02 3.071463705993957016e-02
2.520515367858899651e+02 1.819971934509170239e+02 2.980113835991848870e-02
2.520658899585412200e+02 1.820863677886304686e+02 3.073993394701707640e-02
2.520488300189726658e+02 1.821040685826716299e+02 2.904785327805494907e-02
2.520689818002951199e+02 1.820697013561942299e+02 2.954114257606633293e-02
2.520673712318178730e+02 1.820192354718572005e+02 2.939498278406296045e-02
2.520375714988405491e+02 1.819712781954887078e+02 2.926147143559834282e-02
2.520211833321621953e+02 1.818377570093458075e+02 2.834235120511559292e-02
2.519876705783149475e+02 1.817317335394561155e+02 2.986719134284308852e-02
2.520004609654978651e+02 1.817316632703253561e+02 3.021432084885109989e-02
2.520080177078209545e+02 1.817082636497786439e+02 2.924320146159791953e-02
2.520100119457522396e+02 1.817774899866488738e+02 2.674443117138641107e-02
2.520407462581687810e+02 1.819070775068512376e+02 2.972524769868596650e-02
2.520692853629400645e+02 1.820329309254444468e+02 2.989108284730518025e-02
2.520645562504391819e+02 1.820971288033167070e+02 3.001897266530812944e-02
2.520947930574098734e+02 1.822435022134776261e+02 2.979692221207223823e-02
2.521088876396598835e+02 1.823426280654908282e+02 2.895790879066826098e-02
2.521032675145808355e+02 1.823685067809711313e+02 2.702269692923898667e-02
2.520756995291968110e+02 1.823457648794884278e+02 2.753987773171245879e-02
2.520741690675286293e+02 1.823903534537277835e+02 2.950741339329632576e-02
2.520446433841613327e+02 1.823642681470030311e+02 2.924179607898250155e-02
2.520419773733399040e+02 1.822375658773100895e+02 2.835781041388518026e-02
2.520171259925514846e+02 1.821416021361815751e+02 2.942027967114046669e-02
2.520074541493921743e+02 1.821121115873796725e+02 3.020869931838943145e-02
2.520283592157965131e+02 1.821080430047080370e+02 2.890450425128241255e-02
2.520089761787646694e+02 1.820666727566579937e+02 2.757641767971330191e-02
2.520455020729393709e+02 1.821143278757641895e+02 3.048134354578033861e-02
2.520587857494202808e+02 1.821630201672405178e+02 2.829597357880683089e-02
2.520583290000702732e+02 1.823023694750895913e+02 2.747804089663410942e-02
2.520790260698475151e+02 1.824339189094230846e+02 3.074836624270957733e-02
2.520721045604665846e+02 1.824518670508045943e+02 3.171667486473192521e-02
2.520613407350151078e+02 1.824133272433419961e+02 3.211720891012578155e-02
2.520348801911320322e+02 1.823504293443889992e+02 3.351415922985032797e-02
2.520548956503407965e+02 1.823180549504602652e+02 3.314875974984189677e-02
2.520310350642962476e+02 1.823215262455203458e+02 3.016232169208066943e-02
2.520142084182418785e+02 1.822360663340594442e+02 2.872742604173986539e-02
2.520362616822429800e+02 1.822305965849202494e+02 2.872461527650902943e-02
2.520154001826997501e+02 1.821276452814278741e+02 2.578174407982573163e-02
2.519971498840559434e+02 1.820682172721523386e+02 2.398707047993816482e-02
2.520054346145738293e+02 1.820689832056777391e+02 2.664324362307638264e-02
2.520003302649146235e+02 1.820140355561801755e+02 2.806830159510926778e-02
2.520009050664043286e+02 1.820045885742393352e+02 2.779003583725669219e-02
2.519850439182067419e+02 1.819434979973297857e+02 2.900850256482327347e-02
2.520100920525613049e+02 1.819978680345724058e+02 2.937109127960087218e-02
2.520508003653994820e+02 1.821908748506780853e+02 3.154100203780479256e-02
2.520885981308411203e+02 1.823844564682734983e+02 3.098306513948422339e-02
2.520752484013772801e+02 1.824169896704377720e+02 3.042091209331740723e-02
2.520523055301806039e+02 1.823445183051085792e+02 2.981659756868807604e-02
2.520702522661794660e+02 1.824070746960859992e+02 2.981659756868807604e-02
2.520701524840137608e+02 1.825067570796149141e+02 3.003583725669313476e-02
2.520882931628135850e+02 1.825754156419085064e+02 3.145667908087976944e-02
2.520743222542337207e+02 1.825351514299768212e+02 2.938373972313962357e-02
2.520816808376080473e+02 1.825523715831635059e+02 2.880331670297238411e-02
2.520854514791652150e+02 1.826242653362377837e+02 3.222963951935914340e-02
2.520766453516970103e+02 1.826776347410582559e+02 2.902817792143911127e-02
2.520915255428290322e+02 1.827299599465954714e+02 2.862764387604525493e-02
2.520930307076101542e+02 1.827376923617454736e+02 2.967465392453095402e-02
2.520439097744360879e+02 1.826399718923476883e+02 3.015248401377275053e-02
2.520455793689831978e+02 1.826035781041388475e+02 2.960016864591384980e-02
2.520539413955449390e+02 1.825807771765863379e+02 2.839856650973227384e-02
2.520276846321411028e+02 1.826211945752231145e+02 2.560747663551402042e-02
2.520046841402571829e+02 1.825680430047080449e+02 2.724193661724404539e-02
2.520534087555336953e+02 1.826491167170262031e+02 2.881877591174197145e-02
2.520667092966060068e+02 1.826928592509310647e+02 3.106457733117841402e-02
2.520490998524348356e+02 1.826272053966692397e+02 2.744290633124868081e-02
2.520279671140467883e+02 1.826051647811116538e+02 2.704096690323940649e-02
2.520234361604946969e+02 1.825583290000702732e+02 2.655751528353594154e-02
2.520268484294849145e+02 1.825772890169348557e+02 3.081020307778792669e-02
2.520146159792003289e+02 1.825567367015669902e+02 2.765792987140748907e-02
2.520435317265125548e+02 1.826285503478322028e+02 2.606844213337081162e-02
2.520504897758414700e+02 1.827589993675778146e+02 2.442133370810203180e-02
2.520725936336167479e+02 1.827980352751036435e+02 2.796711404679924282e-02
2.520396641135549203e+02 1.827040615557585568e+02 2.548801911320356869e-02
2.520299135689691639e+02 1.826010793338486451e+02 2.824819056988265090e-02
2.520315705150727297e+02 1.826432661091982368e+02 2.802473473403134172e-02
2.520135296184386107e+02 1.826294160635233084e+02 2.799662708172299952e-02
2.520247614363010200e+02 1.826238212353313202e+02 2.942168505375588466e-02
2.520496606000983775e+02 1.826777120371021113e+02 2.860234698896774522e-02
2.520667388096409240e+02 1.827490787716955936e+02 2.836905347480851713e-02
2.520724924460684520e+02 1.828567198369756284e+02 3.006394490900147695e-02
2.520933441079333761e+02 1.829723772046939700e+02 2.956081793268217420e-02
2.520952751036469692e+02 1.830583402431311981e+02 2.913779776544164063e-02
2.520906907455554915e+02 1.829774155013702455e+02 2.997681118684561788e-02
2.520627489283957630e+02 1.829566298924882233e+02 3.031691377977654284e-02
2.520488356405031141e+02 1.829229892488230007e+02 2.490900147565174721e-02
2.520189768814559841e+02 1.828669594547115480e+02 2.606984751598622613e-02
2.520193057409879884e+02 1.828812943573888106e+02 2.922071533975124577e-02
2.520283451619703499e+02 1.828889452603471284e+02 2.686529407631227731e-02
2.520207350151078742e+02 1.828806773944206441e+02 2.809359848218677402e-02
2.520566973508537671e+02 1.829985313751668912e+02 2.783219731571920375e-02
2.520591370950741350e+02 1.830876776052280093e+02 2.711545218185651071e-02
2.520315972173424086e+02 1.830649525683367358e+02 2.709999297308692337e-02
2.520556180170051164e+02 1.831373536645351692e+02 2.704377766847024245e-02
2.520863902747522900e+02 1.833084702410231159e+02 2.954535872391258686e-02
2.520864197877872357e+02 1.833694511980886830e+02 2.768884828894666722e-02
2.520803007518796903e+02 1.833646082495959604e+02 2.841121495327102869e-02
2.521127144965216758e+02 1.834643819829948654e+02 2.982081371653432650e-02
2.520352694821165187e+02 1.835535788068301599e+02 2.541353383458646448e-02
2.520047094371442711e+02 1.833629386550488505e+02 2.574660951444030649e-02
2.520024847164640676e+02 1.832943419295903311e+02 2.380577612254936373e-02
2.519524446630595094e+02 1.830736476705783105e+02 2.449160283887288209e-02
2.519535408614995333e+02 1.829768744290633151e+02 2.676551191061766685e-02
2.519634235120511505e+02 1.828700583233785437e+02 2.582531094090366117e-02
2.519700597287611572e+02 1.828926259574168967e+02 2.674162040615557512e-02
2.519741016091630854e+02 1.829409893893612491e+02 2.778581968941044172e-02
2.519907202585904145e+02 1.829491715269482199e+02 2.890872039912866301e-02
2.520007504743166464e+02 1.829681680837608155e+02 2.504391820673178282e-02
2.520086585622935900e+02 1.830504152905628530e+02 2.610779284660248722e-02
2.520333989178553793e+02 1.831025859040123578e+02 2.870212915466235568e-02
2.520185566720539612e+02 1.831038029653573176e+02 2.831564893542266870e-02
2.519984540791230359e+02 1.830453067247558181e+02 2.308200407560958428e-02
2.520345035485910898e+02 1.830905712880331748e+02 2.449581898671913602e-02
2.520208867964303181e+02 1.830710744150094911e+02 2.558920666151359713e-02
2.520607532850818586e+02 1.832296577893331460e+02 2.770711826294708705e-02
2.520707413393296292e+02 1.833255189375307452e+02 2.744150094863326630e-02
2.520585369966973417e+02 1.832818832127046562e+02 2.604595601152413786e-02
2.520888286135900387e+02 1.833615417047291203e+02 2.776895509802543641e-02
2.520970037242639421e+02 1.834903871829105526e+02 2.970838310730096118e-02
2.521055878012788867e+02 1.835921804511278310e+02 2.831986508326891916e-02
2.520607743658210893e+02 1.835300976740917633e+02 2.740074485278617272e-02
2.520923870423722803e+02 1.835634881596514560e+02 2.831424355280725072e-02
2.520904672897196122e+02 1.835848443538753543e+02 2.514229498981097530e-02
2.520761267655119013e+02 1.836267992410933800e+02 2.589136392382826099e-02
2.520599592439041601e+02 1.836111994940622480e+02 2.655610990092052703e-02
2.520282088398566600e+02 1.835717841332302669e+02 2.717166748647319163e-02
2.520198187056426207e+02 1.834925781744079814e+02 2.824116365680556448e-02
2.520321720188321137e+02 1.834492558499051427e+02 2.740355561801700521e-02
2.520314496521677938e+02 1.834720005621530561e+02 2.511137657227180062e-02
2.519866713512753904e+02 1.833603316702972279e+02 2.536434544304686997e-02
2.520099234066474594e+02 1.834007139343686390e+02 2.550488370458857401e-02
2.520124320146159675e+02 1.835128423863396847e+02 2.598692994167662099e-02
2.520293092544445130e+02 1.835247024102311855e+02 2.750193240109619769e-02
2.520380535450776449e+02 1.836085124025015887e+02 2.805986929941676686e-02
2.520004693977935517e+02 1.835307849061907177e+02 2.600098376783079035e-02
2.520188658562293540e+02 1.835308917152694903e+02 2.662637903169137732e-02
2.520263734101609145e+02 1.834326554704518344e+02 2.453938584779706208e-02
2.520281694891434086e+02 1.833612943573888003e+02 2.712107371231817915e-02
2.519928789262876876e+02 1.832618621319654153e+02 2.815543531726512685e-02
2.519724137446419832e+02 1.831431199494062128e+02 2.703393999016232008e-02
2.519813491673108103e+02 1.831753004005340415e+02 2.646194926568758501e-02
2.520144613871126467e+02 1.832530096268709201e+02 2.968449160283887292e-02
2.520039589628276246e+02 1.831407040966903139e+02 2.536715620827770246e-02
2.519892628768182021e+02 1.830661668189164573e+02 2.712669524277984759e-02
2.519959468765371469e+02 1.830517532148127202e+02 2.523926639027475327e-02
2.519987407771765788e+02 1.829015655962335813e+02 2.621741269060501658e-02
2.519898208137165341e+02 1.829086135900498959e+02 2.833813505726934245e-02
2.519793212001967504e+02 1.829076621460192484e+02 2.719415360831986539e-02
2.519634727004427077e+02 1.827955814770571408e+02 2.761717377556039549e-02
2.519628107652308415e+02 1.827506303141030060e+02 2.551612676551191089e-02
2.519430862202234493e+02 1.825963530321130008e+02 2.538683156489354373e-02
2.519649160283887284e+02 1.827014292741198744e+02 2.685967254585060887e-02
2.520176277141451635e+02 1.828487471013983452e+02 2.779003583725669219e-02
2.520267542688496860e+02 1.828588236947508960e+02 2.618368350783500942e-02
2.520226238493429776e+02 1.828832464338416059e+02 2.787014264633546484e-02
2.520103267514580807e+02 1.828642091209331682e+02 2.795165483802965201e-02
2.519902747523013034e+02 1.827811720891012612e+02 2.566509732274611932e-02
2.520017511067388227e+02 1.826746904644789424e+02 2.895228726020659255e-02
2.520307652308341062e+02 1.827877886304546280e+02 2.750474316632703364e-02
2.520393802262665872e+02 1.827542786873726470e+02 2.360480640854472484e-02
2.520273037734523314e+02 1.828148787857494142e+02 2.767057831494624393e-02
2.520271323167732476e+02 1.828326695242779749e+02 2.607687442906331254e-02
2.520415501370248137e+02 1.827827137938303679e+02 2.640995010891715108e-02
2.519598187056426184e+02 1.824886951022415928e+02 2.678940341507975512e-02
2.519558653643454420e+02 1.822978511699810156e+02 2.442414447333286429e-02
2.519565076242006967e+02 1.822607898250298604e+02 2.617244044691167254e-02
2.519442456608811653e+02 1.821694441711755985e+02 2.753425620125079035e-02
2.519864689761787702e+02 1.822651746187899562e+02 3.091279600871337310e-02
2.519989684491602873e+02 1.822985552666713431e+02 2.920385074836624392e-02
2.520150699177851266e+02 1.823769109690113055e+02 2.755533694048204613e-02
2.520412283044058768e+02 1.825056636919401285e+02 2.912936546974913971e-02
2.520500878364134678e+02 1.825857929871407350e+02 3.228585482397582779e-02
2.520345274400955589e+02 1.824917771063171870e+02 3.385566720539667090e-02
2.519973789614222426e+02 1.823886304546412873e+02 2.789122338556672062e-02
2.519707090155294793e+02 1.822728690886093830e+02 2.841402571850186118e-02
2.519687288314243574e+02 1.822128817370529248e+02 2.646476003091841750e-02
2.519984484575925876e+02 1.822181083549996572e+02 2.765371372356123861e-02
2.519910800365399552e+02 1.822893879558709784e+02 2.645632773522591658e-02
2.520237326962265456e+02 1.823440390696367217e+02 2.659264984892137015e-02
2.520376150657016296e+02 1.823682566228655730e+02 2.870493991989319163e-02
2.520312753847235001e+02 1.823391525542828902e+02 2.587168856721242319e-02
2.520222781252196000e+02 1.822615824608249682e+02 2.880331670297238411e-02
2.519781856510435034e+02 1.818133750263509114e+02 2.614433279460333034e-02
2.519808123111517091e+02 1.816567521607757669e+02 2.853348324081230944e-02
2.520076733890801677e+02 1.817001503759398418e+02 2.643805776122549328e-02
2.520157950952146848e+02 1.816700175672826845e+02 2.837748577050101806e-02
2.520175602557796424e+02 1.816249652167802822e+02 3.098306513948422339e-02
2.519996641135549282e+02 1.815598903801559914e+02 2.958189867191342998e-02
2.520092741198791373e+02 1.815144712247909524e+02 2.884547818143489567e-02
2.519968856721242219e+02 1.815476017145667811e+02 2.870775068512402411e-02
2.520071463705994006e+02 1.817439702058885587e+02 2.813294919541845310e-02
2.520413238704237244e+02 1.818540243131192540e+02 3.077506851240250155e-02
2.520688567212423550e+02 1.819752554282903532e+02 3.078490619071042045e-02
2.520810905769095598e+02 1.820595601152413678e+02 2.983346216007308135e-02
2.520683887288314224e+02 1.821087836413463492e+02 3.095776825240671715e-02
2.520454275876607539e+02 1.820963867612957756e+02 2.917855386128873421e-02
2.520149743517672789e+02 1.819936350221347823e+02 2.927833602698334467e-02
2.520062272503689087e+02 1.819133637832900092e+02 2.807813927341718668e-02
2.519692572552877436e+02 1.817361113063031439e+02 2.951444030637340871e-02
2.519893457943925341e+02 1.817293851451057662e+02 2.772117208910125641e-02
2.520074162040615420e+02 1.817728901693486137e+02 2.942168505375588466e-02
2.519679347902466588e+02 1.816611130630314221e+02 2.857705010189023898e-02
2.519683437565877284e+02 1.815938669102663141e+02 2.790668259433630796e-02
2.519592832548661363e+02 1.815017159721734288e+02 2.557515283535942777e-02
2.519723561239547394e+02 1.814587899655681156e+02 2.763403836694540081e-02
2.519941437706415570e+02 1.814447965708664299e+02 2.791652027264422686e-02
2.520101384301876237e+02 1.814754170472911312e+02 3.106036118333216356e-02
2.520025648232731328e+02 1.814267388096409377e+02 2.860094160635233071e-02
2.519872925303913860e+02 1.814324615276509007e+02 2.858688778019815788e-02
2.519977668470241099e+02 1.814675946876537012e+02 2.865153538050734319e-02
2.519753214812732836e+02 1.813743067950249497e+02 2.907455554774787329e-02
2.520086262384934344e+02 1.813768814559763882e+02 2.751036469678870208e-02
2.520244508467430364e+02 1.814045984119176467e+02 3.196121143981448670e-02
2.520321635865364271e+02 1.814684337010751278e+02 3.047010048485700173e-02
2.520195418452673835e+02 1.814458070409669119e+02 3.133581617595390667e-02
2.520079741409598739e+02 1.815247811116576599e+02 3.064296254655329843e-02
2.520310912796008722e+02 1.815929421685053740e+02 3.000070269130770961e-02
2.520595010891715333e+02 1.816300133511348349e+02 2.982081371653432650e-02
2.520283240812311192e+02 1.816967619984540931e+02 2.762701145386831439e-02
2.520598285433209185e+02 1.816909788489916480e+02 2.635935633476213860e-02
2.520578806830159522e+02 1.817093795235752793e+02 2.722928817370529053e-02
2.520247825170402507e+02 1.816553467781603501e+02 2.764949757571498815e-02
2.520487035345372817e+02 1.816798650832689077e+02 3.109409036610217072e-02
2.520508242569039510e+02 1.817296409247417728e+02 3.051928887639659971e-02
2.520391933103787494e+02 1.817467753495889156e+02 2.776333356756376797e-02
2.520744431171386282e+02 1.818947059236877237e+02 2.906752863467079034e-02
2.520555210456046780e+02 1.818492952006183714e+02 2.698896774646897603e-02
2.520583191623919674e+02 1.818281385707258835e+02 2.727707118262947053e-02
2.520629920595882254e+02 1.818397934087555257e+02 2.748085166186494191e-02
2.520655512613309099e+02 1.818594167662145935e+02 2.698475159862272557e-02
2.520407012859250813e+02 1.818956629892488195e+02 2.847586255358021054e-02
2.520557726090928270e+02 1.819096887077506892e+02 2.957768252406717605e-02
2.520624341226898935e+02 1.819340692853629378e+02 2.708593914693275401e-02
2.520525261752512165e+02 1.818909479305741002e+02 2.784484575925795860e-02
2.520354999648654371e+02 1.818395573044761306e+02 2.545991146089522997e-02
2.520107525823905519e+02 1.817296282762982287e+02 2.733609725247698741e-02
2.519979256552596496e+02 1.816218452673740558e+02 2.738809640924741787e-02
2.519915901904293491e+02 1.815536813997610750e+02 2.927974140959876265e-02
2.519872812873304895e+02 1.815554704518305016e+02 2.743306865294076191e-02
2.520314960297941127e+02 1.816974422036399517e+02 2.870212915466235568e-02
2.520466095144403198e+02 1.818101384301876067e+02 2.614995432506499878e-02
2.520656833672967423e+02 1.817782868385918107e+02 2.793479024664465016e-02
2.521006057199072359e+02 1.818736336167521586e+02 2.952568336729674559e-02
2.520641360410371590e+02 1.819175363642751790e+02 2.720539666924320227e-02
2.520533820532639879e+02 1.818572328016302322e+02 2.786452111587379640e-02
2.520441782025156385e+02 1.818556433138922159e+02 3.229428711966832871e-02
2.520068512402501710e+02 1.817814264633546486e+02 2.881596514651113897e-02
2.520113962476284257e+02 1.817174984189445581e+02 2.859250931065982632e-02
2.520161914131122103e+02 1.817858253109409077e+02 2.900569179959243751e-02
2.520247445717096468e+02 1.818444227390907315e+02 2.985032675145808320e-02
2.520034783219731480e+02 1.817362335745906705e+02 2.900428641697702301e-02
2.520134396739512397e+02 1.817552807251774425e+02 2.926990373129084375e-02
2.520189347199775227e+02 1.817305473965286922e+02 3.128943854964513771e-02
2.520097660037945388e+02 1.817224790949335897e+02 3.079052772117208889e-02
2.519997301665378302e+02 1.816163066544866922e+02 2.871196683297027458e-02
2.519909633897828769e+02 1.815560087133722220e+02 2.745836554001827162e-02
2.519919836975616647e+02 1.814997610849553666e+02 2.738106949617033145e-02
2.519952315367858944e+02 1.814449891082847444e+02 2.658983908369053420e-02
2.520171189656383888e+02 1.814861387112641467e+02 2.619914271660459676e-02
2.520195854121284640e+02 1.815006773944206202e+02 2.947508959314173310e-02
2.519981125711474874e+02 1.814917953762912077e+02 3.042793900639449017e-02
2.520303112922493085e+02 1.814979284660248879e+02 3.006956643946314539e-02
2.520227222261260636e+02 1.814858927693064459e+02 2.929520061836834999e-02
2.520253095355210462e+02 1.815412901412409497e+02 3.190359075258238780e-02
2.520100934579439240e+02 1.814577204693977990e+02 3.029723842316070503e-02
2.520355870985875981e+02 1.814379087906682457e+02 3.022134776192818631e-02
2.520239392874710234e+02 1.815093542266882025e+02 2.791792565525964484e-02
2.520233813505726914e+02 1.815158063382756097e+02 2.868807532850818631e-02
2.520316056496381236e+02 1.815700021080739361e+02 2.778441430679502375e-02
2.520377078209542674e+02 1.816188251001335061e+02 2.927411987913709421e-02
2.520586972103155006e+02 1.816547888412620466e+02 2.964514088960719385e-02
