2.482837006207902775e+01 6.738456423537265927e+00 1.475480129865235135e+01
2.472667459928606348e+01 6.677968405920390538e+00 1.468985522072244265e+01
2.470896215494451553e+01 6.653547334586041195e+00 1.472934916626734392e+01
2.473082845620817238e+01 6.641846272297032172e+00 1.469512224669010614e+01
2.477065217976536005e+01 6.519443442397876431e+00 1.491057362529680042e+01
2.185434714721828797e+01 5.181917665871609735e+00 1.241304494133989422e+01
1.776767071732774994e+01 3.582828122392061498e+00 1.017267311326595980e+01
1.707850331931664556e+01 3.609921068642283792e+00 9.635941226828046879e+00
1.698387049011742889e+01 3.728201000371504925e+00 9.593335253673323848e+00
1.713345106632710824e+01 3.873524075140929668e+00 9.643090006514798418e+00
1.680216011328211323e+01 3.749223339130247634e+00 9.563612159521028389e+00
1.599461183108904727e+01 3.439590052279910104e+00 9.056152446279835289e+00
1.532225368947563915e+01 3.249193726410776861e+00 8.706484108737905458e+00
1.522594639559362761e+01 3.226265405344288073e+00 8.646704104322918027e+00
1.481936241122914311e+01 3.054772762759044191e+00 8.361320942653621913e+00
1.425928224152134050e+01 2.815213938437848284e+00 8.141784354792683587e+00
1.397474438838966115e+01 2.760163892941942976e+00 7.919982393892241568e+00
1.416542472715917178e+01 2.812962025725377124e+00 7.905346980310233640e+00
1.470927039643355094e+01 2.981556659900609141e+00 8.250788775164082267e+00
1.536725021671126434e+01 3.223868121099870088e+00 8.586478563083169036e+00
1.586396051278461883e+01 3.432866618927373548e+00 8.768113562087105350e+00
1.632218100370966596e+01 3.589738654290344666e+00 9.004320764977306268e+00
1.675491301936671817e+01 3.758799015780887487e+00 9.328405058929311267e+00
1.731641863770722267e+01 4.022750644749664595e+00 9.541585680365690436e+00
1.784378617462889949e+01 4.193099159537180043e+00 9.914761133036488872e+00
1.827209647285590322e+01 4.329096919738762317e+00 1.008579074037182721e+01
1.862963237154809804e+01 4.467393703797427840e+00 1.031366734686185893e+01
1.905229067845432311e+01 4.626921461683832781e+00 1.049713295034216110e+01
1.922787795252273568e+01 4.671456299702257731e+00 1.060904749341790065e+01
1.776700577717236129e+01 3.894103569140315635e+00 9.639544556374541884e+00
1.291511917773554252e+01 1.878247303896495524e+00 7.372393407670232435e+00
1.205400283205280765e+01 1.751826566378256622e+00 6.862809654823373684e+00
1.151807318110600775e+01 1.733908179033117891e+00 6.471566405177379799e+00
1.155851742573937635e+01 1.800680823341283876e+00 6.545886254852447905e+00
1.179713268113562030e+01 1.888084110891558254e+00 6.593022974086178323e+00
1.192680677969751990e+01 1.979600874382843934e+00 6.547221519294033065e+00
1.207054826604067088e+01 2.025356564063080622e+00 6.711321750273244291e+00
1.303256187712336711e+01 2.319389331883207284e+00 7.060143433244854272e+00
1.369504013869521053e+01 2.603213787682185476e+00 7.339594628791100916e+00
1.388376199988154980e+01 2.652963156392847743e+00 7.529762129100688206e+00
1.386222816869558727e+01 2.640858284292875169e+00 7.631250302857358392e+00
1.413129876003467444e+01 2.733594553413269512e+00 7.711674410841485638e+00
1.472865326735978364e+01 2.962836037064356720e+00 8.043412246743946170e+00
1.564141284976659740e+01 3.255405667336093600e+00 8.441152796248337253e+00
1.622104414448853404e+01 3.451410911479505295e+00 8.805292331382483795e+00
1.671906413038211170e+01 3.634145619201964106e+00 9.092092865488259790e+00
1.725533028950471248e+01 3.839429066768606180e+00 9.291953147293666504e+00
1.767374993942852868e+01 3.969481400520106895e+00 9.537028013632619761e+00
1.811009739892640269e+01 4.079870888543108087e+00 9.782241521340003132e+00
1.850952587344061939e+01 4.222084627768116327e+00 1.004200295050368474e+01
1.896895913983126292e+01 4.415986022796410282e+00 1.020364667179953777e+01
1.938784586310309166e+01 4.625730222741491815e+00 1.045345149705757315e+01
1.980284658996075109e+01 4.748442640162385153e+00 1.076370126688598106e+01
2.006850902649530610e+01 4.886472909745815052e+00 1.088388987298835353e+01
2.035826275635192673e+01 4.973392971555637310e+00 1.103126430159747073e+01
2.066792834798714296e+01 5.079498037484318829e+00 1.130116539511443996e+01
2.020866064361899817e+01 4.792059483877220138e+00 1.106145985322859460e+01
1.492851758726330047e+01 2.617247524645858636e+00 8.286917638950955123e+00
1.271693874474374297e+01 1.934866823524344248e+00 7.060548589088520899e+00
1.180106040456358940e+01 1.823578185655598594e+00 6.428214729905077363e+00
1.247818215591365920e+01 2.082496998347072026e+00 6.821866032057115170e+00
1.300883939676198331e+01 2.303422691957723867e+00 6.941771971291814225e+00
1.326769629194910927e+01 2.424876568801115795e+00 7.179866312031917275e+00
1.339724655550231169e+01 2.520529690789367283e+00 7.309105642030679029e+00
1.362270299519197181e+01 2.626214794514647455e+00 7.561139497445229729e+00
1.421550387388212044e+01 2.815200478110816196e+00 7.784603808734137154e+00
1.449180535290285476e+01 2.919411676026080649e+00 7.833144440077315807e+00
1.459197441461037670e+01 2.860748878754758362e+00 7.930140902703372241e+00
1.477487064625722191e+01 2.940400363967242914e+00 8.122458017239987171e+00
1.536143400940069270e+01 3.157658118461646346e+00 8.382409237014822878e+00
1.625889458410281563e+01 3.513970473426622387e+00 8.772952549655146370e+00
1.698607529168528529e+01 3.809163521436916611e+00 9.278962585674982222e+00
1.776186124018069279e+01 4.078511395512865789e+00 9.545128438440540819e+00
1.856248283808303512e+01 4.338345510442521480e+00 1.003450285628139582e+01
1.924109195557015184e+01 4.564578611001932629e+00 1.042955537847747571e+01
1.974872799909546472e+01 4.763825101894675562e+00 1.072405656567831933e+01
2.035686826647140180e+01 5.017405548885215616e+00 1.110949033817725606e+01
2.095370993533659032e+01 5.247861154034598741e+00 1.145377454490634328e+01
2.160570664024853116e+01 5.406435920767131087e+00 1.190331447092838602e+01
2.245585147336739595e+01 5.744945647199444672e+00 1.255565441417964756e+01
2.368400132449617956e+01 6.241522686035179568e+00 1.339201048828682339e+01
2.472779180642972818e+01 6.665181095239890219e+00 1.396830766000290680e+01
2.495791090340330953e+01 6.578324296967118734e+00 1.442933193704874206e+01
2.186211106385040637e+01 4.741736705234990801e+00 1.213703824348116278e+01
1.858322789410491538e+01 3.845036639010181556e+00 1.019839041409350067e+01
1.791017519961664917e+01 3.744832580452374771e+00 9.790211380975712530e+00
1.786286349613150293e+01 3.878345564283829816e+00 9.766771567482003036e+00
1.825952452740791898e+01 4.056865843612536437e+00 1.004068653051994531e+01
1.855034027706737021e+01 4.197452229299362791e+00 1.012425497089877346e+01
1.864720348245581150e+01 4.259451841641944903e+00 1.020107171123829559e+01
1.911255256257706137e+01 4.449836053216748688e+00 1.038596141731859568e+01
1.992477292428296920e+01 4.794610215849804291e+00 1.093212091680979547e+01
2.009321949486084691e+01 4.823567417393973322e+00 1.105805573652217433e+01
2.004647716320915762e+01 4.779369087551351036e+00 1.101271597094723020e+01
2.012447302819669304e+01 4.826052193764099663e+00 1.093204015484760205e+01
2.055297850116566494e+01 5.000791467229487530e+00 1.129911942540555891e+01
2.116108646375672464e+01 5.265665128599964717e+00 1.172009922953088079e+01
2.171691182408967791e+01 5.459114256639979068e+00 1.202462566830523727e+01
2.211971614862354585e+01 5.598174241241364868e+00 1.235567298943095160e+01
2.241411907543705695e+01 5.691233558210530674e+00 1.261165745082942458e+01
2.260680096483624268e+01 5.710014752518427272e+00 1.264871911527962567e+01
2.281386521366923148e+01 5.783800227210320166e+00 1.277333213087745101e+01
2.329455772057437812e+01 5.967641373814818628e+00 1.310843504853793995e+01
2.412889743769214590e+01 6.365477491641136965e+00 1.356402539156091258e+01
2.459033090867975702e+01 6.495819222423827810e+00 1.384930894681017222e+01
2.311459314815512656e+01 5.739740538736128883e+00 1.278557429831315240e+01
1.792369206002229021e+01 3.670318902068044675e+00 9.666562124793383504e+00
1.690334273761515149e+01 3.356619250421308376e+00 9.124151326380625093e+00
1.641707361722060554e+01 3.341488496804518427e+00 8.896222224615168983e+00
1.647952953464957560e+01 3.428331834750256935e+00 8.838027846724564540e+00
1.672707706306432485e+01 3.543755485083265544e+00 8.956229708556998403e+00
1.695316613812449091e+01 3.645547862230860581e+00 9.175112124524178014e+00
1.722849578153350691e+01 3.794766355643376610e+00 9.328841173525152186e+00
1.777814823588953885e+01 4.025958240681415390e+00 9.655294485034808361e+00
1.789946077929909407e+01 4.074796345252003960e+00 9.724418648475483096e+00
1.775459804771416827e+01 4.015297661671987761e+00 9.624280545520134567e+00
1.762753256053109041e+01 3.905721177401725974e+00 9.675105394360661748e+00
1.774795941442193126e+01 3.995515019032902515e+00 9.765434957007714800e+00
1.833035815238167032e+01 4.258794977682777372e+00 9.991429809778658466e+00
1.920007968513602847e+01 4.593416015635515492e+00 1.041618388960378105e+01
2.018318966677614412e+01 4.920799435743091088e+00 1.089305097156640478e+01
2.046242280502447031e+01 4.916704804259924622e+00 1.118125541778162990e+01
2.084056108027200693e+01 5.039808917197452054e+00 1.146264355438779781e+01
2.102903796350636156e+01 5.062951257463751631e+00 1.172441864847548310e+01
2.123602279640986268e+01 5.240662571137828074e+00 1.174950735203062457e+01
2.133245123323516168e+01 5.257754494403195977e+00 1.194323510884020401e+01
2.155213992279156443e+01 5.313216425906284179e+00 1.216254690923970649e+01
2.162208516618119702e+01 5.320058310136703383e+00 1.219104376759937836e+01
1.989217201221120845e+01 4.313632350011576300e+00 1.098752227684123817e+01
1.436088482805778277e+01 2.348071942755921349e+00 8.157876175759566806e+00
1.374468317082231827e+01 2.349049162498451970e+00 7.896895240966774310e+00
1.347191368161480796e+01 2.355702602150421932e+00 7.756350582293747742e+00
1.358093829247675366e+01 2.451427063871943979e+00 7.686787612191825936e+00
1.386403454458329598e+01 2.599778712223592247e+00 7.705825898746035740e+00
1.404724170978458098e+01 2.677810920094114699e+00 7.751161626222870638e+00
1.411124691085494653e+01 2.707643042895370389e+00 7.677253662554985425e+00
1.474587575579736232e+01 2.966090744140719604e+00 7.987253070300596391e+00
1.508641260748071211e+01 3.081222305377131487e+00 8.222208462776810833e+00
1.517375801562474713e+01 3.094482073536458433e+00 8.186084983120750280e+00
1.516582988300283752e+01 3.084342409183173483e+00 8.284288837081586365e+00
1.540857342069982927e+01 3.174033952328905617e+00 8.336545864718329923e+00
1.610325551469598437e+01 3.428010132934189880e+00 8.717396395862833103e+00
1.708934292067560179e+01 3.816323069385293643e+00 9.309790772676613813e+00
1.792203509376463799e+01 4.163633157631197790e+00 9.678551238080880026e+00
1.870927847262976940e+01 4.417831433632511740e+00 1.015584366637771829e+01
1.941915189171436040e+01 4.663295303422692051e+00 1.041654462636824263e+01
1.980250200558872820e+01 4.764111806860459097e+00 1.073521113868982546e+01
2.012554850832655973e+01 4.831689378725145367e+00 1.092156398231851355e+01
2.035789125132584232e+01 4.922018941372199308e+00 1.103589869219462472e+01
2.070419316107703978e+01 5.030249392939250441e+00 1.116650020728903669e+01
2.109864131458937919e+01 5.241452692334612529e+00 1.145156301317496883e+01
2.155768692356149430e+01 5.446944774970252645e+00 1.169296455626685827e+01
2.123720192105787419e+01 5.264381013401101761e+00 1.143766657154702315e+01
1.605678238958493864e+01 2.880581324603862736e+00 8.720941846003089637e+00
1.450674227781038184e+01 2.462533179706134057e+00 8.050371235819545390e+00
1.396141866462787640e+01 2.470116727956022551e+00 7.677163478363870475e+00
1.400178618539715991e+01 2.579421313620235523e+00 7.554613930900065277e+00
1.440834728720568947e+01 2.738140105852011619e+00 7.749199110541590052e+00
1.459213190043665342e+01 2.840500508800361867e+00 7.874238818506334781e+00
1.449748830297580859e+01 2.859853767007123349e+00 7.816930130134442045e+00
1.506753180675277726e+01 3.073103036111365149e+00 8.047521684586849133e+00
1.580405128923012370e+01 3.310010176007236460e+00 8.481197269168852415e+00
1.599538714592609701e+01 3.409004151164856555e+00 8.571240126850122820e+00
1.606543872589928412e+01 3.428594311127383332e+00 8.727129558339749238e+00
1.635987126543226466e+01 3.517063656578600206e+00 8.753429691327781370e+00
1.719219193349521646e+01 3.804958515272086839e+00 9.208501811760019251e+00
1.798116900248208339e+01 4.089760190813596097e+00 9.688032692442295257e+00
1.852711044467536539e+01 4.277947677016761041e+00 9.863938976261367841e+00
1.901166741147142858e+01 4.433732117955537788e+00 1.004172297570141836e+01
1.961892737345946713e+01 4.613508245796340113e+00 1.039308193031857819e+01
2.000466669538203135e+01 4.784991466152662021e+00 1.069361738212791657e+01
2.047723185682519187e+01 4.992611626492077015e+00 1.102170881543738012e+01
2.095763092860104138e+01 5.175221153173137800e+00 1.135755339711733569e+01
2.178504665349349168e+01 5.498190932046885138e+00 1.181245457139626609e+01
2.301976918231205360e+01 5.939482369663653394e+00 1.279078479090727960e+01
2.402244644135873841e+01 6.251588318589788251e+00 1.327443991579219329e+01
2.259356407923286980e+01 5.515203439382763584e+00 1.224450145640738441e+01
1.801149511928541713e+01 3.577492448756534937e+00 9.708660643618998165e+00
1.724933236777920698e+01 3.483318616709111470e+00 9.289677005992537318e+00
1.689971652551270509e+01 3.511662027340616277e+00 9.112319698919405297e+00
1.727952657337762687e+01 3.835023501730998152e+00 9.253883304348763161e+00
1.754686751269308687e+01 3.885358394667556947e+00 9.553629980994017501e+00
1.758420511384744600e+01 3.908251718883762216e+00 9.562795117670178868e+00
1.770855026893733353e+01 4.027966521474605877e+00 9.596239992246852424e+00
1.825030016529281696e+01 4.215654629544879128e+00 9.911526616450673899e+00
1.847250862806962601e+01 4.270045119016211643e+00 1.003884515778195308e+01
1.845563610813488253e+01 4.319221077795305952e+00 1.007792721731967234e+01
1.843579827815496586e+01 4.338015732430235083e+00 1.007600642865219065e+01
1.874581518432571769e+01 4.466186312462647301e+00 1.025734126236331001e+01
1.918830593708104715e+01 4.665677781307374872e+00 1.051785243174268203e+01
1.973187836171667797e+01 4.862812346888779835e+00 1.087760390026436141e+01
2.031772967356014803e+01 5.074442338651059536e+00 1.124903489455179795e+01
2.085916190619767363e+01 5.269337105814322797e+00 1.152756674976175155e+01
2.142315768503911499e+01 5.401382913999278834e+00 1.178277724235588053e+01
2.192728192924175445e+01 5.614668525986507674e+00 1.218352617495194679e+01
2.254976821316850888e+01 5.858315251627353781e+00 1.258242565861380236e+01
2.304387797405925653e+01 5.971371230435414290e+00 1.282989646316446830e+01
2.178973353936607182e+01 5.252728408289407902e+00 1.198185009502990894e+01
1.687598327688969491e+01 3.174803883035142160e+00 9.147863038480382514e+00
1.593777694622868601e+01 3.018627746579730875e+00 8.737985312091142376e+00
1.533715157943477436e+01 2.972664767863200108e+00 8.423404009023803596e+00
1.514290560003445840e+01 3.080020298173164583e+00 8.305324636167361163e+00
1.539390570233294397e+01 3.190137887590116961e+00 8.417461274639128632e+00
1.552597843117196419e+01 3.280000376889157021e+00 8.527631359331506289e+00
1.583899026010736044e+01 3.355791440308833806e+00 8.627007607776839393e+00
1.676134974775347075e+01 3.705039815647360957e+00 9.190318255972346861e+00
1.691030172669075071e+01 3.761632414621145504e+00 9.221399497122181543e+00
1.669411945232621264e+01 3.704774647204828408e+00 9.061850202712525615e+00
1.649168824805767386e+01 3.591907112975216698e+00 9.019312877225665659e+00
1.664675659959834420e+01 3.650062455917428839e+00 9.124859339582513940e+00
1.724601305113309024e+01 3.920077962214170153e+00 9.453085376162299269e+00
1.812731046513506072e+01 4.285937727143018350e+00 9.872548201431101234e+00
1.879007004754187449e+01 4.520751786185397414e+00 1.015847650634519894e+01
1.928136525405021118e+01 4.710620467234871711e+00 1.047661402781442064e+01
1.987764966537627132e+01 4.889575515126715288e+00 1.085813622927782696e+01
2.028189559093527805e+01 5.064757633351460342e+00 1.105563556972180272e+01
2.047375909245090853e+01 5.146621996328022419e+00 1.121863878404789716e+01
2.062188999143923240e+01 5.163308763749723695e+00 1.125628328065858774e+01
2.085787644496610582e+01 5.235540916702111858e+00 1.142987035013002739e+01
2.123355821053028336e+01 5.354834411056851096e+00 1.175190867437315312e+01
1.966883557402910654e+01 4.406675514588302534e+00 1.082057249462932980e+01
1.446482547339970104e+01 2.483966058439355695e+00 8.143601498942018679e+00
1.335760185429465174e+01 2.256158099617188384e+00 7.539678352025240393e+00
1.246903182559723433e+01 2.090314756287318776e+00 7.113027712121293256e+00
1.221021531139120597e+01 2.109439188934534304e+00 6.786430375112393776e+00
1.232575606656939371e+01 2.170396971964831057e+00 6.873202373324862613e+00
1.248839585206562219e+01 2.234057588663174165e+00 6.915627978097355744e+00
1.279061384475397212e+01 2.323252445741421646e+00 7.065240859091912462e+00
1.394832580452374593e+01 2.722123662716509518e+00 7.625905206992909413e+00
1.464196876127302360e+01 2.916930937754063535e+00 7.915143406324199660e+00
1.445809665591635174e+01 2.860114897351546226e+00 7.905341596179420449e+00
1.412727546828477720e+01 2.714289752383824084e+00 7.767332863119242425e+00
1.348387049011742711e+01 2.525016017789168288e+00 7.309088143605537269e+00
1.334824827304004202e+01 2.480998056328776347e+00 7.142311999612342532e+00
1.367132035039923288e+01 2.554814489772843533e+00 7.376815125100279147e+00
1.399578153350813814e+01 2.669929898616816732e+00 7.523139648200892537e+00
1.455852280987018865e+01 2.854409064722636558e+00 7.712959872073051670e+00
1.541692689965595342e+01 3.118207245963247942e+00 8.075403406001152362e+00
1.629911942540556069e+01 3.508599802940812307e+00 8.565749659453725684e+00
1.677116232615987812e+01 3.731125929435581412e+00 8.954310265922220680e+00
1.792187356984025115e+01 3.942722270380281113e+00 9.519563239308462599e+00
1.831513452250835883e+01 4.024765655706371348e+00 9.590493778636846045e+00
1.876742573937576353e+01 4.233251315073951027e+00 1.002003165868917911e+01
1.913922823868928802e+01 4.469144892344304232e+00 1.013628042706925569e+01
1.935971108754058179e+01 4.515749928660266477e+00 1.034849998115554293e+01
1.952933139863566225e+01 4.568986868104947696e+00 1.063426272404714368e+01
1.674628091164102983e+01 3.145219430251277259e+00 9.305093118542407282e+00
1.432708594688016568e+01 2.358094502264027170e+00 8.102894777931524573e+00
1.384425728607502215e+01 2.328930011683564061e+00 7.765375731568774142e+00
1.387039454910596525e+01 2.467557919787219056e+00 7.669028056705665897e+00
1.412687031244111147e+01 2.656534181154465379e+00 7.791251864255293924e+00
1.426641352278294939e+01 2.755265679934959522e+00 7.799691489304423797e+00
1.422912572483861027e+01 2.785481422056630407e+00 7.828170849238953011e+00
1.446117772477400187e+01 2.924008377707544959e+00 7.914835164835165138e+00
1.498283404493595583e+01 3.123240062240552284e+00 8.131444131566620825e+00
1.505438779740592636e+01 3.147797082877925590e+00 8.295594165755851179e+00
1.492203240169923184e+01 3.084043589923060935e+00 8.246426283172976213e+00
1.509627364306443198e+01 3.105212646246453101e+00 8.215424457952630988e+00
1.564388954994050529e+01 3.323125918667320100e+00 8.472606888456962082e+00
1.626461926118956924e+01 3.552196456165098937e+00 8.841042959979755977e+00
1.705866279727132095e+01 3.857338031884822716e+00 9.273982264673103160e+00
1.792023544804044732e+01 4.168026608374477249e+00 9.796288718630707493e+00
1.854476366357797090e+01 4.339385993722103763e+00 1.004143896280104009e+01
1.896237838594526437e+01 4.423986841184293084e+00 1.030421954331802503e+01
1.947276841238134892e+01 4.632091573296865050e+00 1.051455465161981628e+01
1.998244234941932262e+01 4.810473211257140669e+00 1.082771858225067518e+01
2.020009987562657727e+01 4.899960157431984875e+00 1.102633378380561169e+01
2.048626104419832927e+01 5.006609020572764024e+00 1.116916265997598678e+01
2.093890088353586520e+01 5.199685297553989116e+00 1.142174973483155753e+01
2.157997722512666172e+01 5.386599436819916598e+00 1.192576091228712443e+01
2.152335501343340596e+01 5.355204570050234203e+00 1.174345828106239686e+01
1.732119436173821114e+01 3.297879729285902783e+00 9.342001335264441764e+00
1.587944392696964968e+01 2.904597240094545452e+00 8.762212554716230173e+00
1.529683386187550731e+01 2.944286360381411782e+00 8.403251207391335242e+00
1.540837286182705057e+01 3.081993582116071106e+00 8.430076293133618393e+00
1.563945168011801989e+01 3.223076653870382557e+00 8.645204623891542539e+00
1.580523849007435544e+01 3.335354625775988069e+00 8.718879723901771683e+00
1.590344503610059768e+01 3.410915517603415825e+00 8.628827443991578861e+00
1.662621614054734920e+01 3.673282866080514353e+00 8.889916061400628067e+00
1.728574928256457000e+01 3.901819028595118866e+00 9.230272544701746185e+00
1.742371898067635527e+01 3.961088886615589111e+00 9.326206987524969350e+00
1.743421534369598902e+01 3.903183905756174354e+00 9.318869763259767680e+00
1.756718049221723987e+01 3.943816594967991307e+00 9.499508698063328538e+00
1.813596949351481413e+01 4.196924584479704734e+00 9.747570410970704202e+00
1.896797518992521603e+01 4.463856329853389759e+00 1.032722189618318964e+01
1.972992526826431714e+01 4.808629146453742287e+00 1.080080331231727619e+01
2.033735886847106755e+01 5.051675541508956258e+00 1.117473523536727775e+01
2.078537912357118600e+01 5.170975766027211762e+00 1.141588910844177818e+01
2.127568095794455516e+01 5.300295857988166048e+00 1.170698348687079715e+01
2.174482181219075017e+01 5.547886459449419050e+00 1.201047348046368057e+01
2.224656627057411029e+01 5.640181229843160615e+00 1.240712374347847202e+01
2.254189257582202188e+01 5.732271403266013365e+00 1.254187642342958320e+01
2.191843311025084517e+01 5.410702844436308112e+00 1.206407115667282248e+01
1.717444583833608718e+01 3.312263434752410696e+00 9.247232556762199351e+00
1.571814748211122570e+01 2.881950239863027896e+00 8.549813978280417004e+00
1.503863786874565989e+01 2.785897346161922528e+00 8.189226623450043263e+00
1.493815921951639680e+01 2.937836171667626672e+00 8.123594068841496707e+00
1.517538671519563209e+01 3.055848242888909105e+00 8.164704599662952589e+00
1.515765408036353712e+01 3.094090378019824339e+00 8.224169632425390120e+00
1.509627498909713594e+01 3.078122392061637402e+00 8.197547797621291821e+00
1.658478929204063945e+01 3.512536948597702935e+00 8.934238226251945747e+00
1.651969515051337822e+01 3.520525652691257612e+00 8.866643155962117717e+00
1.629501537169347003e+01 3.461076772321260098e+00 8.729556455303638884e+00
1.631151504056942514e+01 3.561494850078877672e+00 8.776073999493892330e+00
1.650147525184272013e+01 3.611447469727724346e+00 9.020539113018289257e+00
1.671892279694827366e+01 3.712807770377589023e+00 9.139333229240136802e+00
1.710420850584985786e+01 3.884670571956216456e+00 9.241898229159374978e+00
1.761466314185569360e+01 4.083622281686955624e+00 9.489272119355412372e+00
1.806060377642935322e+01 4.243380211165610483e+00 9.722726685367547361e+00
1.839304558743559070e+01 4.389236314885506474e+00 9.891813967512154804e+00
1.881011516655808791e+01 4.489914176954843406e+00 1.011397397311165136e+01
1.904358319289725543e+01 4.571879492384146815e+00 1.030298657736188339e+01
1.920629566415945533e+01 4.547905303907263885e+00 1.035800835617102145e+01
1.942210104936709669e+01 4.637576656562448107e+00 1.051438235943380484e+01
1.981042071598171717e+01 4.832781011247448966e+00 1.069707668617516738e+01
2.066922457748033537e+01 5.143725333950714074e+00 1.122694111376129911e+01
2.163915689895601702e+01 5.491359816078091427e+00 1.187237860131049771e+01
2.045295615702278980e+01 4.865225783525636949e+00 1.103874555136191660e+01
1.505969789642009182e+01 2.564748211122537480e+00 8.264223527574825923e+00
1.387889205356133360e+01 2.268421803576139872e+00 7.774522023787089786e+00
1.246973580070101306e+01 1.964348977822765185e+00 6.856841345817337618e+00
1.228982910768799997e+01 1.996348213276189831e+00 6.704346608805207275e+00
1.254163952167381879e+01 2.147531914435393041e+00 6.739976094459191103e+00
1.265557042173896640e+01 2.179539226085037029e+00 6.750492647969375426e+00
1.279300170676946813e+01 2.255108194108684128e+00 6.946048317189914556e+00
1.387059510797874395e+01 2.609820116189542905e+00 7.430843531774447897e+00
1.493794789238199350e+01 2.950996333406916250e+00 7.959639209394231862e+00
1.523521921488604569e+01 3.044366583930523174e+00 8.115567675832252803e+00
1.539362976562878593e+01 3.091314858585804348e+00 8.280758193301064551e+00
1.564043159192595667e+01 3.215253511799322617e+00 8.376824547329201565e+00
1.621760637696453600e+01 3.406034803021574131e+00 8.782887617037543393e+00
1.689193376442274186e+01 3.671044413695075281e+00 8.997789814301327738e+00
1.760124588787009259e+01 3.924530638396390270e+00 9.302958310675116138e+00
1.805726830739079602e+01 4.088408773979572253e+00 9.654599932159952047e+00
1.859847036843607171e+01 4.287133004183469431e+00 9.911593918085833010e+00
1.908404089785765478e+01 4.411992343765984259e+00 1.018939487753794459e+01
1.941061535231060020e+01 4.540177730158132086e+00 1.036263601660465916e+01
1.967813127587747957e+01 4.605819706995601059e+00 1.065185671751080854e+01
1.990247723858698947e+01 4.695095326036041072e+00 1.067099999461586890e+01
2.025372985662059477e+01 4.842428027631359377e+00 1.092941673710904560e+01
2.109474858801169361e+01 5.188209022726415931e+00 1.160294323510884063e+01
2.221953927992634448e+01 5.675359794541567915e+00 1.215516795796070681e+01
2.161429836699312546e+01 5.208382014849433084e+00 1.164205894546413944e+01
1.736897448460407745e+01 3.329018849841975936e+00 9.070182145145398778e+00
1.642671928757181021e+01 3.119833253468726308e+00 8.738168372538778428e+00
1.603774544906342925e+01 3.185496766829446713e+00 8.585271171748388497e+00
1.630138345241235953e+01 3.319385293785097613e+00 8.627123366589314557e+00
1.670381357985473514e+01 3.498294576565032177e+00 8.949861627838110678e+00
1.684677705929543379e+01 3.583172706764083504e+00 8.985423811856932730e+00
1.701849852744022229e+01 3.667266099897163123e+00 8.965964217066618502e+00
1.775154659157598758e+01 3.960532975109163356e+00 9.492310115166558759e+00
1.834596674760809876e+01 4.163822948242350108e+00 9.782439388147373904e+00
1.832413005906391490e+01 4.162106756545757236e+00 9.826398124168825632e+00
1.831707684769909150e+01 4.147873806742008895e+00 9.867981112469108140e+00
1.860239674583133507e+01 4.254744765278816843e+00 1.003582600642865152e+01
1.906878092510135758e+01 4.453691090878743708e+00 1.018063355067274678e+01
1.953188751473905782e+01 4.606643479009965958e+00 1.054136089290425460e+01
2.018895472484399534e+01 4.821573942960518444e+00 1.080176303363466594e+01
2.056589099288756373e+01 4.939581976083690762e+00 1.100906149215801300e+01
2.089515078258341418e+01 5.053107720305172634e+00 1.134941662942642893e+01
2.208186167091115593e+01 5.326600029074306519e+00 1.199970925693610724e+01
2.257980089484254194e+01 5.576211025623078577e+00 1.216881134544044940e+01
2.315899472893593369e+01 5.697895074058719089e+00 1.272581717645411992e+01
2.353579908577458824e+01 5.895625932127646962e+00 1.294715206400654672e+01
2.252580883105136067e+01 5.226654408795516460e+00 1.234246975464515828e+01
1.788988914074656478e+01 3.560294188907613844e+00 9.980000646095698258e+00
1.695843585615756055e+01 3.481928164926694880e+00 9.518246819324723162e+00
1.648847257592970550e+01 3.330662355772596062e+00 9.301239426913117114e+00
1.647158121153711718e+01 3.318767464774324161e+00 9.297405925774372193e+00
1.663387910472672715e+01 3.372537433169476184e+00 9.416509629517959112e+00
1.668856975949087484e+01 3.403937684069972214e+00 9.380970328055090235e+00
1.691978318105216772e+01 3.562488222213846978e+00 9.300384696146577923e+00
1.753288761703754517e+01 3.811287561042583150e+00 9.424624860685614891e+00
1.762714759517797347e+01 3.883091675595350178e+00 9.419349758521732952e+00
1.762190210573356097e+01 3.906336314347093275e+00 9.429827277083523640e+00
1.760165373577916625e+01 3.852068313851753523e+00 9.390385826814048542e+00
1.772684689147207493e+01 3.943085699210147954e+00 9.403042572322336312e+00
1.805393014628683446e+01 4.051908405166612326e+00 9.626002121347539742e+00
1.857002735138452820e+01 4.269888979222638881e+00 9.918820767669371818e+00
1.918250453613021023e+01 4.544172755221261184e+00 1.025724569404138187e+01
1.978543700297742447e+01 4.781787908319020453e+00 1.060133607206120665e+01
2.027001281423133605e+01 4.961506156753584307e+00 1.096187093161615422e+01
2.087186845491597964e+01 5.087050626982033030e+00 1.125962009572984535e+01
2.146057739418836974e+01 5.291039191088186655e+00 1.165199401284653646e+01
2.182358491581911508e+01 5.491654597240094304e+00 1.181001421410534569e+01
2.191488631407788645e+01 5.429634794406965170e+00 1.188991740743333025e+01
1.924582729862004626e+01 4.041963915555291997e+00 1.020495232352165260e+01
1.441101243195804749e+01 2.356479263020174297e+00 8.028643575924320430e+00
1.375530471488335316e+01 2.225515665128599885e+00 7.602805939773112698e+00
1.334114795053060654e+01 2.226803818425572512e+00 7.267653218902606405e+00
1.329765224975906079e+01 2.334514701369184486e+00 7.214945270310287206e+00
1.352857762032186351e+01 2.459625749067199330e+00 7.234566389024987387e+00
1.360079765897992310e+01 2.449663761030738129e+00 7.255233375150083042e+00
1.386510060248423848e+01 2.532358626185181816e+00 7.408496696835745965e+00
1.483547980681738565e+01 2.876485347087992750e+00 7.834540275990545588e+00
1.500941953685706665e+01 2.916247153140832715e+00 8.030795882216754222e+00
1.484031071818920999e+01 2.897584409710818321e+00 7.943996963350221208e+00
1.494860443329331190e+01 2.914660180583747540e+00 7.854689039524904715e+00
1.534222477669317541e+01 3.016791757972551835e+00 8.112649476931691694e+00
1.589502560154201483e+01 3.235470923001545263e+00 8.492568553445574153e+00
1.662150233402070754e+01 3.526216678960432116e+00 8.798699463202158455e+00
1.729478385406851970e+01 3.759303778044591482e+00 9.156021342694542042e+00
1.767855393014628618e+01 3.904178623923846736e+00 9.354394258362901837e+00
1.812795521479989702e+01 4.057844409387770135e+00 9.500495340034781577e+00
1.874003397386542957e+01 4.171068642283732864e+00 9.977904873176798972e+00
1.933927427300773871e+01 4.407869445596050539e+00 1.019039363380372620e+01
1.984387366675460740e+01 4.546164883622012098e+00 1.055046411207606738e+01
2.035989414798821784e+01 4.749590806058224146e+00 1.087774792576360383e+01
2.108169610888866075e+01 5.062997022575660644e+00 1.129908442855527539e+01
2.161552325675304687e+01 5.280803958412973564e+00 1.155800189521404597e+01
1.963700593869628719e+01 4.306464725866979926e+00 1.038307956130102205e+01
1.438958359132293552e+01 2.190866091282553718e+00 8.110899634417517490e+00
1.355433934022861031e+01 2.130535559491953279e+00 7.551609585906499333e+00
1.331589637701837603e+01 2.216630503254707119e+00 7.194916303686514247e+00
1.359273492308769171e+01 2.370615298469291421e+00 7.325781641190754812e+00
1.386573054578934006e+01 2.504288460192428900e+00 7.501215467530998993e+00
1.388975992160705530e+01 2.561940386903640121e+00 7.437269491899574980e+00
1.417624548406028140e+01 2.652973924654473237e+00 7.574638859425729009e+00
1.509840979696442709e+01 2.926440658802246464e+00 7.999243529620795989e+00
1.540493778636845690e+01 3.024069756798811071e+00 8.168338887961622774e+00
1.572065244897190084e+01 3.107374374767809311e+00 8.325598580743116983e+00
1.575676246830093064e+01 3.078246227070332797e+00 8.319233192089635409e+00
1.599417975459131824e+01 3.217051811490811986e+00 8.425968201323419393e+00
1.622824003531989945e+01 3.351348186355535663e+00 8.533307579240945628e+00
1.668386402916045341e+01 3.518551022715648013e+00 8.787347023383279776e+00
1.746561021046567319e+01 3.825504358453892806e+00 9.139868950256015978e+00
1.799781135082458050e+01 4.023511153226978720e+00 9.476994955069429238e+00
1.863894422578891152e+01 4.244133989479408342e+00 9.773392702349095629e+00
1.913922285455847572e+01 4.391095186048640464e+00 1.007500094222289277e+01
1.966014558689717973e+01 4.585771895913983265e+00 1.036387167462620695e+01
2.013191389698004130e+01 4.748947402426089148e+00 1.059827115559599697e+01
2.037305296369480700e+01 4.801706500261130550e+00 1.072771912066375499e+01
2.074815055106578754e+01 4.959732085650752964e+00 1.100785679288864038e+01
2.128520817741787852e+01 5.169007866215117986e+00 1.131221093947698542e+01
2.199156575908168421e+01 5.410013675692264989e+00 1.169863943014359542e+01
2.099702257566049823e+01 4.821938717823088361e+00 1.118330542558861929e+01
1.629633044564450728e+01 2.834777177746310439e+00 8.697592216700497758e+00
1.557620429545956320e+01 2.769400369351373570e+00 8.336479909115871223e+00
1.513173487463051359e+01 2.795708578535624156e+00 8.106251783493330976e+00
1.514129978301952839e+01 2.927668240627574470e+00 8.022126085575374432e+00
1.548268867340400945e+01 3.057880752270757174e+00 8.206201441870231150e+00
1.567162186172475202e+01 3.121452530810688408e+00 8.360798681964777046e+00
1.595552573345321967e+01 3.217159494107068696e+00 8.512565215284469744e+00
1.681642402183803497e+01 3.517845701579165762e+00 8.920500616482977208e+00
1.712688915689895452e+01 3.631121083717849807e+00 9.055657106245053711e+00
1.701487231533777233e+01 3.585905153151601077e+00 8.991188869924783944e+00
1.675032304784877013e+01 3.507253770237601653e+00 8.857211504810720726e+00
1.682696480393687821e+01 3.588905460047057350e+00 9.004529400046303422e+00
1.721912739391916247e+01 3.730154093823863537e+00 9.185154874522831747e+00
1.765009072260419742e+01 3.920048349494699380e+00 9.338357624736850937e+00
1.803567255870048669e+01 4.036337498855871786e+00 9.526226101189354978e+00
1.833901987282683166e+01 4.110591392928482968e+00 9.664529615411536767e+00
1.848841469652346703e+01 4.131574696738831598e+00 9.794277745772111743e+00
1.863572989969364357e+01 4.186712234360445706e+00 9.845880601515094810e+00
1.897374697815657996e+01 4.311116614889275667e+00 1.003162773042733846e+01
1.940171538407697227e+01 4.475786217701945624e+00 1.025650133795650731e+01
1.974089678082818722e+01 4.598893022704879208e+00 1.042367186953174141e+01
1.953451900867383628e+01 4.459742853912378457e+00 1.029517689561785510e+01
1.567166224270584962e+01 2.717164878237881886e+00 8.372969509667207433e+00
1.296631553160215589e+01 1.894423924923679836e+00 7.110937323333208049e+00
1.229677463643656665e+01 1.794336971211052623e+00 6.808797400541643619e+00
1.222007634697492584e+01 1.898755458162611598e+00 6.622571083987056184e+00
1.246382537110121547e+01 2.036161168571751556e+00 6.694009077644550665e+00
1.263072669613580956e+01 2.136775767104037715e+00 6.587949776827778159e+00
1.270702386785189297e+01 2.200225056667976631e+00 6.759193403362927732e+00
1.327692334612961744e+01 2.342488599103003999e+00 7.107296304871023374e+00
1.350203654747995685e+01 2.425347680247239346e+00 7.280558980460988927e+00
1.343002648992359838e+01 2.397272130123673683e+00 7.294470228448670213e+00
1.334320872659922230e+01 2.366309339851721205e+00 7.214568381153388721e+00
1.346036741308666862e+01 2.361716676268366566e+00 7.257045135168604055e+00
1.390766081052705339e+01 2.508554037828903294e+00 7.380721312004996371e+00
1.454774512601558101e+01 2.781934625883670353e+00 7.713828063166622506e+00
1.524752329982609211e+01 3.036291733743963217e+00 7.954547167677985975e+00
1.571550118181671429e+01 3.188124222666113727e+00 8.286221740043396622e+00
1.621575154389951123e+01 3.353991794584641362e+00 8.533222779180642092e+00
1.658788785932343046e+01 3.515408036353651067e+00 8.680893334984466136e+00
1.700319144353931122e+01 3.616298571590095268e+00 8.910600545950863705e+00
1.730101463945167950e+01 3.743512122370525219e+00 8.984764255832359936e+00
1.746974118483182536e+01 3.800318740544120111e+00 9.132031001825220429e+00
1.771778943741217205e+01 3.957254039444142446e+00 9.265815884262723401e+00
1.887751237004054161e+01 4.076107381104931093e+00 9.776156107488787939e+00
1.911360650618367529e+01 4.215167365706316893e+00 9.775370024390111823e+00
1.653566448250426646e+01 3.266068938410927824e+00 8.539523558264370706e+00
1.273222833021951139e+01 1.572054476635564413e+00 7.050928493358674665e+00
1.210116781797330532e+01 1.580224895144052510e+00 6.803678438171333553e+00
1.181774717198529068e+01 1.593827901642698386e+00 6.619555970731864747e+00
1.176889829915307573e+01 1.637137849901201259e+00 6.570342323037080767e+00
1.183034469205463779e+01 1.702271026376856788e+00 6.461698639430143665e+00
1.185642138361393627e+01 1.762445418373884909e+00 6.450898073019581958e+00
1.196261124960292044e+01 1.814185569452595459e+00 6.510011791246480328e+00
1.250741933226009728e+01 2.026651447523569072e+00 6.730224087524430132e+00
1.300229767782438017e+01 2.214927771885145891e+00 6.953067877737157509e+00
1.319512359272280833e+01 2.303030996441089329e+00 7.084338371085063812e+00
1.335774857185930209e+01 2.339232545993937595e+00 7.169232653676553824e+00
1.366639521673818614e+01 2.461876315746967414e+00 7.253790428092241171e+00
1.434947047073455728e+01 2.700091799430358819e+00 7.527329848005987145e+00
1.505786863797642816e+01 2.958985037500470927e+00 7.873899618265125078e+00
1.550821079948958392e+01 3.102241952070467601e+00 8.084211844010962267e+00
1.583482025079281286e+01 3.220857045942788321e+00 8.209547679170412948e+00
1.620740344907419939e+01 3.332288363278073984e+00 8.364085693826016410e+00
1.658420511384744600e+01 3.496291679902654881e+00 8.525321567212797547e+00
1.694660288266363679e+01 3.653500223441428663e+00 8.679270019544395254e+00
1.735311687332755426e+01 3.718544561758672540e+00 9.026621834804098299e+00
1.780307137742218515e+01 3.879733324000839811e+00 9.250970489579014355e+00
1.830043988348741024e+01 3.972853212441649351e+00 9.545069213001598385e+00
1.889714829511497740e+01 4.196553079453618551e+00 9.803258475967931318e+00
1.953674669279764942e+01 4.429056000344584021e+00 1.016624176901001952e+01
1.980708928504126831e+01 4.459041570874005878e+00 1.032065864072233552e+01
1.694977413571240277e+01 3.193454512170827542e+00 8.774341655404858997e+00
1.303670900388195797e+01 1.669400907764455155e+00 7.130726696135809561e+00
1.216447577410340841e+01 1.563009136869989435e+00 6.658833205011548628e+00
1.193114369706726308e+01 1.681862478530778304e+00 6.409043186113249746e+00
1.247976239830722989e+01 1.898086479909115942e+00 6.588186678583542566e+00
1.306855209954180985e+01 2.119444250017498366e+00 6.930057448675772669e+00
1.338949206109911572e+01 2.254623622335528044e+00 7.017139034409979992e+00
1.403616251460445419e+01 2.476705558038238220e+00 7.257517592647430682e+00
1.528465361194415628e+01 2.952707140972697264e+00 7.908083464795860884e+00
1.569444519224039070e+01 3.090334946777867131e+00 8.099151460983895490e+00
1.572705418050836990e+01 3.101521824574249742e+00 8.117450775584043043e+00
1.576295556476840076e+01 3.120977381266455186e+00 8.188351702192957049e+00
1.600615675358448442e+01 3.201569743338484209e+00 8.275668843650224815e+00
1.645937538698440150e+01 3.362707356337929721e+00 8.530787806020535768e+00
1.676529631563928646e+01 3.482593105082080864e+00 8.669527434838556701e+00
1.712786233854337681e+01 3.575568968023647098e+00 8.747525991891498265e+00
1.750251438908959756e+01 3.721236627165093402e+00 8.920306787773716550e+00
1.795504923787628471e+01 3.827796652147460676e+00 9.213202157959630156e+00
1.870882889770689772e+01 4.070752863011559697e+00 9.535017040774022234e+00
1.934572176965611590e+01 4.229693750639365923e+00 9.984648497019882996e+00
1.984739892640431691e+01 4.390228340987772704e+00 1.031735951456676581e+01
2.038362605057852406e+01 4.612831191346624671e+00 1.060339954019522857e+01
2.104249829053846810e+01 4.856776736247583770e+00 1.108908448239658462e+01
2.165115812653784388e+01 5.057024675471515351e+00 1.142665333196935329e+01
2.080247912303277147e+01 4.556801234042782589e+00 1.084717010084477096e+01
1.592211720175953360e+01 2.628760142356418861e+00 8.477073024966214732e+00
1.462082527957099209e+01 2.444943224340578425e+00 7.789632586913331380e+00
1.399747753471418399e+01 2.415886416376372470e+00 7.385502420166800697e+00
1.420967286021181231e+01 2.539781996543387876e+00 7.501784839364456836e+00
1.463205926851198768e+01 2.699883164361361221e+00 7.640476011005163492e+00
1.491580296234877245e+01 2.819587198690579388e+00 7.682369932859888451e+00
1.525335565952910422e+01 2.897805159074144932e+00 7.960849292794417664e+00
1.687570061002202237e+01 3.296995385799893263e+00 8.581246533965789069e+00
1.648571186285542112e+01 3.235130376727632928e+00 8.532047692630740698e+00
1.629302189726001515e+01 3.165432803355390234e+00 8.433815571983137360e+00
1.632935131991967026e+01 3.300295857988165604e+00 8.471220474772655606e+00
1.642904254001755149e+01 3.383289542402722283e+00 8.511948732306400700e+00
1.669480323693944612e+01 3.463854983820687128e+00 8.648307229272441887e+00
1.718048683310809821e+01 3.681776332437773025e+00 8.935709439996553982e+00
1.767980439452756869e+01 3.865068297699361111e+00 9.202501197969105817e+00
1.812655130269045145e+01 4.029924999057777235e+00 9.375716762414459282e+00
1.861420683676930565e+01 4.147628828790024258e+00 9.709176174144326765e+00
1.898987379597374670e+01 4.290247723858699125e+00 9.958788516725801898e+00
1.941560240347599375e+01 4.384860362567368774e+00 1.013974646128002277e+01
1.976723998686271955e+01 4.449039201856447967e+00 1.038965223899079859e+01
2.012160597853885591e+01 4.523971496411476778e+00 1.058228297914726213e+01
2.051609182096688144e+01 4.669373987110390978e+00 1.075180637588770871e+01
2.030815399690951040e+01 4.524079179027733488e+00 1.058049140961928813e+01
1.598746978156581378e+01 2.611298060097668294e+00 8.492879487000015715e+00
1.402602285025117013e+01 2.054709499221992974e+00 7.627251239696120066e+00
1.293668396767367845e+01 1.915078796754446033e+00 7.097937339485600461e+00
1.271441224135981685e+01 1.982537917741249434e+00 6.811045275156005552e+00
1.315292142937904885e+01 2.151675003095875116e+00 6.917894697169562512e+00
1.361421222090011973e+01 2.349128578427941427e+00 7.035310475903322924e+00
1.385243578077973048e+01 2.401046405823475727e+00 7.231151504056942514e+00
1.470613144816966411e+01 2.666941706015689473e+00 7.630668816729571091e+00
1.547068879185488655e+01 2.908663604890944221e+00 7.909319122817407788e+00
1.557957879944651047e+01 2.976538649983039964e+00 8.026771244434154795e+00
1.558345537363175737e+01 2.963667885274940517e+00 8.151298113938976186e+00
1.546634245225621918e+01 2.942198663658732283e+00 7.987502086350690256e+00
1.568620208796592941e+01 3.051145204623891605e+00 8.179498845103941207e+00
1.619634848248272974e+01 3.200449844129412913e+00 8.411869854789992829e+00
1.664426509306469981e+01 3.359487646111849912e+00 8.599385670674255522e+00
1.700374331694762731e+01 3.480395033677738059e+00 8.792806532027501731e+00
1.746015743198496750e+01 3.600973989264043329e+00 8.987500740317987180e+00
1.796722544970952740e+01 3.753218364193376289e+00 9.170834432593373720e+00
1.845134495587704748e+01 3.932722593428129798e+00 9.491964184761833678e+00
1.891942379032040833e+01 4.129373933269082642e+00 9.626758591726744640e+00
1.932127512370040634e+01 4.231553967835202101e+00 9.895379608142960137e+00
1.968040068701509071e+01 4.353372619541164390e+00 1.004633717580802355e+01
1.993371596556309910e+01 4.431360408332480461e+00 1.023817644873499866e+01
2.010663136471563561e+01 4.492782572645385386e+00 1.030018413727379922e+01
2.033460892365840778e+01 4.577048257964475120e+00 1.041421195169357894e+01
2.049678298183932768e+01 4.640765408036354067e+00 1.045593088929688719e+01
1.815465108140267247e+01 3.489640932316091515e+00 9.279098534978006185e+00
1.325383484717144711e+01 1.745881139928175729e+00 6.973263752416128725e+00
1.242220065578713317e+01 1.623642526018812093e+00 6.584614307789221854e+00
1.199576403508299549e+01 1.677662856496761501e+00 6.360774453376119020e+00
1.230586574131405087e+01 1.835918613478633166e+00 6.275837097738127035e+00
1.266472748221890754e+01 1.961471159903301009e+00 6.531326219101819319e+00
1.284957680731811003e+01 2.058168803269244229e+00 6.584249532926651938e+00
1.307706441035691469e+01 2.129320091960954286e+00 6.702135077073832825e+00
1.377841340433207229e+01 2.364968691279323298e+00 6.967691177024836868e+00
1.405623724634013705e+01 2.440405748098055660e+00 7.155532732823276731e+00
1.400851769494591714e+01 2.427996672607157791e+00 7.305884585771895701e+00
1.418314120959882807e+01 2.518816191158180562e+00 7.414097538913805074e+00
1.477720062886647945e+01 2.742774496449165600e+00 7.639059984601385800e+00
1.590472780526675756e+01 3.086889103057647965e+00 8.134476743246953134e+00
1.703604810182468299e+01 3.389333229240137690e+00 8.705925505166073108e+00
1.787571407034905491e+01 3.747997103337622704e+00 9.072495975362217635e+00
1.841723244907958446e+01 3.965677512100834079e+00 9.472520742363956359e+00
1.896491431155811469e+01 4.205182495113901631e+00 9.762262357926248413e+00
2.059337294258901352e+01 4.569727186091713023e+00 1.049400073224179053e+01
2.094144623137763617e+01 4.668621554829296194e+00 1.084952835014079575e+01
2.136626895887062361e+01 4.849217416586353302e+00 1.108781786562286342e+01
2.163081553429422144e+01 4.974830534482665989e+00 1.128280685507535175e+01
2.172412521334618418e+01 5.030723196450781032e+00 1.135204812336120561e+01
2.202232664444815313e+01 5.277094292282924926e+00 1.154542321960254370e+01
2.216212425497089811e+01 5.358834820250792497e+00 1.161317039158783437e+01
2.240184191115107382e+01 5.446209841114299621e+00 1.179222639193241839e+01
2.124310158239604718e+01 4.633137440707259636e+00 1.124768347771777499e+01
1.706798541977375905e+01 3.103357813181429226e+00 9.262414459621711060e+00
1.584786196165422112e+01 2.894936763383602951e+00 8.597197021498834246e+00
1.491405042776919387e+01 2.625214692216161882e+00 8.038543646456433933e+00
1.467744614523154389e+01 2.607636851144935264e+00 7.831592464370514151e+00
1.465544524069756882e+01 2.667721058950848434e+00 7.727094561489465718e+00
1.462345004334225251e+01 2.700081031168733325e+00 7.720533998094017747e+00
1.468968562060183736e+01 2.779449849513543569e+00 7.763619158891084560e+00
1.516012808847203708e+01 2.932145145398452613e+00 7.878443824671164109e+00
1.539829511497811332e+01 3.040919394177600932e+00 7.999585421927410955e+00
1.546902644146642203e+01 3.024889490715066298e+00 7.996185343319101690e+00
1.553948586934868104e+01 3.029650408386322269e+00 8.086956404692807965e+00
1.585722900323586337e+01 3.145636700389272455e+00 8.233349575461286207e+00
1.620765784925510644e+01 3.248635122838944511e+00 8.252768789270504612e+00
1.671535446425206217e+01 3.355099579499383644e+00 8.518996559540410018e+00
1.733817994842002719e+01 3.574027760578470936e+00 8.742223969073553036e+00
1.779934017476888641e+01 3.743036972826291997e+00 9.027455029047386503e+00
1.826761956808502774e+01 3.910872444556912964e+00 9.208107424177978118e+00
1.884735719939051535e+01 4.103414346554964176e+00 9.549104619045824194e+00
1.949716929322514858e+01 4.360965590019975302e+00 9.940841862693895692e+00
1.999036240584501201e+01 4.475554700076992631e+00 1.020074327925871316e+01
2.032221465452724729e+01 4.578586773344245131e+00 1.025714339555593924e+01
2.066591064496503094e+01 4.644413156662054121e+00 1.052594074225627452e+01
2.100763200542720455e+01 4.728721915027647604e+00 1.074341924611400323e+01
2.069599851397989454e+01 4.577991826889426186e+00 1.057333186167091199e+01
1.613399486353920409e+01 2.592362072028902009e+00 8.515032493229455213e+00
1.410281132390392500e+01 1.980229471655243323e+00 7.533692544594063456e+00
1.296935218138059831e+01 1.849792172550624336e+00 6.950834809482531185e+00
1.263754704384297689e+01 1.897394619099665558e+00 6.668060259192057693e+00
1.293037107429562127e+01 2.035332012426573911e+00 6.709931298490827700e+00
1.313738148182048171e+01 2.138158142690234964e+00 6.831981467821742093e+00
1.318640264683870811e+01 2.191482574260624094e+00 6.845363724957061358e+00
1.360481960469711638e+01 2.312438419003828294e+00 7.048012986523520595e+00
1.411254044828273102e+01 2.453863383064755155e+00 7.195714501079518044e+00
1.419045555130807479e+01 2.544038151950939852e+00 7.228879400853923443e+00
1.415404402065352585e+01 2.485838389929521774e+00 7.297835310206696846e+00
1.419484496395324413e+01 2.504030021913412618e+00 7.223943498931250318e+00
1.454036617473658133e+01 2.610303341929995469e+00 7.342441487958391022e+00
1.523215833651894435e+01 2.844643597460843942e+00 7.616002444395388871e+00
1.589276426660062214e+01 3.052028202077197605e+00 7.931964777016222712e+00
1.655689141823389576e+01 3.218037107429561949e+00 8.311358900775852376e+00
1.706825058821629071e+01 3.408496696835746409e+00 8.476658446893626575e+00
1.741341913843138656e+01 3.510936515713585671e+00 8.762324275430595222e+00
1.774600766700227794e+01 3.597575256688436696e+00 8.818305775557123027e+00
1.807448271963215447e+01 3.704880983788382043e+00 9.092795494559336333e+00
1.848198066020211883e+01 3.812171904528592226e+00 9.282821661435086469e+00
1.888979491845734060e+01 3.948231582234521753e+00 9.440417862392385118e+00
1.914933963635580483e+01 4.047973951575127849e+00 9.601581050013191287e+00
1.950445402221492230e+01 4.158092887024783302e+00 9.725090318794386235e+00
1.977069121471375368e+01 4.282105572036978280e+00 9.948884408095578280e+00
2.006767852431742583e+01 4.388253711012162661e+00 1.011390801750919266e+01
1.967359245360225373e+01 4.164320980342538725e+00 9.873128341526186347e+00
1.447146545272464024e+01 2.403862306238592428e+00 7.256840538197716128e+00
1.162475704109707131e+01 1.453159407960975757e+00 5.933221971561021491e+00
1.149130328270455692e+01 1.424977521253856461e+00 5.932041500880305129e+00
1.162166520397779657e+01 1.500379581222305303e+00 5.996463972088665884e+00
1.177851704885021888e+01 1.583900910456520483e+00 6.088127453144601908e+00
1.199486623126995433e+01 1.685877694084455536e+00 6.136277735003849543e+00
1.202164958999843947e+01 1.704421986636587283e+00 6.236693120696060078e+00
1.233705601111284622e+01 1.836606436189973657e+00 6.373194297128643271e+00
1.294721667357630146e+01 2.044844425540162991e+00 6.533763884327333571e+00
1.316322800178753205e+01 2.101043982964609924e+00 6.699762021418072422e+00
1.336850741125606312e+01 2.172040477895450739e+00 6.640424861762441289e+00
1.339390435630024001e+01 2.204909250475149740e+00 6.804628737259800886e+00
1.363052613726303086e+01 2.285922920783283185e+00 6.979114956576984774e+00
1.421888106993447565e+01 2.495061406011920280e+00 7.244922764643489721e+00
1.469573603760276903e+01 2.641503033957713242e+00 7.469629464117460316e+00
1.502037893512660816e+01 2.694624214589917521e+00 7.657261038814199061e+00
1.550158697255708518e+01 2.870770092230160664e+00 7.793697605677027518e+00
1.629331802445472377e+01 3.103501838680672531e+00 8.231501472559777710e+00
1.700386445989091655e+01 3.416256575369755133e+00 8.550277013530321213e+00
1.775868460300111451e+01 3.671383613936284096e+00 8.824618668935180210e+00
1.850436383802381002e+01 3.950095837528468490e+00 9.299606689244122038e+00
1.930238086264543895e+01 4.160879174720428786e+00 9.779198141398042665e+00
1.966813563702343615e+01 4.307950745971323769e+00 9.979447426654678210e+00
2.002216915862187818e+01 4.425301915135330333e+00 1.016923803780736613e+01
2.056668784424786267e+01 4.646617958229913192e+00 1.047445229929306443e+01
2.146533158169610900e+01 5.007572779988263001e+00 1.096872089204279277e+01
2.189540114466620935e+01 5.119004097323548663e+00 1.131036956673899319e+01
1.959344024422417263e+01 4.014092962402614262e+00 1.003957201544168676e+01
1.607928940241531990e+01 2.619660961282715306e+00 8.445915059952296744e+00
1.517723212603173444e+01 2.524974290775368502e+00 7.998570513269190663e+00
1.490620709520758602e+01 2.565158751097016854e+00 7.728581927626513526e+00
1.511720983573016852e+01 2.733204203929338494e+00 7.795120362244321477e+00
1.527907296035664508e+01 2.868211284061357613e+00 7.831439016642348427e+00
1.533235297284782916e+01 2.910997625598311433e+00 7.866877365652475973e+00
1.546440685722900277e+01 2.925557661348940020e+00 7.961763248999897513e+00
1.605292735192294273e+01 3.165976600567487420e+00 8.280335539032256165e+00
1.616557548282193224e+01 3.218800307972282670e+00 8.249531580619283488e+00
1.590441417964690807e+01 3.119716148623546736e+00 8.172566776682407053e+00
1.587857573587607973e+01 3.116550279705595727e+00 8.163814872046131654e+00
1.617816896479316924e+01 3.178218768003187478e+00 8.257539129170682557e+00
1.667607588393967788e+01 3.403824617322902313e+00 8.473561225643537753e+00
1.704920153340045630e+01 3.550340277067371542e+00 8.748551668811344939e+00
1.732768896953120219e+01 3.654259385886039269e+00 8.868075334758334094e+00
1.766438155181418423e+01 3.756687090469549961e+00 9.060471865224437593e+00
1.791574912104064410e+01 3.845651775955548413e+00 9.295718000764546574e+00
1.807565376808394930e+01 3.878225767373244093e+00 9.263489939751575974e+00
1.817276195142437345e+01 3.855940849938890302e+00 9.410164431355024561e+00
1.819206002229030261e+01 3.839972863980703366e+00 9.333404224389035164e+00
1.820142571783923913e+01 3.897838809891724932e+00 9.334284529776935457e+00
1.848738228944010586e+01 4.015891262094103631e+00 9.311719637540313954e+00
1.877619379640447761e+01 4.097654672617926153e+00 9.476013697228788502e+00
1.800795101517786634e+01 3.734325449171112865e+00 9.199731062665899017e+00
1.336155380631127798e+01 1.758296945582589865e+00 7.094055381169541263e+00
1.178441401812298395e+01 1.404901443485470969e+00 6.396076853083222602e+00
1.086814129036079102e+01 1.361343825209577307e+00 5.941209329621872648e+00
1.094041651635968115e+01 1.455034431516548210e+00 5.958032046346597888e+00
1.125001346032703253e+01 1.538236751000102265e+00 6.030972212500874896e+00
1.132522976778243873e+01 1.570603453381503423e+00 6.153825963355605388e+00
1.149519735531494469e+01 1.601952555039277248e+00 6.094250555911506773e+00
1.197761278408020225e+01 1.786648432410313792e+00 6.177810920094114699e+00
1.263523994378967430e+01 1.898155127576979684e+00 6.520870237063279617e+00
1.227707948592319021e+01 1.865632285402006207e+00 6.461437509085720343e+00
1.227839455987422745e+01 1.853091298706193379e+00 6.518319505090695465e+00
1.229206890610614344e+01 1.876583607475327264e+00 6.468642822146007276e+00
1.244317588340126335e+01 1.914413856599059827e+00 6.474393073854121994e+00
1.275510415601057446e+01 2.005583343652917350e+00 6.598303460380873453e+00
1.311238969261997234e+01 2.118402420705213451e+00 6.666749223339130559e+00
1.358400724704007345e+01 2.256551141166525998e+00 6.902104387528199325e+00
1.406871766156430503e+01 2.430659125294108325e+00 7.247091223328362197e+00
1.478270321055720338e+01 2.656872035362971118e+00 7.415162250782045383e+00
1.533110923863006114e+01 2.872418982291593537e+00 7.737543813364489154e+00
1.586074214859124254e+01 2.991825543393402231e+00 7.959041570874005878e+00
1.633325885285708878e+01 3.113307686923561413e+00 8.238262594828004381e+00
1.676239561516386445e+01 3.293112081451130990e+00 8.423577647242517230e+00
1.709908954347954690e+01 3.420764438892807124e+00 8.561910774184170236e+00
1.731757084170116912e+01 3.469038555760750597e+00 8.738076842314960402e+00
1.755901276577415615e+01 3.568394613715534902e+00 8.855833167322632704e+00
1.795802666221578647e+01 3.683853260898826587e+00 9.008995536555556072e+00
1.816192504213082515e+01 3.729759706241822848e+00 9.152669721263547942e+00
1.592836548556783782e+01 2.839442527095638269e+00 8.138723476425584025e+00
1.150911937156425147e+01 1.136536173282866047e+00 6.295447448191200834e+00
1.087960814295944090e+01 1.094565527564057783e+00 6.018157981166310400e+00
1.058357920864045276e+01 1.175168657897712299e+00 5.739439027410609739e+00
1.079313900210519428e+01 1.289787380674200845e+00 5.678197231479935603e+00
1.115292277541175103e+01 1.373874043643764420e+00 5.797485341703861650e+00
1.118753196827670138e+01 1.398891407465635783e+00 5.870094383813149186e+00
1.122604061788285179e+01 1.457898789108980298e+00 6.015167096499776989e+00
1.187241898229159354e+01 1.705790901895752443e+00 6.147640943084352827e+00
1.230505273756131146e+01 1.849164921310928245e+00 6.377031836365496531e+00
1.234435016233154414e+01 1.898992359918376671e+00 6.438883385110724333e+00
1.235983357651657499e+01 1.891266132201947947e+00 6.425768988483343769e+00
1.248804184546467688e+01 1.928450285628139582e+00 6.480549827438607302e+00
1.289241025999967682e+01 2.074739811878469453e+00 6.614655065659475142e+00
1.349945351072249622e+01 2.282491883422799628e+00 6.845032600912071885e+00
1.399856243707297132e+01 2.449784903974026928e+00 7.199309754429793706e+00
1.450158697255708518e+01 2.579205948387722103e+00 7.549377863684576084e+00
1.510667039966403102e+01 2.775332335474422596e+00 7.714544152564730695e+00
1.560962897954568618e+01 2.914720752055391717e+00 7.917556842961056773e+00
1.585825871825381839e+01 2.988220867814204595e+00 8.069208963500976495e+00
1.611827185553300268e+01 3.062971447954299542e+00 8.211798245850181033e+00
1.639434181692878312e+01 3.175826867889582239e+00 8.310010176007235572e+00
1.660849158191147268e+01 3.236117018699086412e+00 8.357858946540964951e+00
1.688465711162918481e+01 3.361411126844737751e+00 8.504093285450462503e+00
1.735784952431204431e+01 3.547043842977208872e+00 8.720535344126721711e+00
1.806280992402991359e+01 3.790153501569474059e+00 9.146701412257511876e+00
1.892578514087578156e+01 4.088520494693939078e+00 9.527045835105608873e+00
1.937784618615093990e+01 4.204827142480254132e+00 9.857814527461759013e+00
1.821057066402485347e+01 3.607589740000323175e+00 9.256677668240627099e+00
1.304213216964319422e+01 1.649003128180002165e+00 6.821400304741803922e+00
1.220804012254281723e+01 1.588454539091481710e+00 6.509618749697142270e+00
1.179023291749896352e+01 1.611388244288783245e+00 6.333233278235727681e+00
1.204314573226871055e+01 1.754878022516435099e+00 6.308109577830302683e+00
1.236483947213981516e+01 1.866377987519584725e+00 6.381886976325977123e+00
1.239812416882480584e+01 1.899659992139169029e+00 6.386977672009519047e+00
1.244000866845060926e+01 1.895765919528780818e+00 6.456233746655108519e+00
1.303231016900786621e+01 2.081597848501327341e+00 6.597385466077283489e+00
1.342422239690735530e+01 2.221461414626529685e+00 6.738576220447852094e+00
1.330901814990497023e+01 2.218816460364720911e+00 6.724849378940510825e+00
1.318572155429088255e+01 2.173148262810193021e+00 6.757995434257070499e+00
1.335926016658500792e+01 2.237125197193790882e+00 6.765525141198830639e+00
1.417259638940187649e+01 2.534288837081585921e+00 7.262888263133240763e+00
1.472573506845922253e+01 2.678463745955171671e+00 7.438074419456095043e+00
1.510545224006762410e+01 2.794754241349047597e+00 7.736072599619880030e+00
1.545370455120577624e+01 2.960527590978350609e+00 7.919087282144606554e+00
1.575973047041150998e+01 3.097844463229078471e+00 8.040172346027318895e+00
1.603878189424490230e+01 3.199394554490095910e+00 8.174346231916050698e+00
1.647067936962596590e+01 3.396324523100613391e+00 8.351682002465931731e+00
1.684237822442134203e+01 3.549049431704992763e+00 8.593484663303380344e+00
1.716099224146750046e+01 3.687981543199573498e+00 8.743389633394533789e+00
1.746385498382068846e+01 3.784434208613532302e+00 9.006634595194125126e+00
1.798622200924993564e+01 3.951838949879126428e+00 9.215374654742610971e+00
1.854322514819820000e+01 4.074345424296428320e+00 9.507769300762930698e+00
1.854268538908421249e+01 4.084891590526083860e+00 9.432344358238527349e+00
1.529807894212597752e+01 2.528054013600314232e+00 7.811902697987950006e+00
1.323480867491156587e+01 1.894554490095891275e+00 6.898521248472253120e+00
1.240974716121702848e+01 1.785143567848124446e+00 6.639354765763388677e+00
1.214456660439022073e+01 1.761088617409048540e+00 6.499943466626465494e+00
1.239269292686735113e+01 1.892527364844856175e+00 6.485069805255988307e+00
1.255407955591689095e+01 1.959538256941490753e+00 6.599492007257808268e+00
1.265539678352025277e+01 1.960839870565495247e+00 6.610891558221298148e+00
1.315692856873650562e+01 2.118382230214665096e+00 6.807277729619718443e+00
1.356860997894804832e+01 2.249722717263138438e+00 6.798737152117848126e+00
1.346058277831918204e+01 2.251068749966349092e+00 6.819916976702866229e+00
1.324499410437675984e+01 2.165003418923066025e+00 6.673570917079000964e+00
1.308688371892683477e+01 2.159846767637066289e+00 6.677112329121148271e+00
1.334017207682077810e+01 2.210040327139788374e+00 6.883012259665861166e+00
1.378645056560294258e+01 2.373580608514464618e+00 6.963518475644884020e+00
1.414783611782631922e+01 2.478797292859027390e+00 7.171689163359912911e+00
1.450707070978996427e+01 2.619860174122790486e+00 7.377511024007839424e+00
1.498707539398377264e+01 2.735017309980563471e+00 7.551259617403664137e+00
1.540839709041570949e+01 2.868270509500298715e+00 7.740091853271667155e+00
1.561300348353263523e+01 2.940639957788414360e+00 7.793807980358690379e+00
1.581263897787660611e+01 2.989884564235372633e+00 7.912262896339329110e+00
1.601485481691263146e+01 3.067534498818183408e+00 8.015055375785410163e+00
1.614110326224485803e+01 3.146506237515546811e+00 8.127307773069654573e+00
1.638228405597342530e+01 3.211215413689691101e+00 8.210996010359068009e+00
1.671615535371047301e+01 3.296680414147342031e+00 8.382368856033727056e+00
1.631409942335958974e+01 3.159818500950299036e+00 8.176242791994873471e+00
1.204416737109044888e+01 1.284594386505214514e+00 6.355843935584259086e+00
1.065651802876202758e+01 1.154906827616283715e+00 5.677275199078236412e+00
1.015385423004237353e+01 1.182711825166504305e+00 5.504120206104527568e+00
1.012444745357533193e+01 1.255743521544599339e+00 5.465894223366050575e+00
1.029751091632522275e+01 1.320577878760142321e+00 5.484906935298900166e+00
1.030990114735827667e+01 1.293098621124098901e+00 5.479719325260726137e+00
1.036632818430956604e+01 1.276519536318654335e+00 5.598298076250060262e+00
1.075752701487635399e+01 1.353446651339840878e+00 5.694367122343604315e+00
1.108110250846654488e+01 1.452857896635456614e+00 5.699216878173271716e+00
1.117343765984138315e+01 1.476716326299863713e+00 5.820362513527628678e+00
1.120114978113508286e+01 1.441263170930001003e+00 5.840363213464634384e+00
1.128016593891165265e+01 1.494946993232147525e+00 5.787781791946416732e+00
1.165088353586638803e+01 1.630573248407643394e+00 5.870145533055871390e+00
1.214756421922026952e+01 1.788601525862672403e+00 6.128507088208214881e+00
1.266358739251928789e+01 1.942626702058353194e+00 6.260836909293548302e+00
1.319547894535645582e+01 2.091192369609812030e+00 6.499928660266729885e+00
1.367259369733647034e+01 2.249195072443479937e+00 6.755183571940063914e+00
1.405309425997814010e+01 2.400310125934819627e+00 6.923752631493934828e+00
1.439060657617737427e+01 2.510466750300165195e+00 7.168828843865590272e+00
1.480266352951311326e+01 2.621771540561349312e+00 7.427767847047611838e+00
1.526194604024099455e+01 2.739915522987546481e+00 7.520715443302410819e+00
1.552550328162772963e+01 2.876185181795176682e+00 7.681574427532291693e+00
1.611118499335059795e+01 3.048341418503103917e+00 7.968229590106121307e+00
1.679535591796738458e+01 3.190645341919227107e+00 8.388345241235981575e+00
1.731267128266148347e+01 3.286307886136401457e+00 8.450739241160603044e+00
1.733208780440529750e+01 3.325753374503987114e+00 8.561161033968481604e+00
1.474293198227544188e+01 2.352322714032660134e+00 7.681994389735693041e+00
1.217385089188126912e+01 1.365190786675352985e+00 6.615329428043783544e+00
1.141427386919792575e+01 1.263667616068399946e+00 6.310947014768671259e+00
1.107337897281552408e+01 1.220512461570766316e+00 6.138841927303465340e+00
1.094560278036515122e+01 1.266708303944952707e+00 5.963614043966812162e+00
1.088269728801330949e+01 1.310614544690977823e+00 5.881142620241101682e+00
1.085830313733302432e+01 1.354713268113562075e+00 5.884064857239771129e+00
1.083004721882722876e+01 1.373104112937527876e+00 5.815507373567148086e+00
1.113656982410044627e+01 1.456046648109362573e+00 5.882057922479284606e+00
1.131799888010079158e+01 1.511430509715663950e+00 5.937486203164792364e+00
1.137702241413657411e+01 1.535804469905400760e+00 5.972413059747699648e+00
1.144426751592356695e+01 1.563544857885867279e+00 5.999868088795085264e+00
1.174569807948053857e+01 1.649283102982270099e+00 6.129640447744318266e+00
1.233548788301360588e+01 1.781880784575541998e+00 6.348499981155542038e+00
1.300286570362513494e+01 1.977023221756195825e+00 6.507957745341380829e+00
1.359015592442833942e+01 2.167029198141397828e+00 6.768680241855156154e+00
1.400377292966709852e+01 2.311912120216872868e+00 7.062781657343147224e+00
1.435746590499162778e+01 2.488049921660896668e+00 6.999500621867109196e+00
1.472171177670932707e+01 2.594612638708670094e+00 7.226268097409694668e+00
1.509277665010149150e+01 2.666252537271645462e+00 7.576196219263342968e+00
1.551503653132756533e+01 2.782106918069681356e+00 7.789543748754919505e+00
1.587899839014488634e+01 2.931247341585411004e+00 7.888298130091368598e+00
1.624005685642138275e+01 3.025625770603722398e+00 8.068379807355800182e+00
1.666463325992968336e+01 3.152718178440863550e+00 8.165790848054443885e+00
1.716158584188961456e+01 3.321337041204753149e+00 8.478210422600428231e+00
1.760418158519579279e+01 3.477060910671885718e+00 8.729880849185111202e+00
1.768504988397198119e+01 3.504899559039686530e+00 8.809662899569808303e+00
1.545633873720595908e+01 2.536103289165513530e+00 7.824121982867695557e+00
1.193763695882755194e+01 1.322705956463918309e+00 6.335389622626271589e+00
1.133223856006805619e+01 1.300376619950358359e+00 5.976261367246178402e+00
1.104559954988666348e+01 1.339828838481459838e+00 5.772855635300515154e+00
1.118070623643871997e+01 1.423609952027394376e+00 5.793336868912566828e+00
1.136333460757762559e+01 1.493631919281110942e+00 5.839352342904523319e+00
1.130143056355697162e+01 1.512889609165944282e+00 5.825817984073741407e+00
1.148618701239965390e+01 1.613601122052861436e+00 5.898612778696071146e+00
1.192214277638089470e+01 1.702708487005400340e+00 6.129676790627304861e+00
1.198526363396525163e+01 1.726076960765838830e+00 6.143495162358465045e+00
1.191121568289623234e+01 1.692175781102777776e+00 6.089311961923426608e+00
1.181590310718189230e+01 1.678780063640426201e+00 5.965672127970020888e+00
1.204988127991557612e+01 1.733664547113836774e+00 6.087591732128723621e+00
1.257690423246523181e+01 1.900894304128013079e+00 6.313348337111198028e+00
1.318705816476517079e+01 2.085248289192434434e+00 6.661068965331581992e+00
1.376946497892112831e+01 2.278897976105227485e+00 6.806587214842972244e+00
1.424861089425028737e+01 2.450261399550963670e+00 7.048247196213878851e+00
1.455203762430612002e+01 2.526584145888408628e+00 7.222785910806488907e+00
1.487634805175226482e+01 2.626182489729770531e+00 7.403399270988687775e+00
1.522715647899381430e+01 2.740451244003424325e+00 7.642666006213286956e+00
1.558127210858715017e+01 2.840884128120776619e+00 7.727787768331618956e+00
1.584146157615045425e+01 2.955123269674960085e+00 7.948319074360230552e+00
