1.650775284541132493e+01 2.913759724823512531e+00 9.615426001296643932e+00
1.647127125054026919e+01 2.891199034721221750e+00 9.601158424578590811e+00
1.645306309429476954e+01 2.883232333237285783e+00 9.570297867742400655e+00
1.622216269269557642e+01 2.692913935311914919e+00 9.296992058060798314e+00
1.594265730802477954e+01 2.448773591701483898e+00 8.981387768333092936e+00
1.593834191759112606e+01 2.461964009148537524e+00 8.706249549776689634e+00
1.598315489482783391e+01 2.510158163449070834e+00 8.427265298588100251e+00
1.627113348220717626e+01 2.623011138524708130e+00 8.548879619291168908e+00
1.669706724535369702e+01 2.764956418383518244e+00 8.767026320054746691e+00
1.717958619975507872e+01 2.883096140685780018e+00 9.154056286918311969e+00
1.744830873613312150e+01 2.923154759760841159e+00 9.309869570306872788e+00
1.761707494417230890e+01 2.991748532272006766e+00 9.471561644575709593e+00
1.803394908874802027e+01 3.106511579743552964e+00 9.545304846203716664e+00
1.740547561590548753e+01 2.919832111727416635e+00 9.297442281371560924e+00
1.340769184015271520e+01 1.703828473923065800e+00 6.917743075565480737e+00
1.191630573764587275e+01 1.277024654228497313e+00 6.148445378907938519e+00
1.127608368750900425e+01 1.192691074773087445e+00 5.803718394323584384e+00
1.134783465098688993e+01 1.220577906641694188e+00 5.761594375810402013e+00
1.142757370155597130e+01 1.235815714594438841e+00 5.779289277481630904e+00
1.163690165321999714e+01 1.285598031623685245e+00 5.871245137588243956e+00
1.187186869687364954e+01 1.336905480118138589e+00 6.058909469096671607e+00
1.236490374225615874e+01 1.483676028310041861e+00 6.261047354487826233e+00
1.279998716863564390e+01 1.652453491931998197e+00 6.538081013182538648e+00
1.308165587631465243e+01 1.734413268981414680e+00 6.608879754358161662e+00
1.330537183943235924e+01 1.786151806295922739e+00 6.839269152499639404e+00
1.387925348472842479e+01 1.967854055611583330e+00 7.213080562959227393e+00
1.453055440498487272e+01 2.160360538827258203e+00 7.425964153219997144e+00
1.503641743804927167e+01 2.305178243408730676e+00 7.793653652211497196e+00
1.577610057088315720e+01 2.543662656677712075e+00 8.290258968448350529e+00
1.615800136867886394e+01 2.625547021322575780e+00 8.431931863204148669e+00
1.634720433835182263e+01 2.721038259976948481e+00 8.503001863924506409e+00
1.666787364032560248e+01 2.772815066272871221e+00 8.784798885247083078e+00
1.702097702960668357e+01 2.875195847140181726e+00 9.105972437328915703e+00
1.744846631429188832e+01 2.961387723310762166e+00 9.421177153868319110e+00
1.798958746038034917e+01 3.128972095159198830e+00 9.624561032272007211e+00
1.853937765631753365e+01 3.308260021970897746e+00 1.006649348076646078e+01
1.888668104379772217e+01 3.440438832661000035e+00 1.031508540736205148e+01
1.932365315696585384e+01 3.608395764299092257e+00 1.059167559609566389e+01
1.973704369867454389e+01 3.718321162296498894e+00 1.081848571891658217e+01
1.925435140829851477e+01 3.527838432862699936e+00 1.048575043221437753e+01
1.573340026653220036e+01 2.197417293977812935e+00 8.138450421409018531e+00
1.447977484332228748e+01 1.994517405633194018e+00 7.602026230010085150e+00
1.374849850525860795e+01 1.850485340729001615e+00 7.216792654156461317e+00
1.375560415466071085e+01 1.936938346419824208e+00 7.222047885751332608e+00
1.405588284289007284e+01 2.046479929044806134e+00 7.313739239662872649e+00
1.420072080752053090e+01 2.121580553954761417e+00 7.431856450799596558e+00
1.427551302946261380e+01 2.145858845987609786e+00 7.458186635571243173e+00
1.492196279354559785e+01 2.321143162008356242e+00 7.615839081184267556e+00
1.528755087523411582e+01 2.421701664025356582e+00 7.911457958147241065e+00
1.531387543221437753e+01 2.394266181025788587e+00 7.907592791024348422e+00
1.508931755150554643e+01 2.298424893747298636e+00 7.807652220501368312e+00
1.482058488510301153e+01 2.264948539475579725e+00 7.463800920256447036e+00
1.487951573980694420e+01 2.310655209984151970e+00 7.489505294626134457e+00
1.498182335938625620e+01 2.279074295850742171e+00 7.498487249675839017e+00
1.484917631645296154e+01 2.206922633626278607e+00 7.366874594799019960e+00
1.481974296751188547e+01 2.180620587811554323e+00 7.344986988546319040e+00
1.486692299380492699e+01 2.206109980550353011e+00 7.333475904048407656e+00
1.498576506447197865e+01 2.232177910243480667e+00 7.451171030831292619e+00
1.504331148249531758e+01 2.230261084497910939e+00 7.382069631537242493e+00
1.535219956598472812e+01 2.303997532776257184e+00 7.627597788503097220e+00
1.618916582624981970e+01 2.585455761057484647e+00 8.181878961965134422e+00
1.664496627827402264e+01 2.628811140325601592e+00 8.478980199178792532e+00
1.693183619075061230e+01 2.657888812851174176e+00 8.751259499711856904e+00
1.694117607333237174e+01 2.724340647961388751e+00 8.741154237501801205e+00
1.473053684627575244e+01 1.851188814652067416e+00 7.522149861331220322e+00
1.278755537746722304e+01 1.168872010517216564e+00 6.637993444748595095e+00
1.176029323044229891e+01 1.015183781155453158e+00 6.108222428324449282e+00
1.154403859314219893e+01 1.075501323656533614e+00 5.957922129376170162e+00
1.144096897060942197e+01 1.115376476732459210e+00 5.816090530903328393e+00
1.148699755078518869e+01 1.132643666258464243e+00 5.820002971473851261e+00
1.157183763146520761e+01 1.187203978173173802e+00 5.796573350381789780e+00
1.189031547147385126e+01 1.261004583273303448e+00 5.879693578014695277e+00
1.237794446045238494e+01 1.385728821495461727e+00 6.029294905273015814e+00
1.260298070342890142e+01 1.475842142702780579e+00 6.128759364644864149e+00
1.292277657217980114e+01 1.564653192983719965e+00 6.317992724391298331e+00
1.322651072431926167e+01 1.660374045526581188e+00 6.414103020097968511e+00
1.365700524960380413e+01 1.799963531911828341e+00 6.569289367526293333e+00
1.419448183799164376e+01 1.943276365077078127e+00 6.928393107981558607e+00
1.484767932394467671e+01 2.095719726984584419e+00 7.280439598040628013e+00
1.528029102434807740e+01 2.147950133266100181e+00 7.599205580968160234e+00
1.566824845123181120e+01 2.243651851318253954e+00 7.735923768189021388e+00
1.624098315264371095e+01 2.424632617778418098e+00 8.009578500936465062e+00
1.693457692515487523e+01 2.600866904984872718e+00 8.429606459804062979e+00
1.760986686896700704e+01 2.757014479181674194e+00 8.916480199178792532e+00
1.828996294662152522e+01 2.954288827258320094e+00 9.283918698674542114e+00
1.863493642846852083e+01 3.060243255654804706e+00 9.510856009580752612e+00
1.876848166690678710e+01 3.130202330355856599e+00 9.671439408946838512e+00
1.910224346275752794e+01 3.217386948926667767e+00 9.915723824016712484e+00
1.928364293689670106e+01 3.236308709119723570e+00 1.015392684771646792e+01
1.812297061842674140e+01 2.888635012966431326e+00 9.346972473346779609e+00
1.396676789187436896e+01 1.456476912548624103e+00 7.050642243552801780e+00
1.265799911756231033e+01 1.170265451664025402e+00 6.410371794410027135e+00
1.149921886255582848e+01 1.058872325673534176e+00 5.870510148033424969e+00
1.102093088171733193e+01 1.077609494309177407e+00 5.579874117562311220e+00
1.092739023555683531e+01 1.105516586226768405e+00 5.603510841377323359e+00
1.104736011561734621e+01 1.152839558420976740e+00 5.673782821279354849e+00
1.122457363852470813e+01 1.200952672525572584e+00 5.722688328410892034e+00
1.183504493228641330e+01 1.427736907506123032e+00 6.116028174974787568e+00
1.260456886615761363e+01 1.657867427243912894e+00 6.488281812779138846e+00
1.317813085290304009e+01 1.849939444964702417e+00 6.789947188805647293e+00
1.406933213874081545e+01 2.125345546391010032e+00 7.451195793113384092e+00
1.501257248595303295e+01 2.445452069226336178e+00 8.022857837487393340e+00
1.595665249963982113e+01 2.709994282163953105e+00 8.707888362627864254e+00
1.668248451231810847e+01 2.883607144143495393e+00 9.133007221581904034e+00
1.715842345303270378e+01 3.013355874513758970e+00 9.325840116697882820e+00
1.733759544734188296e+01 3.087929738150122283e+00 9.389750441218843946e+00
1.747862789943811990e+01 3.135557736637371917e+00 9.445923678144358959e+00
1.740115009544734193e+01 3.053678999783892678e+00 9.311802153868319110e+00
1.747675497046535043e+01 3.092157335038178800e+00 9.341569793617633621e+00
1.768623487249675819e+01 3.124387696297363348e+00 9.424749675839215968e+00
1.799987506303126494e+01 3.191822143783316523e+00 9.642996551289439111e+00
1.861137736817461530e+01 3.369475759976948481e+00 1.007451420904768824e+01
1.960375058529030312e+01 3.661290249963982113e+00 1.083088712001152487e+01
1.992488361727416901e+01 3.757910423570090863e+00 1.100356576862123603e+01
1.821623662836767110e+01 3.063356549848724963e+00 9.652571675551072872e+00
1.514356495821927595e+01 2.031149825313355528e+00 8.059982126134562108e+00
1.453803036306007712e+01 1.972941579023195446e+00 7.653259391658262523e+00
1.405282470105172088e+01 1.921846861043077448e+00 7.240342709984152414e+00
1.413695680557556500e+01 1.998432097320270939e+00 7.120343565408442821e+00
1.443256330139749366e+01 2.060354685924218554e+00 7.271432880708831981e+00
1.462570572503961941e+01 2.139353119147096915e+00 7.390309843682466351e+00
1.497963977632905852e+01 2.191545256447197776e+00 7.660930071315372736e+00
1.549818560005762791e+01 2.311466737501800761e+00 8.044226561374442142e+00
1.558725552874225606e+01 2.398150482639389125e+00 8.123277895836334750e+00
1.552367836947125745e+01 2.419760075997694937e+00 8.036804630096527902e+00
1.548313463477884966e+01 2.438664952816596898e+00 8.010075997694857008e+00
1.561060748631321182e+01 2.437217484872496787e+00 8.139248442227344782e+00
1.594567943199827198e+01 2.538527859818469956e+00 8.201640388632762679e+00
1.635938287890793674e+01 2.636865635355136295e+00 8.451845240239158841e+00
1.686412035369543361e+01 2.776751143567209201e+00 8.767509184555539292e+00
1.739841611439273805e+01 2.933461496902463495e+00 9.104761336622965828e+00
1.805230244201123924e+01 3.164134535729722142e+00 9.554583948638525115e+00
1.887193960704509266e+01 3.401459623973490665e+00 1.024126566777121461e+01
1.953156965855064087e+01 3.597753610790952461e+00 1.066479073620515727e+01
2.006440106792969402e+01 3.676397493156605467e+00 1.096932290916294406e+01
2.080263785837775714e+01 3.901921102867022206e+00 1.139549979289727766e+01
2.145969713477884966e+01 4.061802153868319110e+00 1.182519066957210718e+01
2.235573607009076369e+01 4.330438022259040842e+00 1.242984170148393552e+01
2.222375985989050662e+01 4.169722932574557284e+00 1.234068623037026313e+01
1.841731423786198008e+01 2.817981468808528955e+00 9.859971545886759614e+00
1.715925749171589132e+01 2.507635787350525725e+00 9.027456868606828166e+00
1.644123685347932451e+01 2.471608918023339374e+00 8.650618831940642295e+00
1.629639100994092971e+01 2.553646358593862686e+00 8.494692992724392155e+00
1.649743372712865508e+01 2.621259769845843746e+00 8.565164196441434896e+00
1.662641145007923882e+01 2.659389182034288979e+00 8.600614779930845444e+00
1.678840967619939661e+01 2.724986718412332642e+00 8.739500792393027240e+00
1.746242773915862401e+01 2.879818514983431665e+00 9.041051361475291870e+00
1.771864532308024920e+01 2.927183132833885537e+00 9.311021016424145813e+00
1.762636192551505587e+01 2.963152598688949535e+00 9.243616959011669465e+00
1.741109552838207719e+01 2.897345708471401604e+00 9.174226291240454856e+00
1.760074759580751902e+01 2.970196342385823307e+00 9.377499864933007245e+00
1.789884607765451818e+01 3.016244057052297922e+00 9.509883527229506583e+00
1.830110147132977971e+01 3.136641649258031794e+00 9.802810068794121534e+00
1.873875904948854654e+01 3.308279156461604753e+00 1.006014870875954514e+01
1.921840783028381949e+01 3.465561293401527188e+00 1.039691574520962369e+01
1.951555183871199972e+01 3.532331661504105824e+00 1.050684902211496841e+01
1.977871524276040915e+01 3.604606009580752168e+00 1.064609408766748366e+01
2.020232135139028884e+01 3.717242877467223927e+00 1.100865779426595559e+01
2.086486322215819200e+01 3.913424308456994627e+00 1.140552176379484273e+01
2.133338923606108750e+01 4.079211163737213930e+00 1.175618381717331751e+01
2.085429873217115571e+01 3.841322170796715341e+00 1.134299362483791995e+01
1.720664236961533078e+01 2.573870389713297957e+00 8.897255663809248816e+00
1.617661585146232639e+01 2.350551748667339069e+00 8.396775050425011599e+00
1.539389249567785534e+01 2.276739887984440269e+00 7.874162584641982043e+00
1.528358553342457782e+01 2.259783352542861223e+00 7.767463036666186760e+00
1.555648051433511014e+01 2.330585470393315095e+00 7.859904012390145134e+00
1.572340193235844907e+01 2.400153976372280784e+00 7.943967457859097969e+00
1.569644030939345924e+01 2.378305764659271127e+00 8.045698791600633726e+00
1.596875900446621444e+01 2.459466395332084776e+00 8.295039214450367737e+00
1.611754880420688707e+01 2.521746911468088381e+00 8.355068614032560959e+00
1.602945248343178264e+01 2.474833642486673480e+00 8.179150608701915459e+00
1.601799204905633189e+01 2.483366499783892678e+00 8.183225129664313258e+00
1.648537224463333928e+01 2.582421255942947802e+00 8.433428855712433503e+00
1.721735318217836053e+01 2.749214360322719930e+00 9.007127035009364846e+00
1.789626404696729622e+01 2.956259679801181317e+00 9.420715674974786680e+00
1.845208273303558499e+01 3.121687481991067603e+00 9.828828473923065800e+00
1.903236655381068942e+01 3.278362943019737852e+00 1.022644093970609447e+01
1.953875522259040309e+01 3.435454860610863026e+00 1.040667658658694705e+01
1.977401153472122175e+01 3.495986259184555411e+00 1.057263002449214895e+01
1.980505555755654967e+01 3.516269944892666643e+00 1.047968479866013602e+01
2.047878885427171980e+01 3.671347113168131227e+00 1.088164191939201864e+01
2.084186018765307580e+01 3.754165691182826503e+00 1.102340598436824592e+01
2.124752489734908423e+01 3.881831013182538648e+00 1.146144962901599129e+01
2.156300762678288407e+01 3.959413494093070085e+00 1.168901500144071548e+01
2.055534595159198830e+01 3.563709975147673070e+00 1.096357693415934342e+01
1.682522105964558534e+01 2.160361664385535008e+00 9.123329671517073081e+00
1.596301528057916741e+01 1.961673615113096014e+00 8.442397304062815522e+00
1.552764033460596416e+01 2.058816047759688850e+00 8.076569478461316010e+00
1.540630177568073833e+01 2.089654093430341586e+00 7.880787620659847725e+00
1.545970501368678818e+01 2.173661260985448873e+00 7.853002089036161593e+00
1.555356869507275697e+01 2.238277310546030741e+00 7.780889821351390623e+00
1.597511953428900711e+01 2.336653355064111981e+00 7.986014938409451425e+00
1.710387552225904173e+01 2.682429359962541504e+00 8.617204383374152954e+00
1.761271678252413153e+01 2.823219817029246403e+00 8.948390901887336213e+00
1.806127651815300439e+01 2.879412188445468868e+00 9.094811401455121569e+00
1.866203649510157092e+01 3.042840999135571156e+00 9.533223103659414832e+00
1.926612249675839195e+01 3.293191047759688850e+00 9.869100949070739759e+00
2.001931683114824878e+01 3.530831292320991022e+00 1.034693195324881110e+01
2.058609958039187404e+01 3.689044265955914170e+00 1.061049493048552073e+01
2.073632896916870649e+01 3.655153706238294387e+00 1.069356000576285837e+01
2.089962721509868970e+01 3.709232279210488592e+00 1.073958633482207148e+01
2.104438751620804027e+01 3.721647187004754276e+00 1.076620466251260666e+01
2.118862780939345924e+01 3.778945982207174925e+00 1.093257230586370810e+01
2.145047093358305546e+01 3.852978452312346924e+00 1.112165821747586847e+01
2.174901738762426007e+01 3.955745299668635528e+00 1.131264182034288979e+01
2.204577082733035454e+01 4.074408406569658858e+00 1.147262979938049199e+01
2.255005019989915027e+01 4.189039763722806953e+00 1.172472671445036774e+01
2.313148546679152773e+01 4.381674560582048628e+00 1.230789196441434896e+01
2.340948260337127351e+01 4.477289610646880469e+00 1.244484651887336035e+01
2.137299087847572565e+01 3.668695297867742511e+00 1.110786224967583991e+01
1.853631613780435217e+01 2.584043185419968136e+00 9.345129934447486519e+00
1.793831940642558820e+01 2.574725814003745672e+00 9.101706571459443396e+00
1.754648105460308471e+01 2.629935573044229979e+00 8.820032235989049951e+00
1.747955873613312150e+01 2.706896745785909886e+00 8.726920427532055768e+00
1.742164538611151059e+01 2.739917248955481721e+00 8.727827627503241814e+00
1.721322801109350209e+01 2.712136219564904138e+00 8.567666312490995750e+00
1.707784361043077226e+01 2.631638542717187779e+00 8.482984935528021353e+00
1.733435383950439501e+01 2.710061815660567586e+00 8.641815840656965619e+00
1.742823552982279267e+01 2.749615059069298262e+00 8.651759022475147276e+00
1.764731081616481845e+01 2.807942614536810044e+00 8.853513092493876968e+00
1.806778337055179406e+01 2.898456634490707451e+00 9.279090053666617877e+00
1.848089364824953051e+01 3.047300461028670249e+00 9.697287854775968441e+00
1.891398821315372558e+01 3.198574367886471759e+00 9.912750099049128849e+00
1.926846703464918775e+01 3.320712073188301527e+00 1.002528229001584847e+01
1.953846707967151630e+01 3.402953239806944197e+00 1.023851030110935056e+01
1.960228510841377414e+01 3.441032001872928792e+00 1.021019012930413439e+01
1.962328239806944197e+01 3.424884742832444928e+00 1.010945941687076832e+01
1.980351691939201686e+01 3.441550884238582242e+00 1.028839842061662502e+01
2.041979046607116999e+01 3.609418896772799368e+00 1.073589000144071548e+01
2.092373217115689243e+01 3.739097842529894855e+00 1.096870160099409297e+01
2.112166497082553107e+01 3.780995623829419561e+00 1.111607319730586418e+01
1.924309019773807705e+01 3.103280101930557588e+00 9.728230577366373311e+00
1.623709997658838944e+01 2.190073026221005748e+00 8.116740653364068692e+00
1.547053288431061802e+01 2.082031812779138402e+00 7.687393071963693814e+00
1.492977641910387554e+01 2.005609782452096201e+00 7.308238636363636687e+00
1.479211951628007427e+01 2.023810059789655558e+00 7.106155903328050805e+00
1.479077559969745082e+01 2.032615302189886286e+00 7.100516856360754581e+00
1.487123613312202863e+01 2.024014911396052607e+00 7.104780471113672391e+00
1.510444730586370810e+01 2.080980541348508961e+00 7.222421571099265414e+00
1.533707431385967368e+01 2.132989212649474275e+00 7.224604028598184513e+00
1.495684834678000286e+01 1.969353299236421329e+00 7.272602335758536540e+00
1.425865554314940198e+01 1.779718115185131788e+00 6.868732891514190975e+00
1.396877138560726195e+01 1.764673903256015031e+00 6.724203329851606625e+00
1.387191259364644935e+01 1.773066065768621247e+00 6.658117301181386338e+00
1.388994066056764076e+01 1.811053657614176693e+00 6.717043653652211788e+00
1.423696040736205148e+01 1.903341557412476570e+00 6.844781011381645186e+00
1.474177442011237638e+01 2.044137642270566158e+00 7.141773069442443500e+00
1.515482391766316006e+01 2.146758167050857313e+00 7.357421030831292619e+00
1.545032123433222893e+01 2.225425686140325432e+00 7.413919554098833409e+00
1.566815953212793566e+01 2.288194694568506105e+00 7.629507860899005678e+00
1.614042465062670928e+01 2.418114509796859046e+00 7.854848004610286871e+00
1.680158546138885001e+01 2.596226228209191689e+00 8.249454104235701024e+00
1.684693983215674962e+01 2.610451033712721358e+00 8.366632599769484813e+00
1.430177005294626191e+01 1.704934897709263764e+00 6.818861655381068587e+00
1.203784577150266522e+01 1.024211884094510916e+00 5.663096770998414797e+00
1.100172998307160377e+01 8.522941128799884636e-01 5.263239942011237460e+00
1.079847441831148203e+01 8.638085740527301493e-01 5.066898681746145883e+00
1.101258936932718591e+01 9.328300587091197249e-01 5.177125729361763184e+00
1.132941714090188690e+01 9.941178324448927128e-01 5.326542465062670928e+00
1.161970762498199150e+01 1.058811545526581188e+00 5.510723193704077261e+00
1.235672656137444214e+01 1.266141631249099619e+00 5.858318100777985649e+00
1.316862213657974401e+01 1.503858413773231595e+00 6.152420850741967762e+00
1.350227137660279553e+01 1.579247181602074557e+00 6.302430755654804706e+00
1.338347545382509729e+01 1.539146916870767878e+00 6.203787953825097290e+00
1.306315845159199007e+01 1.477102767972914510e+00 6.017167014839360561e+00
1.315943532992364240e+01 1.482863375234116043e+00 6.019132239590836875e+00
1.327727790484080117e+01 1.535096032632185636e+00 6.101061626566776752e+00
1.343365734404264522e+01 1.593246875450223365e+00 6.230673038827258203e+00
1.384711204257311579e+01 1.684558916222446356e+00 6.402438859674398408e+00
1.466378336154732764e+01 1.888538214954617489e+00 6.766588477885030706e+00
1.547867179621092149e+01 2.102761219564904138e+00 7.206530939345915598e+00
1.580637808853191117e+01 2.217664961821063319e+00 7.345079284325024993e+00
1.621505254106036631e+01 2.296000441218844390e+00 7.590150464630456284e+00
1.668922998307160199e+01 2.434284280002881218e+00 7.927956391370119427e+00
1.718060032776256918e+01 2.544588991139605128e+00 8.316744480262210359e+00
1.770562936716611446e+01 2.688259751836910905e+00 8.633045490563318936e+00
1.795472779498631155e+01 2.804644728785477437e+00 8.798744552297939947e+00
1.627266536702204291e+01 2.198961559933727106e+00 7.819273609710416295e+00
1.263533825277337641e+01 1.036146178504538273e+00 5.866441254862412080e+00
1.185378547759688850e+01 9.526320054747154931e-01 5.485789826754070120e+00
1.144578748559285408e+01 9.482367004034001345e-01 5.271004043005330431e+00
1.150635152535657646e+01 9.876841413341017617e-01 5.291534225976084471e+00
1.187892594726984541e+01 1.123056160855784524e+00 5.550115482279210255e+00
1.233580806079815595e+01 1.225301874729866070e+00 5.710082075709552285e+00
1.278670558096816023e+01 1.357776707246794334e+00 5.983892135499207399e+00
1.364961708507419758e+01 1.657381186068289880e+00 6.432961749027517939e+00
1.400858913521106430e+01 1.769915628151563114e+00 6.674826213802045771e+00
1.389486272691254776e+01 1.760823368390721733e+00 6.640734179152859795e+00
1.377201254322143775e+01 1.741701258824376986e+00 6.615562193848148809e+00
1.390289471077654504e+01 1.806496272150986959e+00 6.652662845771502909e+00
1.420318015235556786e+01 1.832094844042645221e+00 6.828154264515199579e+00
1.443435519017432611e+01 1.900522033928828680e+00 6.937626062527013637e+00
1.476329509436680532e+01 1.999684843682466573e+00 7.093407830283820381e+00
1.527015649762282123e+01 2.131765730802478220e+00 7.245601318253854117e+00
1.576515901887336035e+01 2.296468673462037202e+00 7.530361934519521405e+00
1.624571725075637474e+01 2.387241571819622710e+00 7.951369129088027954e+00
1.684979312238870364e+01 2.583856342746002177e+00 8.381198449430916853e+00
1.761756118534793103e+01 2.767242427243913117e+00 8.974111034072899784e+00
1.812524987393747367e+01 2.959903111943523957e+00 9.235437527013399261e+00
1.804710236277193403e+01 3.000360178648609821e+00 9.200966179224895569e+00
1.448972590404840766e+01 2.018623487249675996e+00 7.166329374369687422e+00
1.339423353983575815e+01 1.505525365581328323e+00 6.346471599913557249e+00
1.303369696369399300e+01 1.465346311770638232e+00 6.154695604019593702e+00
1.302824926163376951e+01 1.474148177496038103e+00 6.234230928540555716e+00
1.301342453356864937e+01 1.486352605892522716e+00 6.252624801901743190e+00
1.301301708147241065e+01 1.481422660639677202e+00 6.267888497694857008e+00
1.314476142666762648e+01 1.570945063751620907e+00 6.352721825025212432e+00
1.342549592097680389e+01 1.645190264371128031e+00 6.469963351822504372e+00
1.366110903508140062e+01 1.726705445901167035e+00 6.597042257959947698e+00
1.390212482891514156e+01 1.769308952240311150e+00 6.664696189309897711e+00
1.401322868642846764e+01 1.747948107261201534e+00 6.870331184267396196e+00
1.423556021286558071e+01 1.810786900302550073e+00 6.893971284757239637e+00
1.462674911756231033e+01 1.908983981054602985e+00 7.069724958579455709e+00
1.513516604235700846e+01 2.063200097248234943e+00 7.255529867814435541e+00
1.537202402391586276e+01 2.122146709768045092e+00 7.395553819694568709e+00
1.546188071783604734e+01 2.155602803990779304e+00 7.436722239230658005e+00
1.563917302982279267e+01 2.196135283100417723e+00 7.527457994165105859e+00
1.608389911396052341e+01 2.306838441867165912e+00 7.742954005186572175e+00
1.688768504178072405e+01 2.492142477668923828e+00 8.212237519809825415e+00
1.764363811950727623e+01 2.708128106540844460e+00 8.628133554242904069e+00
1.746797449034721339e+01 2.640918770710272145e+00 8.612085344330788317e+00
1.472243620335686565e+01 1.805038674182394498e+00 7.010798606108630260e+00
1.356033555143351066e+01 1.468125315156317612e+00 6.413718079167266772e+00
1.306205202780579100e+01 1.402280155957354779e+00 6.085060690102290337e+00
1.274814170328482987e+01 1.351349769485664876e+00 5.945199944172309792e+00
1.277917334497911028e+01 1.359297336478893614e+00 5.806343196225327574e+00
1.286584470897565247e+01 1.359124000504250196e+00 5.841828672021322610e+00
1.312524424614608876e+01 1.414989960020170079e+00 5.924656254502233210e+00
1.357200308853191117e+01 1.546541834750035926e+00 6.198005960956634475e+00
1.393492022042933343e+01 1.646163872280651308e+00 6.358444163304999286e+00
1.390522123973490842e+01 1.658592286774239977e+00 6.431513155525140135e+00
1.396132469204725624e+01 1.645766550208903611e+00 6.410564264875378448e+00
1.409488906497622906e+01 1.710633599265235505e+00 6.475420058348941410e+00
1.442179621092061659e+01 1.755711082697017700e+00 6.620756645296066445e+00
1.467760634274600129e+01 1.846879052009796851e+00 6.745718376314652431e+00
1.490381316633049913e+01 1.894616229649906280e+00 6.755415060870191724e+00
1.492238262678288407e+01 1.909779750756375183e+00 6.854200808601065731e+00
1.490332579959659931e+01 1.933731630888920972e+00 6.815956589468376237e+00
1.507884085506411154e+01 1.967008761345627521e+00 6.923964036161936342e+00
1.546809154840800993e+01 2.050858350741968206e+00 6.967590674974787568e+00
1.604369079563463529e+01 2.163786738222158057e+00 7.294416780723238958e+00
1.654479721942083259e+01 2.302103218196225320e+00 7.759020224031119461e+00
1.630042613636363669e+01 2.235606360754934574e+00 7.709493408730730302e+00
1.389715661468088115e+01 1.468238996542285069e+00 6.462581940642558642e+00
1.280010872892954943e+01 1.185849931566056670e+00 5.875613429260913456e+00
1.239462298299956799e+01 1.133947062743120515e+00 5.606942668563607235e+00
1.251471329779570674e+01 1.157799893747298636e+00 5.576227308745137279e+00
1.253330076718052233e+01 1.191192956706526473e+00 5.489184510517216786e+00
1.246383806367958513e+01 1.175456526437112847e+00 5.516419644143494949e+00
1.246891545706670534e+01 1.184248262138020369e+00 5.486243426739663143e+00
1.277170751692839623e+01 1.270857720429332982e+00 5.688600795994813275e+00
1.313687013758824307e+01 1.347962964630456728e+00 5.796850237717907639e+00
1.323499518261057517e+01 1.385119894467655932e+00 5.865066948206310471e+00
1.330580292825241351e+01 1.389053720645440082e+00 5.962424362483791818e+00
1.348531934339432325e+01 1.470082660999855850e+00 5.993987267684771858e+00
1.403427775176487557e+01 1.587928612591845479e+00 6.309830175767180194e+00
1.474727502341161234e+01 1.751185212865581375e+00 6.598598905056908492e+00
1.511192664061374380e+01 1.891063967727993012e+00 6.739489536810258308e+00
1.537164245965999143e+01 1.951194667555107287e+00 6.982273582697017922e+00
1.560184388956922596e+01 2.006462955625990308e+00 7.115097338279786854e+00
1.638615540808240922e+01 2.316000486241175604e+00 7.646283181458002787e+00
1.698527319550496983e+01 2.313789889785333731e+00 7.890647511165537864e+00
1.715184906713729873e+01 2.435952357369254972e+00 7.864315075277337641e+00
1.747148172993804849e+01 2.543279966863564390e+00 8.132993714882582381e+00
1.779002372676847799e+01 2.616586451880132724e+00 8.404969114680881148e+00
1.814533546138885001e+01 2.764572603011093310e+00 8.714127332156749617e+00
1.851866963513903031e+01 2.918592872064543986e+00 8.995343565408441933e+00
1.778783901815300439e+01 2.650322810113816541e+00 8.554063940714595304e+00
1.517724728965566960e+01 1.714681106828987112e+00 7.398747028526148739e+00
1.456270822828122746e+01 1.694401923353983541e+00 7.094280137948422826e+00
1.422170233936032346e+01 1.650076312851174176e+00 6.893684267396628762e+00
1.409229690426451498e+01 1.700364005546751267e+00 6.768153003889929131e+00
1.400073048732171088e+01 1.711818812130816880e+00 6.741552685131825484e+00
1.383519688265379699e+01 1.670210299308457103e+00 6.599089648465638724e+00
1.378521984404264522e+01 1.693596023627719438e+00 6.511484071099265414e+00
1.409018873361187119e+01 1.770774429116841908e+00 6.687198350381789780e+00
1.430125792393026884e+01 1.843088171733179736e+00 6.785726345267252491e+00
1.446119525284541218e+01 1.808072053738654317e+00 6.920796715170724589e+00
1.475851935059789710e+01 1.923018567209335838e+00 7.074986943523987826e+00
1.537878187581040201e+01 2.118065435455986023e+00 7.436901202996686777e+00
1.610745029534649220e+01 2.272705887120011425e+00 7.854398906857801066e+00
1.658212748523267521e+01 2.444603398285549734e+00 8.129657560149833984e+00
1.696733742436248349e+01 2.573093754502233210e+00 8.386708057196369026e+00
1.708431669608125603e+01 2.623497379700331145e+00 8.410148933871200327e+00
1.732527058420976829e+01 2.693678189381933485e+00 8.591828672021321722e+00
1.821491634850886143e+01 2.937692470465350869e+00 9.317211586947125923e+00
1.990093173714162234e+01 3.493965882077510354e+00 1.055362497298660074e+01
2.096013610250684422e+01 3.855043851750468153e+00 1.120010850381789425e+01
2.042824565984728480e+01 3.613404498631321182e+00 1.088629947954185262e+01
1.678364068578014567e+01 2.333056070811122318e+00 8.533752116049560854e+00
1.578689129808384983e+01 2.203084479902031489e+00 8.023771790808240212e+00
1.525898082949142776e+01 2.182671354992076207e+00 7.759745083561446322e+00
1.480608544337991717e+01 2.152841809537530793e+00 7.471569523483648112e+00
1.471571549488546360e+01 2.139633383158046520e+00 7.554906983863996395e+00
1.471413183438985683e+01 2.165602263722806509e+00 7.479853632401670893e+00
1.485179549056331894e+01 2.170329608485809025e+00 7.545604244705374164e+00
1.531062031767756793e+01 2.297235178648609821e+00 7.808674227416799063e+00
1.571467547903760220e+01 2.365765919896268610e+00 8.027991508788359099e+00
1.584538768729289693e+01 2.424850976084137688e+00 8.122501260625270447e+00
1.587064408946837624e+01 2.446892783820775019e+00 8.149462883590260276e+00
1.605616535801757649e+01 2.491768792320991022e+00 8.244250648321568065e+00
1.634618008031984004e+01 2.604657785261489611e+00 8.404593178216394733e+00
1.671509868894971973e+01 2.716681223887047913e+00 8.581070586010660861e+00
1.699293937292897283e+01 2.793676163377035060e+00 8.830086848076646788e+00
1.739564273879844336e+01 2.849653553162368347e+00 9.104642027445613905e+00
1.752450790592133600e+01 2.927499414709695991e+00 9.142174893747299080e+00
1.767392914385535363e+01 2.994562427964270412e+00 9.071340134706813885e+00
1.785023884346636081e+01 3.012013083489410548e+00 9.223068767108486554e+00
1.834738555323440323e+01 3.183245389713297957e+00 9.654597680449503727e+00
1.899248127071027170e+01 3.401941362916006462e+00 1.006906313031263522e+01
1.929207899618210575e+01 3.478285729721942054e+00 1.023506384166546646e+01
1.846467210236277268e+01 3.081342971113672391e+00 9.634486205157758221e+00
1.469751071531479703e+01 1.769207651995389652e+00 7.452056845195216717e+00
1.395512061482495270e+01 1.698923290952312426e+00 6.915275851822504372e+00
1.326210200259328609e+01 1.653538530110935101e+00 6.559139082985161018e+00
1.292882757347644507e+01 1.646581454401383038e+00 6.360661513110502874e+00
1.257666177424002285e+01 1.566573395404120550e+00 6.187121812418959976e+00
1.207843115185131744e+01 1.385562238870479801e+00 5.984135256087019350e+00
1.170070279858810025e+01 1.214520151995389652e+00 5.807045544590116570e+00
1.163978420796715163e+01 1.210499657830283793e+00 5.799408631681314041e+00
1.124954977668923739e+01 1.185334425875234077e+00 5.346434456490419151e+00
1.089593313283388554e+01 9.431142846852038630e-01 5.280795274456130173e+00
1.078058929729145632e+01 9.346849787494597717e-01 5.218287395548191654e+00
1.082269755798876254e+01 9.668354253709839918e-01 5.191386552730154591e+00
1.100119871956490414e+01 9.886701303846707756e-01 5.297118120587811951e+00
1.168074552478029027e+01 1.157955220789511630e+00 5.603367895476155880e+00
1.249359219672957799e+01 1.423160387552225847e+00 5.975558502017000784e+00
1.329648893351102146e+01 1.670311599553378379e+00 6.342258635283100077e+00
1.387573161287998857e+01 1.885069244345195294e+00 6.664675929260913456e+00
1.455894436140325610e+01 2.061678342457859081e+00 7.112916006339144559e+00
1.537002278129952515e+01 2.323389776329059409e+00 7.546554215891082329e+00
1.610958885607261237e+01 2.492823440426451320e+00 8.215217998127071652e+00
1.679814125306151951e+01 2.709349337271286462e+00 8.559979875018008499e+00
1.754196756591269235e+01 2.893189021754790424e+00 9.094717980118138811e+00
1.809801699142774822e+01 3.077358494813427381e+00 9.389628880924938414e+00
1.848249644323584562e+01 3.263495443740095148e+00 9.723074394899869688e+00
1.930512083993660966e+01 3.544307601570378718e+00 1.028194221834029598e+01
1.990539795238438359e+01 3.749887444172309348e+00 1.081794432538539041e+01
1.938346532380060339e+01 3.481211055683619104e+00 1.043338721005618730e+01
1.561812283892810882e+01 2.166868516784325127e+00 7.955593349301253170e+00
1.499369574809105288e+01 2.087362456778562247e+00 7.603441056764155270e+00
1.459023713261777822e+01 2.091173597104163839e+00 7.378946207318830552e+00
1.453809677099841480e+01 2.132103398285549734e+00 7.212585317317389055e+00
1.482112627863420329e+01 2.211895350093646240e+00 7.379805008284108681e+00
1.500437504502233033e+01 2.238530561158334375e+00 7.628852785981846907e+00
1.510609624873937484e+01 2.312895070955193866e+00 7.750140694784612982e+00
1.548907533136435610e+01 2.427354217691975347e+00 7.902292537098400516e+00
1.583078694532488129e+01 2.554488276184987861e+00 8.162717457859098857e+00
1.589997838928108287e+01 2.558586433871200327e+00 8.296771448638525115e+00
1.569029363564327895e+01 2.531304026797291495e+00 8.163426559573547792e+00
1.581864442263362669e+01 2.551885985448782534e+00 8.183040538106901352e+00
1.612519021934879859e+01 2.639695288863276090e+00 8.406526887336118747e+00
1.656283991859962512e+01 2.742617463261777910e+00 8.755382419680161732e+00
1.688078762065984861e+01 2.876821153292032918e+00 8.845350543869759719e+00
1.714652855316236923e+01 2.960237402751765057e+00 8.953158766748307684e+00
1.729555584569946802e+01 2.981747946981702757e+00 9.070202195288862512e+00
1.738916740203140776e+01 3.028941479974067263e+00 9.172917266964415006e+00
1.738534613168131315e+01 3.003139182034288979e+00 9.129133049992796956e+00
1.770678531551649471e+01 3.138256825385391302e+00 9.343627314147816776e+00
1.812923322467944232e+01 3.305179368967007481e+00 9.627292762210055699e+00
1.856506739842962261e+01 3.433095690462469207e+00 9.890661017864861293e+00
1.884756451700043201e+01 3.538438940714594416e+00 1.018503052514046914e+01
1.831987465783028313e+01 3.296765820847140205e+00 9.811089675479037098e+00
1.502610057088315720e+01 2.048297705662008195e+00 7.789618525788791104e+00
1.396081819082264808e+01 1.780223490851462254e+00 7.118845447341881183e+00
1.318995371704365382e+01 1.683356819982711361e+00 6.687350300749171694e+00
1.298945126782884252e+01 1.707522556187869078e+00 6.463215629952456354e+00
1.305422376998991574e+01 1.759016847356288826e+00 6.543903526148969974e+00
1.315761980442299439e+01 1.766446657542140919e+00 6.549273564688085081e+00
1.336512322612015602e+01 1.847813265379628200e+00 6.745669977308745402e+00
1.404053698134274519e+01 2.009686554531047609e+00 6.976175307952744653e+00
1.424320500468232176e+01 2.045132635787350495e+00 7.036452330355856155e+00
1.410773731270710307e+01 2.028747883950439590e+00 6.962930863708399087e+00
1.400385278598184691e+01 2.011656281515631584e+00 6.978828248811410617e+00
1.403332890613744333e+01 2.048692776617202060e+00 6.919605874513758970e+00
1.426654458111223178e+01 2.134320748091053321e+00 7.102482081112231782e+00
1.469194708075205291e+01 2.212128340656966063e+00 7.388630510733324108e+00
1.516795693163809311e+01 2.335380348652931648e+00 7.520955643999423401e+00
1.559493858954041201e+01 2.419871506267108341e+00 7.900410603659414832e+00
1.585903283028382127e+01 2.529606684915718162e+00 8.001878556764154382e+00
1.643091548408010283e+01 2.742522916366517904e+00 8.200241319694567821e+00
1.692287111907506159e+01 2.794228812490995750e+00 8.476539988834462136e+00
1.728453325349373415e+01 2.892915511093502534e+00 8.740859341233251811e+00
1.756953924146376522e+01 3.040287107405272859e+00 9.049320838135715306e+00
1.794361065588531901e+01 3.228600886039475704e+00 9.292667663160928626e+00
1.851537062382941912e+01 3.450102876026509335e+00 9.835687626062526334e+00
1.922505537746722482e+01 3.641665015847860509e+00 1.063369268657253919e+01
2.021314809645584276e+01 3.964054170868751115e+00 1.147438229361763362e+01
2.039874815408442643e+01 4.049487420760697454e+00 1.164081184267396551e+01
1.816657249495749937e+01 3.111166888776833339e+00 9.882974580391874042e+00
1.581826285837775536e+01 2.305755654804783283e+00 8.630697575997695381e+00
1.492263700295346496e+01 2.096162071387408066e+00 8.020360223670941480e+00
1.427267437148825735e+01 1.997079176271430612e+00 7.521037809753638115e+00
1.401888236565336321e+01 1.986030696225327796e+00 7.267586848076645900e+00
1.377731054603083116e+01 1.950745569802622148e+00 7.052571450439417688e+00
1.363400559177351923e+01 1.948273843826537899e+00 6.979463063679585133e+00
1.409260755834894141e+01 2.092343052153868399e+00 7.182423732171156594e+00
1.523755807880708879e+01 2.411130420688661680e+00 7.890593484368246813e+00
1.562248437725111572e+01 2.539130033496614480e+00 8.088553297435527867e+00
1.596482968052153950e+01 2.609476300244921276e+00 8.435158838784037272e+00
1.645732445793113286e+01 2.787689318902175639e+00 8.761518963405849902e+00
1.699105631393171123e+01 2.959384229577870506e+00 8.993943370911972934e+00
1.724695198818614017e+01 3.062540520097968511e+00 9.229593628439706876e+00
1.763216417843250383e+01 3.188335164241463904e+00 9.631996470249243103e+00
1.816629560762137885e+01 3.397256789367526508e+00 1.006834614969024599e+01
1.852269688265379699e+01 3.516599733467800082e+00 1.028989991535801707e+01
1.878620245641838338e+01 3.625850922057340497e+00 1.038611601354271663e+01
1.933271615221149631e+01 3.778582426883734247e+00 1.067546778201988111e+01
2.027685919716179086e+01 4.066502485232675213e+00 1.161763096996110001e+01
2.122182727632905852e+01 4.375139569226336178e+00 1.214490774924362526e+01
2.193688319406425435e+01 4.583090963117706806e+00 1.282311739122604877e+01
2.228430814183835196e+01 4.696699187797147346e+00 1.302722275248523331e+01
2.078985939526004856e+01 4.079739050569082259e+00 1.190446599013110429e+01
1.850252687833165410e+01 3.235275446621524331e+00 1.032921904264515156e+01
1.795868750900446642e+01 3.155073791600633726e+00 9.866990527301542357e+00
1.790635692803630619e+01 3.259553738654372701e+00 9.794431412980838303e+00
1.815583129232098969e+01 3.338168356504826573e+00 9.940840656965855615e+00
1.840102403292032918e+01 3.475882662800749312e+00 1.001885535225471813e+01
1.898028134454689564e+01 3.664315750612303635e+00 1.038241968016136063e+01
2.004521255042500982e+01 3.917646277553666678e+00 1.119285878295634618e+01
2.056025113456274411e+01 4.070635535225472168e+00 1.162010044482063087e+01
2.060515640757815703e+01 4.040909541132402083e+00 1.163319406425587133e+01
2.070464000144071548e+01 4.116082201772078619e+00 1.170363938013254490e+01
2.091853997082553107e+01 4.204143630240599450e+00 1.186739347716467385e+01
2.117433884706814595e+01 4.293129142054459280e+00 1.206397110466791567e+01
2.171194149798299833e+01 4.550020935383950693e+00 1.246748374693848227e+01
2.242260661287998857e+01 4.800323710560437718e+00 1.317539687184843622e+01
2.295943938193343925e+01 4.978605388272582921e+00 1.345150982387264094e+01
2.326077046715170837e+01 5.046778201988185941e+00 1.368938868678864651e+01
2.360828208291312436e+01 5.152723625918455674e+00 1.388484300713153807e+01
2.388828046210920775e+01 5.269218907578158806e+00 1.389220640937905138e+01
2.432615527301541647e+01 5.357982684411467744e+00 1.425763241067569531e+01
2.475396309069298439e+01 5.498750630312635224e+00 1.456903724247226606e+01
2.459497798408010283e+01 5.479943677063823237e+00 1.445024469636939912e+01
2.086498253133554215e+01 3.822583876602795083e+00 1.148710672993804849e+01
1.868925474535369702e+01 3.182803045310473866e+00 1.018874824412908886e+01
1.786685996254141884e+01 3.083232783460596593e+00 9.739661747226623589e+00
1.748745115077078083e+01 3.047146259544734281e+00 9.471884679801181761e+00
1.716141968916582528e+01 3.047191281875810454e+00 9.240428252413197541e+00
1.708145665249963940e+01 3.059842556908226374e+00 9.178934501512749478e+00
1.717161387047975651e+01 3.010466566416942769e+00 9.254295130384670998e+00
1.760944928684627442e+01 3.162012858377755364e+00 9.310412089396340463e+00
1.767325155777265522e+01 3.185481874009508552e+00 9.448334623973490665e+00
1.771820185311914742e+01 3.284313769629736424e+00 9.601879907434087258e+00
1.774643985917014888e+01 3.316983098616914205e+00 9.752334407866301902e+00
1.772951934159343068e+01 3.259422048335974598e+00 9.795629006987466525e+00
1.767559609566344747e+01 3.248073044229938144e+00 9.675904498631320294e+00
1.774253979974067263e+01 3.294603623397204917e+00 9.707451646016423297e+00
1.789157384562743047e+01 3.396772799308457103e+00 9.783112798948279121e+00
1.798625693343898746e+01 3.431055053306439895e+00 9.782515127503241814e+00
1.806881325637516156e+01 3.454637750324160983e+00 9.710921742184122962e+00
1.835928382977957085e+01 3.487875486241175604e+00 9.909043635643278947e+00
1.862423011813859830e+01 3.584747784901311185e+00 1.023440539007347638e+01
1.899628002989482667e+01 3.723282623181098039e+00 1.039934807664601557e+01
1.943071288359026028e+01 3.853720195216827626e+00 1.071734755438697562e+01
2.018738069082264630e+01 4.123599805503530114e+00 1.137288732711424899e+01
2.121550388992940483e+01 4.518180017288575101e+00 1.206684690606540933e+01
2.151775343070162805e+01 4.578929774167987077e+00 1.226874729866013602e+01
1.926827343862555963e+01 3.490828951159775428e+00 1.061121753889929487e+01
1.660389465674974829e+01 2.497801784685203863e+00 8.968234494309177407e+00
1.562644521682754650e+01 2.431742769413629102e+00 8.448483197666043054e+00
1.548338563427460102e+01 2.516895755294626280e+00 8.350494345195217605e+00
1.558782618678864651e+01 2.604162539619651273e+00 8.343865932502520621e+00
1.574801226408298582e+01 2.664312373937472778e+00 8.493325439417951372e+00
1.602931403976372238e+01 2.741605586370839731e+00 8.647054188877683956e+00
1.655759144035441466e+01 2.910826519953896963e+00 8.989390487681889752e+00
1.720445653544157949e+01 3.187716107189165982e+00 9.501966350309754006e+00
1.752548826718052055e+01 3.273095330283820825e+00 9.686341800533064372e+00
1.759954212289295583e+01 3.320242715386831911e+00 9.763542717187725373e+00
1.765651338063679532e+01 3.321893909379051824e+00 9.764301343466359029e+00
1.794749945973202543e+01 3.464362573836623049e+00 9.935426721653939808e+00
1.852261696801613766e+01 3.645610097608413813e+00 1.038973806007779821e+01
1.930931241895980577e+01 3.931821558493012514e+00 1.099849400302550073e+01
2.010217818037746795e+01 4.166725570883158092e+00 1.163219344294770252e+01
2.098506384166546468e+01 4.437935591053162376e+00 1.220662098400806883e+01
2.178445221329779713e+01 4.667511210560437718e+00 1.270031110430773680e+01
2.226998653832300690e+01 4.845066903183979257e+00 1.325598009112519726e+01
2.336112074088747903e+01 5.262901148969889142e+00 1.419925307952744475e+01
2.469235453284829163e+01 5.795264326105748154e+00 1.511028670220429326e+01
2.529429184375450390e+01 5.897185879196081615e+00 1.586570063751620729e+01
2.506704500432214289e+01 5.674470537386543612e+00 1.577242899978389268e+01
2.095024244525284374e+01 3.889539961821063319e+00 1.199267824340873112e+01
1.970218178216395444e+01 3.675253925947269629e+00 1.139530056908226463e+01
1.920231459804062979e+01 3.671311095303270378e+00 1.094803747658838766e+01
1.905313310401959370e+01 3.710228398285549734e+00 1.084669446045238494e+01
1.908089612447773931e+01 3.761207183763146666e+00 1.091549983791960798e+01
1.916004650806800313e+01 3.792066615041060462e+00 1.095752593286269949e+01
1.919826709047687530e+01 3.861462910603659537e+00 1.086930242400230462e+01
1.977745011525716734e+01 4.039625279138452818e+00 1.132855046102866936e+01
2.003141320595015173e+01 4.120509022475147276e+00 1.163402134958939627e+01
2.013969191218844657e+01 4.175463279786773896e+00 1.172423371992508301e+01
2.021008545238438359e+01 4.173143504178072227e+00 1.174564296391009854e+01
2.048257073008212004e+01 4.304437626062527222e+00 1.198855532344042629e+01
2.097513754322143953e+01 4.462443496974499269e+00 1.244223972590404870e+01
2.144955472914565675e+01 4.643585218268261094e+00 1.294786188949719019e+01
2.184226313751620907e+01 4.762285468592422077e+00 1.328867868462757507e+01
2.211309609566344747e+01 4.843112934015271875e+00 1.338959061194352351e+01
2.234329752557268378e+01 4.882199070739086544e+00 1.345612798948278410e+01
2.272047548083849478e+01 4.994598445829130817e+00 1.379498856432790710e+01
2.335386989446765682e+01 5.274523663737213930e+00 1.436771426127359241e+01
2.480384108017576850e+01 5.696223076646016459e+00 1.528167208435383984e+01
2.506095685960236352e+01 5.707915376026509335e+00 1.530401779282524188e+01
2.192090589432358527e+01 4.520339963621956336e+00 1.289632707823080260e+01
1.993340071675551073e+01 3.817364662872785086e+00 1.150924871236133207e+01
1.938195820126782820e+01 3.629501107549344407e+00 1.119618143098977114e+01
1.907432624081544503e+01 3.593138821855640597e+00 1.101236088099697419e+01
1.903813053774672071e+01 3.672782199971185602e+00 1.103663354523843765e+01
1.905321526977380842e+01 3.735551208399366274e+00 1.114394089468376237e+01
1.919716179224895569e+01 3.804716764515199579e+00 1.131799610106612874e+01
1.937868845447341926e+01 3.870427982279210699e+00 1.143379128547759649e+01
1.951378583777553644e+01 3.901222131177063623e+00 1.154956958651491128e+01
1.915633441687076655e+01 3.761096879052009623e+00 1.108752453717043629e+01
1.710277810293905887e+01 2.665222950583489236e+00 9.502610169644142957e+00
1.608707093718484415e+01 2.498454608485809025e+00 8.779243129592277484e+00
1.581539606144647792e+01 2.532788638164529704e+00 8.529013515703789849e+00
1.594275973382797851e+01 2.608896637732315060e+00 8.569353524348077400e+00
1.738402585182250348e+01 3.254657560149834428e+00 9.629773492652356381e+00
1.937508441687076655e+01 3.940043761705806169e+00 1.108289061374441786e+01
2.037027152967872112e+01 4.280688346419823986e+00 1.185211965134706880e+01
2.095637786342025777e+01 4.486819712577438501e+00 1.231089607945541076e+01
2.145511498703356779e+01 4.627982729433798958e+00 1.271796436032271949e+01
2.162262619759400550e+01 4.699478191182826947e+00 1.280729429296931343e+01
2.104341615941507015e+01 4.390745434735628727e+00 1.221379079023195580e+01
2.014123730370263488e+01 3.992722140181530044e+00 1.130014249567785534e+01
1.887793320486961690e+01 3.539509346635931308e+00 1.037458466899582277e+01
1.555310721617922454e+01 2.417878142558709254e+00 8.256882788863276090e+00
1.296640433655093005e+01 1.441445081760553304e+00 6.718366184627575066e+00
1.175051663124910029e+01 1.268046075853623389e+00 6.100057628583777536e+00
1.207375220609422328e+01 1.520188013254574200e+00 6.311142576718052233e+00
1.314250693343898568e+01 1.880487096599913643e+00 6.783676703645007855e+00
1.383742548804206862e+01 2.107012453176775768e+00 7.235381249099553713e+00
1.463174884742832482e+01 2.348962460380348727e+00 7.835599832516928487e+00
1.566908361547327466e+01 2.668231567857657360e+00 8.433040538106901352e+00
1.624037647673246099e+01 2.865357342241751759e+00 8.778794031839792567e+00
1.634836478893531364e+01 2.920281209479901996e+00 8.839526905345051588e+00
1.646094425334966260e+01 2.971223977092638080e+00 9.001321405417087362e+00
1.649869210128223429e+01 2.995009274600201721e+00 9.040436806656101609e+00
1.632897029426595736e+01 2.951382635787350495e+00 8.969093295274456423e+00
1.564270052946261380e+01 2.703750810401959193e+00 8.443681566056763899e+00
1.492311198854631904e+01 2.499305530543149523e+00 8.063962100201699457e+00
1.445776004898429612e+01 2.291910162440570442e+00 7.705801577582480633e+00
1.477976876530759220e+01 2.307807547543581528e+00 7.652326303846708200e+00
1.692244340692983684e+01 2.893925136867886660e+00 9.054124720861548070e+00
1.988566353911540219e+01 3.763283838784036828e+00 1.102614221653940341e+01
1.930341449358882144e+01 3.508029732747442786e+00 1.054511012462181263e+01
1.832283600165682103e+01 3.169244570306872344e+00 9.763783586658982827e+00
1.954534649185996287e+01 3.652179981270710307e+00 1.081437518008932486e+01
2.131476462325313292e+01 4.239925127863420684e+00 1.217759733827978685e+01
1.951447805611583419e+01 3.469939715098688815e+00 1.043575425911251919e+01
1.814127219600922203e+01 3.020661873289151256e+00 9.651692614536809600e+00
1.772538291492580242e+01 3.044646394611727480e+00 9.477446063247370489e+00
1.671065948710560534e+01 2.889709921120875880e+00 9.114671877251115717e+00
1.583626166078374808e+01 2.686663710200259292e+00 8.714494264155021597e+00
1.608204419392018281e+01 2.799188022259040398e+00 8.948254709335831336e+00
1.797221221725975937e+01 3.401919977308744958e+00 1.019576947666042344e+01
1.823986659883302153e+01 3.536632419680161288e+00 1.046950299848725052e+01
1.727152292537098432e+01 3.150695369903472098e+00 9.681061806656101609e+00
1.647833863096095541e+01 2.926983909018873398e+00 9.112573836622965828e+00
1.619371983503818058e+01 2.905743498775392730e+00 8.904515514695289014e+00
1.591688089792537042e+01 2.848346780002881218e+00 8.834716269269557998e+00
1.432180611583345353e+01 2.296407893315084436e+00 7.771779552658118817e+00
1.247343907578158806e+01 1.684769395620227650e+00 6.607954545454545858e+00
1.232906259004466243e+01 1.673950529462613357e+00 6.563687463982135206e+00
1.575146660243480845e+01 2.756630663809249260e+00 9.056504151058925700e+00
2.297796719672957622e+01 5.022101462325313292e+00 1.479479384274600129e+01
2.295237537818758256e+01 5.030477867022042915e+00 1.467661360034577100e+01
2.005363397745281517e+01 3.748921715170724589e+00 1.193276252521250491e+01
1.966171120875954514e+01 3.708640235556836195e+00 1.175233328230802421e+01
2.525192470465350780e+01 5.675683889209047983e+00 1.684277301541564498e+01
2.803480676415502160e+01 6.553237780939346280e+00 2.004537237970033203e+01
2.578260967439850049e+01 5.547239680881717483e+00 1.732613613852470991e+01
2.288397069946693563e+01 4.408324403904336108e+00 1.477567060762138063e+01
2.210761237573836624e+01 4.423256060005762436e+00 1.422760589252269092e+01
2.138781335542429218e+01 4.236482045094366988e+00 1.352660369543293406e+01
1.858108746938481559e+01 3.272112717908082224e+00 1.104529021394611732e+01
1.620012088495893821e+01 2.651098319766604039e+00 9.271968646448637941e+00
1.584596622424722590e+01 2.695374405705230014e+00 8.922060717115689599e+00
1.606297498559285231e+01 2.781437968232243207e+00 8.818034370047543646e+00
1.612665457066704988e+01 2.809620821927675927e+00 8.814869300172885502e+00
1.698134612267684673e+01 3.009261093502377360e+00 9.392259310618067403e+00
1.806137219060654076e+01 3.380410558637084062e+00 1.019044333489410725e+01
1.785442704581472384e+01 3.345341539403543951e+00 1.006638205049704737e+01
1.669682862699899317e+01 2.969233990059069406e+00 9.275814679080824021e+00
1.661539561122316755e+01 2.977852389785333731e+00 9.265225426811698028e+00
1.695318690570523046e+01 3.132479334750036148e+00 9.579913512102002926e+00
1.723106360754934485e+01 3.233385634274600129e+00 9.732390640757815348e+00
1.712983877503241459e+01 3.191660063391442037e+00 9.509106892018440504e+00
1.677392036450079260e+01 3.065505240599337267e+00 9.310188103299235962e+00
1.699740783928828591e+01 3.170362249675839017e+00 9.501010751332660931e+00
1.717964360322720196e+01 3.227601390289583705e+00 9.617252782380059983e+00
1.711265487681890107e+01 3.170428657614176693e+00 9.580507806872208931e+00
1.708955729541852619e+01 3.170238438265379433e+00 9.420767450655525010e+00
1.726776468628439787e+01 3.207887237069586561e+00 9.584891856360755469e+00
1.771758392162512763e+01 3.377481856000576155e+00 9.941943704077221611e+00
1.822732900518657218e+01 3.537760229073620533e+00 1.033814021754790424e+01
1.650740842457859259e+01 2.860175271934879859e+00 9.007236214162224641e+00
1.377198102758968368e+01 1.822120146592709933e+00 7.340131330139749721e+00
1.323851030110935056e+01 1.827651139965422944e+00 7.026080310834173837e+00
1.317348342277769824e+01 1.882714576429909137e+00 7.044170283460596593e+00
1.310878408190462530e+01 1.954966413341017173e+00 7.050957399870335429e+00
1.319874657830283837e+01 1.991164367526293111e+00 7.122877197089756862e+00
1.325069334389857367e+01 2.044218682466503179e+00 7.115432754646304758e+00
1.306360192155309008e+01 2.008167050857225355e+00 6.944717079671517190e+00
1.222816867166114463e+01 1.756924434519521627e+00 6.433220627431206040e+00
1.067641775320558928e+01 1.212055179368967117e+00 5.728737078590981469e+00
1.013091480874513728e+01 1.096558267900878736e+00 5.452590359818469956e+00
9.657501620803918385e+00 9.658618174614609364e-01 5.360583849589396266e+00
9.318012984440281699e+00 8.682522781299524262e-01 5.233061473490851156e+00
9.301172381501224606e+00 9.051705896124477846e-01 5.240582453897133064e+00
9.922107990563318936e+00 1.112239545814724062e+00 5.481477812995245280e+00
1.082800343970609447e+01 1.375316281875810454e+00 5.899978389281083757e+00
1.123273393603227177e+01 1.442022493156605689e+00 6.041111016063967831e+00
1.225817943199827198e+01 1.784400437617058133e+00 6.529989374729866292e+00
1.393107193668059374e+01 2.353044860250684156e+00 7.574776464126206754e+00
1.410703383878403727e+01 2.375683213874081545e+00 7.767473166690678887e+00
1.379699205806079831e+01 2.291682799668635528e+00 7.577164898789799707e+00
1.370661310510013031e+01 2.300760427171877343e+00 7.570586010661288334e+00
1.420170567101282266e+01 2.475232090116697758e+00 7.899055431494020674e+00
1.556894944892666821e+01 2.975987339720501446e+00 8.815515370623829838e+00
1.596590233755942911e+01 3.159921571099265414e+00 9.038803621596311899e+00
1.427777765271574673e+01 2.576623505258608393e+00 7.739720276257023635e+00
1.104863874981991145e+01 1.217323917663160948e+00 6.027330806079815417e+00
1.057758248091053233e+01 1.097489104595879450e+00 5.821472950583489236e+00
1.061337861079095291e+01 1.140588982135138929e+00 5.814216476372280340e+00
1.062602425803198436e+01 1.173791825745569728e+00 5.810815039259472847e+00
1.071776626206598415e+01 1.218612681890217653e+00 5.906040646160495733e+00
1.102489284685203863e+01 1.316656686716611402e+00 6.126188589540412011e+00
1.169086429368966940e+01 1.608168401527157565e+00 6.528014019953896963e+00
1.320027283532632190e+01 2.163722581400374434e+00 7.338793041348508517e+00
1.414481207679008712e+01 2.480832868102579081e+00 8.006043122388705413e+00
1.407978182178360527e+01 2.474369912476588329e+00 8.014894512678289118e+00
1.407775018909379128e+01 2.452180656605676301e+00 7.954716539403544395e+00
1.437417158910819737e+01 2.566099535369543272e+00 8.190907064904193291e+00
1.485668491571819594e+01 2.726759472698458531e+00 8.526680233395763864e+00
1.537882464702492413e+01 2.922494057052297922e+00 8.867149231018585098e+00
1.579356473310762077e+01 3.089756519233539667e+00 9.056490644359602271e+00
1.593654102434807740e+01 3.168019962901599040e+00 9.156219609926523617e+00
1.596413070883158092e+01 3.197488204149257829e+00 9.119456625486241919e+00
1.603274249027517584e+01 3.231315732603371238e+00 9.199161909307015605e+00
1.679914750216107322e+01 3.461631969456850477e+00 9.759973571891658040e+00
1.829400032416078403e+01 3.967993624837919509e+00 1.079185388452672534e+01
1.988072121272151094e+01 4.510216692479469991e+00 1.200363892990923453e+01
1.922389830355856333e+01 4.171323476444316114e+00 1.148430296427027741e+01
1.453428563067281409e+01 2.108974301253421668e+00 8.392276193992220357e+00
1.399160220969600843e+01 2.069658550641118033e+00 7.980441173822216072e+00
1.368944609026076975e+01 2.131869282163953105e+00 7.723792501080535722e+00
1.341524996398213432e+01 2.186378943956202470e+00 7.618632716827546503e+00
1.368562707102722875e+01 2.297942029246506479e+00 7.756271610718916243e+00
1.401520179008788425e+01 2.435573044229938144e+00 7.949831616481774610e+00
1.418567997226624477e+01 2.504290628151563336e+00 8.016008815372424934e+00
1.527306831688517441e+01 2.827541960812562927e+00 8.685065417447054514e+00
1.653251737861979365e+01 3.273825817605532151e+00 9.413656173462037202e+00
1.707844465855064087e+01 3.482783460596456049e+00 9.849024366085577853e+00
1.769694793617634332e+01 3.645563949719060837e+00 1.028782326033712735e+01
1.799685631573260380e+01 3.781602299740671302e+00 1.035665002341161234e+01
1.827387309105316149e+01 3.861421264947413778e+00 1.067787535117418152e+01
1.896805215386831733e+01 4.125718106180666034e+00 1.122229775968880539e+01
1.983961582444892713e+01 4.433913971329779713e+00 1.191709700511453640e+01
2.027648888848868935e+01 4.592807907722230354e+00 1.225801510048984255e+01
2.032683173353983719e+01 4.613764677279930559e+00 1.230151792789223464e+01
2.034941831148249491e+01 4.606197548984296120e+00 1.228947332877107002e+01
2.056485579347356207e+01 4.700514830355856155e+00 1.240319073260337213e+01
2.089856806476011997e+01 4.829386750828410513e+00 1.272386453681025742e+01
2.119856986565336499e+01 4.983373253133554392e+00 1.283016451159775251e+01
2.057227997586803170e+01 4.640531578663017243e+00 1.225540155417086829e+01
1.616942015739806848e+01 2.724985592854055394e+00 9.126348418815732444e+00
1.489298642126494698e+01 2.330627116049560410e+00 8.434856063607549359e+00
1.414041452060221893e+01 2.220047768693271806e+00 7.892066840152716090e+00
1.392481495821927595e+01 2.327958417375017852e+00 7.683561671589107966e+00
1.403899834317821593e+01 2.402866571819622710e+00 7.786382545742688066e+00
1.412131154552658074e+01 2.438240617346203898e+00 7.875963477885030706e+00
1.414559208867598272e+01 2.476049245425731016e+00 7.783659820270854013e+00
1.507066479974067086e+01 2.698198431421985344e+00 8.236860232675406124e+00
1.594986988546319040e+01 3.046540709191758900e+00 8.795586235772942629e+00
1.618757316128800028e+01 3.073943551001296459e+00 8.859811716611439181e+00
1.603913678684627442e+01 3.054006537242472064e+00 8.741030426091342065e+00
1.561791010841377236e+01 2.930577816597032204e+00 8.454089603443307510e+00
1.587684929224895569e+01 2.943370911972338355e+00 8.621158469600922913e+00
1.709236106108629727e+01 3.415285981846996055e+00 9.394473283748739689e+00
1.791483350741967939e+01 3.728853011093502534e+00 9.899557430485520726e+00
1.881356027589684388e+01 3.861934519521682763e+00 1.046403391081976686e+01
1.919282501620804027e+01 3.988422507563751829e+00 1.063401009400662645e+01
1.934461442875666393e+01 4.054363339216251028e+00 1.088900194496470242e+01
1.920732670904768824e+01 4.056159730226192472e+00 1.079226133662296583e+01
1.899240473274744190e+01 3.951709047687653076e+00 1.083157033388560642e+01
1.897212442371416330e+01 3.892654381573260380e+00 1.070534572648033489e+01
1.912684929224895569e+01 4.073330121740383447e+00 1.070563724607405298e+01
1.947828572972194294e+01 4.236649753277625940e+00 1.107438026761273520e+01
1.954758185059789710e+01 4.294125261129519977e+00 1.114744475759976972e+01
1.677140249063535649e+01 2.924452528454113409e+00 9.327087235268693988e+00
1.483449228317245350e+01 2.413004475219708844e+00 8.241641604235701024e+00
1.409904912836767110e+01 2.224784117922489646e+00 7.826171030831292619e+00
1.386041501584786140e+01 2.254649681241895909e+00 7.512781839792537220e+00
1.403664029858810025e+01 2.355756330139749277e+00 7.590587181241896353e+00
1.416722419319982684e+01 2.435315291384526848e+00 7.685567416438553678e+00
1.422459952636507730e+01 2.444335515415646309e+00 7.630279993876962763e+00
1.449070063751620729e+01 2.537389920400518584e+00 7.689331283316525045e+00
1.557452546463045628e+01 2.806066308889208827e+00 8.340982252197090219e+00
1.640334043185420043e+01 3.034950835614464992e+00 8.920604244705373276e+00
1.681687504502233210e+01 3.213037791744705274e+00 9.104295355496326181e+00
1.721694573008212004e+01 3.366260039979830143e+00 9.247978497334678138e+00
1.742049393999423756e+01 3.407726732459299690e+00 9.432726507347643619e+00
1.754057750144071548e+01 3.464186986745425578e+00 9.492975390793834123e+00
1.767418914781731587e+01 3.557048921264947428e+00 9.625338793041349206e+00
1.821011584245785997e+01 3.750816029750756453e+00 9.914476705445901317e+00
1.925442119291168552e+01 4.155176217403832695e+00 1.067466751008500303e+01
2.034932826682034346e+01 4.575702798588099363e+00 1.166452060221870113e+01
2.134452438409451247e+01 4.988399996398213077e+00 1.253103501836911171e+01
2.205728303738654361e+01 5.227827627503241814e+00 1.310605235196657503e+01
2.256361993048552250e+01 5.419960425370984325e+00 1.344088905597176264e+01
2.361029120443740226e+01 5.805062310906209611e+00 1.447019296571099289e+01
2.522711402355568211e+01 6.199387020962396910e+00 1.628843781515631761e+01
2.594724170688661502e+01 6.420690912692695207e+00 1.695619552297939947e+01
2.318934253889929309e+01 4.943094024636219608e+00 1.426131411179945196e+01
2.092141577222302118e+01 3.963721005618786819e+00 1.236750603299236495e+01
2.029323607009076369e+01 3.966513515703788961e+00 1.184063670580608019e+01
2.033788809249387697e+01 4.172222797507563641e+00 1.184836366337703417e+01
2.084456152751764790e+01 4.507263227560870611e+00 1.226826330860106573e+01
2.151538750720357385e+01 4.853379151058924812e+00 1.287383504718340355e+01
2.200531038395044092e+01 5.048926892738798244e+00 1.328678887228065086e+01
2.255310834173750223e+01 5.265080229793977828e+00 1.386614635859386269e+01
2.352065061770638366e+01 5.644244795418527971e+00 1.468010508212073262e+01
2.379277346563895534e+01 5.710820441939201686e+00 1.490198638524708308e+01
2.383962595447341926e+01 5.726515226552369775e+00 1.500694131789367525e+01
2.392517626242616302e+01 5.772396358593862686e+00 1.505710745029534614e+01
2.417571202816597165e+01 5.876795265451663752e+00 1.535009477200691563e+01
2.457536513110502696e+01 5.977704941651058590e+00 1.563463815552514014e+01
2.472011305107333357e+01 6.007262102002592918e+00 1.580602691434951801e+01
2.484790781227488665e+01 6.097071522475147276e+00 1.578198949178792709e+01
2.494881636291600557e+01 6.172992679368967117e+00 1.578500711352831054e+01
2.497590517396628584e+01 6.160151184987753936e+00 1.576885985448782534e+01
2.531520021430629441e+01 6.318086145728281089e+00 1.608646426127359064e+01
2.573566601534361098e+01 6.495519152499639404e+00 1.652357369255150488e+01
2.506091859062094684e+01 5.935200484440282587e+00 1.594179625594294691e+01
1.962160869291168552e+01 3.497338054675118713e+00 1.152888182538539041e+01
1.779286238474283266e+01 3.162990968520386303e+00 1.009295535585650505e+01
1.725259103515343639e+01 3.189996488258175944e+00 9.709684753637803922e+00
1.747456913629159914e+01 3.380401554170868739e+00 9.804238402247515083e+00
1.828779399582192866e+01 3.683411972338279661e+00 1.034196936680593559e+01
1.874281668707678961e+01 3.900747145584209985e+00 1.054505047003313578e+01
1.945431809177351923e+01 4.157093043149401979e+00 1.100064156821783534e+01
2.076380272114969117e+01 4.485537701700042845e+00 1.208988595843538327e+01
2.100975183691110715e+01 4.570997964990635154e+00 1.224050028814291835e+01
2.117971001116553964e+01 4.579798705157758221e+00 1.257661112411756221e+01
2.131664993336694991e+01 4.720245866950007141e+00 1.264577555467511871e+01
2.178360129124045486e+01 4.834430377467223927e+00 1.334891406137444214e+01
2.253663692191327073e+01 5.191902058420977184e+00 1.427894823332372809e+01
2.365349688445468956e+01 5.622088180737645935e+00 1.536189062274888428e+01
2.487219173209912171e+01 6.043793221437833374e+00 1.636697814616049484e+01
2.558376742364212575e+01 6.207197269845843302e+00 1.697429224895548217e+01
2.603732801469528724e+01 6.335958885607261060e+00 1.744351723454833447e+01
2.743034932826682137e+01 7.028350561878691671e+00 1.850436153832300690e+01
2.967456958651491306e+01 7.680302054819190261e+00 2.104603195685059802e+01
3.072068821135282946e+01 8.004904057412476348e+00 2.177154543653652041e+01
2.756825160279498732e+01 6.450497946981703201e+00 1.825231865005042664e+01
2.123004835398357670e+01 4.270048444028238244e+00 1.255230356756951515e+01
1.900924983791960798e+01 3.457514677279931004e+00 1.106274199502953515e+01
1.819536315012246064e+01 3.453929774167987521e+00 1.039304382473707022e+01
1.776584335830571959e+01 3.403584678000288299e+00 9.958657118930990038e+00
1.763332913124909851e+01 3.413471581904624852e+00 9.864543563607549359e+00
1.744588766027949944e+01 3.436494876458723535e+00 9.573487699899150272e+00
1.706593632941939376e+01 3.308522277049416704e+00 9.318866157614175805e+00
1.756492782920328466e+01 3.463899969384814703e+00 9.596670823728569388e+00
1.780756892918887857e+01 3.518171012822359778e+00 9.674180143351101435e+00
1.804720028634202578e+01 3.581693019737790085e+00 9.761354631897420475e+00
1.848992850453825199e+01 3.746445486961532900e+00 9.903216620443739515e+00
1.940177252917446893e+01 4.027612195649042270e+00 1.044150698746578243e+01
2.019889852867022029e+01 4.320760472194208113e+00 1.095947652535657646e+01
2.087670296967295869e+01 4.602142162512606660e+00 1.129770903868318754e+01
2.177129556259905030e+01 4.942819388416654469e+00 1.199416510589252205e+01
2.264952028706238352e+01 5.214359197161792636e+00 1.278711866085578386e+01
2.308780255006483273e+01 5.330411008860394872e+00 1.316708912620659788e+01
2.331466332300821165e+01 5.441080400878836265e+00 1.336042627143062944e+01
2.372313967727993145e+01 5.618350201700042845e+00 1.378540105892522760e+01
2.424985817965711021e+01 5.779666339504394124e+00 1.447068821135283123e+01
2.498538462577438324e+01 6.043956427387984220e+00 1.518076465927099861e+01
2.477899775788791104e+01 5.882131537242472064e+00 1.511146628727849084e+01
2.022480775464630298e+01 3.899848950079239263e+00 1.137051127359170088e+01
1.889402306043797708e+01 3.674240923498055089e+00 1.048021043437545075e+01
1.861618125090044629e+01 3.688327285333525385e+00 1.019178049812707165e+01
1.889208034685203685e+01 3.835589702492436359e+00 1.055565322900158520e+01
1.971900325061230319e+01 4.204791951808096506e+00 1.116416042357008997e+01
2.048965161720213146e+01 4.568049002305142992e+00 1.179451132761849941e+01
2.118190935203861258e+01 4.854646529678720235e+00 1.241035603659415010e+01
2.241721181205878111e+01 5.385801982783460673e+00 1.349745173606108573e+01
2.313100372784901282e+01 5.544708300316957050e+00 1.400343970609422328e+01
2.228763866877971367e+01 5.010727695937184478e+00 1.313337077690534471e+01
2.064659946333381413e+01 4.206967655957354779e+00 1.170321954689526045e+01
2.005181057304422865e+01 4.069140793833741832e+00 1.128323773591701418e+01
1.992964022655236889e+01 4.140440408442587206e+00 1.119399672237429755e+01
2.059249050028814310e+01 4.438218106180666034e+00 1.163494655849301296e+01
2.162561005258608304e+01 4.866433375954473561e+00 1.266634963441867079e+01
2.273944338892090400e+01 5.348125045022331214e+00 1.363255137047975829e+01
